200 200
101 (45.5,-73.5)
1 (45.32132544034654,-73.71690561216823)
1 (45.3809333718787,-73.25426635216367)
1 (45.603339821997665,-73.43933457366002)
1 (45.275288388117346,-73.25763037246485)
1 (45.67011326267223,-73.43241631175492)
1 (45.260350795690805,-73.39019388890506)
1 (45.27414228448623,-73.4756334831563)
1 (45.43336636614118,-73.56002727588512)
1 (45.62477163531083,-73.65761352817682)
1 (45.515910118720704,-73.35041311784539)
1 (45.657764955608684,-73.62640135614636)
1 (45.47079502004729,-73.61445239726488)
1 (45.50367512790541,-73.53877111357842)
1 (45.680092585556864,-73.70638502600242)
1 (45.612182827160844,-73.35431354110837)
1 (45.29597505403064,-73.64355506634865)
1 (45.708810058843966,-73.35001624142944)
1 (45.47813935487276,-73.52761825698245)
1 (45.37027890513084,-73.44540936034042)
1 (45.4742492296968,-73.32263330062098)
1 (45.50527397796293,-73.62707986651827)
1 (45.383132323647935,-73.5910954690109)
1 (45.41848002935955,-73.44446299807917)
1 (45.46439495277859,-73.52676469293309)
1 (45.41750499391647,-73.7162998159637)
1 (45.52266810487344,-73.59530795649138)
1 (45.59466156574784,-73.73900554565661)
1 (45.699873982777575,-73.30031885468269)
1 (45.4785688739167,-73.42442348644998)
1 (45.45470300681869,-73.53319518386942)
1 (45.704149082186206,-73.41504509228604)
1 (45.59491735668279,-73.64064834923867)
1 (45.693832143435806,-73.32975700181731)
1 (45.45514740024123,-73.25328630339682)
1 (45.57764489772777,-73.38253156939237)
1 (45.68052366448484,-73.5627549515827)
1 (45.705349355719044,-73.69020756406866)
1 (45.5847874072982,-73.61334042850754)
1 (45.61990799988527,-73.64361348667266)
1 (45.70044873411017,-73.28672819493644)
1 (45.268292486753516,-73.25876616112441)
1 (45.42811213835344,-73.50578251460907)
1 (45.52301511898996,-73.45173313741662)
1 (45.622264889570886,-73.26475285035666)
1 (45.27575086768547,-73.69197716694521)
1 (45.52162457062649,-73.40923187604504)
1 (45.443031286855096,-73.48460747460285)
1 (45.64356798524108,-73.63948257946365)
1 (45.69322934583541,-73.61194200853032)
1 (45.61421416449239,-73.49542000849394)
1 (45.563917985331685,-73.52914120922375)
1 (45.39841020496629,-73.600576223746)
1 (45.389173350799545,-73.25740355834657)
1 (45.527169411961154,-73.69579472693313)
1 (45.597506843195234,-73.55131923177196)
1 (45.69403684009321,-73.48119400413492)
1 (45.47284845620375,-73.5344582441559)
1 (45.50640838706903,-73.50710746352169)
1 (45.39336726634809,-73.39912514303438)
1 (45.733005128258334,-73.31125015017017)
1 (45.37590294596071,-73.65244273968761)
1 (45.58450542938034,-73.69028058279449)
1 (45.457395903896796,-73.26153279023596)
1 (45.400763318593846,-73.41921907226369)
1 (45.53894130714721,-73.40554205303458)
1 (45.59509210111256,-73.39185162930137)
1 (45.30295622705545,-73.38161763565716)
1 (45.32376811597013,-73.54929192048299)
1 (45.689436826801334,-73.53566593209894)
1 (45.60721053790757,-73.59229130175407)
1 (45.68339620166575,-73.39683496925151)
1 (45.528218412888016,-73.33568022985328)
1 (45.322311486702866,-73.48714049709889)
1 (45.67219734493755,-73.6604921097929)
1 (45.37977234991116,-73.55451158749628)
1 (45.654483830443986,-73.35086378244776)
1 (45.6195111285455,-73.73876185927446)
1 (45.40067606523638,-73.66872461546895)
1 (45.342608155938684,-73.42559816234385)
1 (45.307305772090416,-73.31957939744075)
1 (45.66990420649891,-73.27375877363966)
1 (45.51223648742875,-73.49735795105882)
1 (45.61151510724061,-73.61472882192442)
1 (45.74684941848185,-73.46534750744719)
1 (45.47583205859108,-73.6232109768855)
1 (45.62537882347331,-73.63364175000046)
1 (45.56150427808084,-73.33963503648216)
1 (45.25068463162501,-73.33133354152201)
1 (45.35763896547994,-73.29347034396301)
1 (45.680300855953995,-73.44384614903959)
1 (45.64981689210437,-73.62796068509813)
1 (45.60177395447963,-73.29234084275792)
1 (45.492510080781905,-73.26313150327475)
1 (45.51210632767961,-73.57305682328669)
1 (45.46210160277671,-73.25452501297723)
1 (45.28254578971185,-73.3497320477227)
1 (45.44894529663531,-73.61009893597057)
1 (45.71701249803732,-73.50192198422032)
1 (45.48176705172625,-73.41708052994093)