1100 1100
101 (45.5,-73.5)
1 (45.563244305847924,-73.30276588968532)
1 (45.72806895385442,-73.2904827674807)
1 (45.304537244190186,-73.63861489756022)
1 (45.49468329900554,-73.43842624520069)
1 (45.7414353609405,-73.60471360512234)
1 (45.56344089846186,-73.51721242845005)
1 (45.438077260470685,-73.70051858971338)
1 (45.461257118329634,-73.54899670107913)
1 (45.28998358846819,-73.47696871642735)
1 (45.63487274993386,-73.6088648870524)
1 (45.42490480404311,-73.43332808180595)
1 (45.458164563305736,-73.4985353203944)
1 (45.380776729759184,-73.42196686383306)
1 (45.58493049250496,-73.72993201676876)
1 (45.47693672858649,-73.51345737946947)
1 (45.56159361078468,-73.3254496528943)
1 (45.70149180319522,-73.31684319989303)
1 (45.403819511665795,-73.28889925362965)
1 (45.73509312962763,-73.27679452579126)
1 (45.27121762197111,-73.6826658687718)
1 (45.41935977006813,-73.48059352321997)
1 (45.445097887742826,-73.56252799976077)
1 (45.556807736993775,-73.50349886038495)
1 (45.52567973179289,-73.57188134477543)
1 (45.39837868188826,-73.30101920761938)
1 (45.61720135960788,-73.28177732165466)
1 (45.53452587434014,-73.62098052723229)
1 (45.26205294303363,-73.38222987618589)
1 (45.65630346409256,-73.35700313651597)
1 (45.518358153046655,-73.58366204270423)
1 (45.294018070850996,-73.69810929497625)
1 (45.34935428832648,-73.57515670639557)
1 (45.67274039610538,-73.34666311310053)
1 (45.40747193723298,-73.60834391788994)
1 (45.74633745677896,-73.47869952051501)
1 (45.351191022639085,-73.7323001541836)
1 (45.284674513480226,-73.5069300343264)
1 (45.5285508095401,-73.39575287467238)
1 (45.59224914340535,-73.5773180699826)
1 (45.697617034259444,-73.55817664671818)
1 (45.53075790639379,-73.58509733271042)
1 (45.43126062801515,-73.61103513091656)
1 (45.502959581250344,-73.33546210619653)
1 (45.47127754494579,-73.3044661581711)
1 (45.43068720355059,-73.29788881388006)
1 (45.55518069978141,-73.50312511802032)
1 (45.52597413809414,-73.71115366469179)
1 (45.63792032822854,-73.45769483589928)
1 (45.31099826419814,-73.58859168066925)
1 (45.47033999940825,-73.37573805360088)
1 (45.38991093906655,-73.44999784919042)
1 (45.676351468098616,-73.40711169859395)
1 (45.41360626672822,-73.36780159975798)
1 (45.29161199629387,-73.72507998387853)
1 (45.50709918428919,-73.66075144569153)
1 (45.68791384609202,-73.68455635599054)
1 (45.648419205388336,-73.29832667243905)
1 (45.409546320980084,-73.57357238225501)
1 (45.597789967701345,-73.2934490430759)
1 (45.69056642743376,-73.74311451905582)
1 (45.47635306926053,-73.55979728844147)
1 (45.3052152339603,-73.40388780757644)
1 (45.484807779025886,-73.3931332768707)
1 (45.42764250817379,-73.61635823161906)
1 (45.534076741108755,-73.4035285940088)
1 (45.341653205130946,-73.47259392091958)
1 (45.73247081308933,-73.37723628779425)
1 (45.64636509456121,-73.67496775255107)
1 (45.736814730064424,-73.6831825866895)
1 (45.54946755627169,-73.65770245007283)
1 (45.428608227474115,-73.45965911975904)
1 (45.42619742385234,-73.57253181456693)
1 (45.720535950839995,-73.4217765568616)
1 (45.54919843372653,-73.36941997959332)
1 (45.533502372134414,-73.71959599621657)
1 (45.26210680897455,-73.34732328933926)
1 (45.609856510703324,-73.35058496668015)
1 (45.378006082297475,-73.42839766597598)
1 (45.34458429214096,-73.68815040441321)
1 (45.73282004348461,-73.52184704832754)
1 (45.72298486963959,-73.73048136353488)
1 (45.613263803007,-73.69077652857334)
1 (45.250710441504594,-73.7007896991974)
1 (45.709148232593506,-73.41695692607605)
1 (45.450037226900015,-73.64126748948719)
1 (45.31063433849819,-73.57432524816383)
1 (45.574848883167014,-73.63868532358615)
1 (45.68245944688392,-73.2723386387156)
1 (45.666051503089484,-73.2995362471039)
1 (45.39920822146569,-73.51496741810537)
1 (45.4290030211417,-73.55698530930188)
1 (45.418377157624704,-73.64015553089408)
1 (45.66502784922351,-73.34061550061735)
1 (45.30128187831516,-73.25799504958682)
1 (45.630200964805034,-73.57306603900376)
1 (45.2657826454176,-73.39365405975053)
1 (45.726323951323636,-73.37513954791834)
1 (45.669353833454586,-73.26326527963917)
1 (45.351378753859706,-73.26281019046961)
1 (45.57619945656441,-73.56752590778395)
1 (45.5497331849164,-73.50579517898137)
1 (45.25791699640483,-73.37867697538594)
1 (45.30598549554164,-73.68795762466034)
1 (45.31363812496698,-73.62182346559361)
1 (45.42057371291634,-73.36478915995383)
1 (45.572625284000665,-73.31122445514077)
1 (45.39013848985573,-73.55257616400017)
1 (45.55997914826652,-73.59622572907911)
1 (45.59111674889612,-73.60758401007996)
1 (45.56441257104544,-73.29992474788526)
1 (45.33115659185189,-73.36169910103538)
1 (45.74597248446339,-73.4964514228572)
1 (45.48968204569674,-73.67344898147188)
1 (45.26114216581127,-73.26991571231811)
1 (45.51629988300147,-73.33017635027764)
1 (45.56293158380089,-73.62961616724102)
1 (45.49372869354509,-73.49837309772236)
1 (45.35436500863897,-73.62202156739379)
1 (45.30054370324522,-73.66478611692203)
1 (45.63520015882428,-73.48033063837474)
1 (45.62826948507228,-73.74088710549248)
1 (45.3837645180833,-73.68708286869426)
1 (45.717215290861304,-73.71765387976168)
1 (45.658469763277964,-73.59433653514348)
1 (45.675936853168885,-73.45634132545389)
1 (45.286866405792395,-73.74934772469597)
1 (45.640321033296004,-73.38402567747355)
1 (45.33402631942188,-73.31147737323245)
1 (45.3100285012347,-73.53018600712446)
1 (45.70659151495207,-73.4182212611986)
1 (45.57239260963315,-73.49244249187153)
1 (45.55400375011212,-73.5648007150641)
1 (45.486861011156066,-73.55580146827498)
1 (45.57422971663664,-73.50266997524085)
1 (45.356679964514825,-73.31036264652124)
1 (45.41772282169893,-73.3375889640204)
1 (45.45875927662209,-73.71742449306028)
1 (45.61041320574403,-73.41757813950676)
1 (45.737519383013776,-73.66327905529067)
1 (45.28419326840533,-73.74511548441639)
1 (45.3940101998497,-73.61371813171723)
1 (45.51166707812022,-73.52635287992112)
1 (45.31770471430327,-73.54037819825284)
1 (45.69085741972393,-73.58292296329012)
1 (45.71510853285653,-73.33253164792856)
1 (45.71511545977016,-73.69907491234915)
1 (45.58668992049271,-73.43478784205406)
1 (45.593653375417716,-73.55842077175005)
1 (45.39162312626292,-73.4623975518043)
1 (45.258921334255675,-73.74049192990257)
1 (45.31845105435406,-73.5414600655141)
1 (45.50847593848666,-73.2975984021327)
1 (45.549011634399996,-73.60131254281106)
1 (45.381038007626884,-73.71715122816124)
1 (45.2628356746693,-73.31073683481462)
1 (45.259113287356186,-73.59365168283185)
1 (45.379711831671884,-73.29834928942473)
1 (45.62385060658196,-73.58796869019751)
1 (45.67922815682658,-73.73064470766853)
1 (45.661737690781266,-73.73931874646938)
1 (45.46783768208112,-73.7386458810128)
1 (45.337285538025974,-73.41753098320822)
1 (45.38635857584443,-73.58596575809)
1 (45.60102827279943,-73.65972252404995)
1 (45.263808290788276,-73.35731982284264)
1 (45.597966018876164,-73.32642764533212)
1 (45.627083638078204,-73.31713138683907)
1 (45.57800397103899,-73.43751681154961)
1 (45.5702377715816,-73.44285351030467)
1 (45.68699204014351,-73.7079102013044)
1 (45.67196763308593,-73.47698611288628)
1 (45.434644796298436,-73.69713257354725)
1 (45.52541431186443,-73.66549796011458)
1 (45.393922520235236,-73.6151750190544)
1 (45.71049157270878,-73.65846804449852)
1 (45.585379659638065,-73.68992154152508)
1 (45.69569641315686,-73.34124179791337)
1 (45.53953817914625,-73.59856676650104)
1 (45.70371858942613,-73.64125297255488)
1 (45.710518625305255,-73.29699383477683)
1 (45.51315449558725,-73.61689220924886)
1 (45.73496287730824,-73.6469994973017)
1 (45.497243809469104,-73.38040907154094)
1 (45.49170800847133,-73.54154662802209)
1 (45.419786026909215,-73.63681490178631)
1 (45.51972185018168,-73.26289204227017)
1 (45.618256731774515,-73.33510876712526)
1 (45.59448619472795,-73.57748061229226)
1 (45.70463224903561,-73.62687989376523)
1 (45.64631475744799,-73.57491474639482)
1 (45.30554429473542,-73.51044505006492)
1 (45.7280184997381,-73.49610110554826)
1 (45.64512460674598,-73.70615988225192)
1 (45.403881817699634,-73.26784434365695)
1 (45.44626278476478,-73.46039881396956)
1 (45.73708902422068,-73.66770094330028)
1 (45.68898905959224,-73.61192830795343)
1 (45.49854098101319,-73.4838238419424)
1 (45.71830657863862,-73.37500419492292)
1 (45.30642782638911,-73.70982164433686)
1 (45.53803644498902,-73.3985037248562)
1 (45.632974503435214,-73.72432432573012)
1 (45.36210200402042,-73.74975885184428)
1 (45.48245129624242,-73.54899000045974)
1 (45.62016680156736,-73.54548760263094)
1 (45.55284279753486,-73.65710556002696)
1 (45.630654388364135,-73.51032585638943)
1 (45.34249407245564,-73.41772690198167)
1 (45.560916092724256,-73.28594221104518)
1 (45.452603889525626,-73.60747221755048)
1 (45.591676323552534,-73.34057436596737)
1 (45.26661052410379,-73.50362520888199)
1 (45.39087316866629,-73.34005562119259)
1 (45.258316427890634,-73.38812261635437)
1 (45.58062542135939,-73.33700570769378)
1 (45.39202391072352,-73.3422936395648)
1 (45.35029529884636,-73.61484066277073)
1 (45.430004570288354,-73.49688693518472)
1 (45.72847962061964,-73.48761181961481)
1 (45.455301388233046,-73.42096342378457)
1 (45.277250265828755,-73.30541460026987)
1 (45.55116262289288,-73.58665163357422)
1 (45.61307814610738,-73.34821301602386)
1 (45.352332992840786,-73.33455476246453)
1 (45.690613207195184,-73.70840661689883)
1 (45.59797787442966,-73.48676707748994)
1 (45.70785622098425,-73.66432175870904)
1 (45.371192654979566,-73.71099982234618)
1 (45.30424633436272,-73.4330397387257)
1 (45.405849383576594,-73.43023514597078)
1 (45.426801830258256,-73.56157959839443)
1 (45.677959461078274,-73.49761920016189)
1 (45.333689606893024,-73.57043429158449)
1 (45.47578118061804,-73.51597378604257)
1 (45.68946236516936,-73.30281377822324)
1 (45.26057724128486,-73.57534875935757)
1 (45.58169055449348,-73.25667962380832)
1 (45.3882278022091,-73.31045534722608)
1 (45.55482962103068,-73.48476078648025)
1 (45.660830585468716,-73.54261366602391)
1 (45.413901314113915,-73.44022098989997)
1 (45.7169703109385,-73.36801551018951)
1 (45.597930930012765,-73.42250336902819)
1 (45.44951544384735,-73.38564650098633)
1 (45.36107100355907,-73.5391085777947)
1 (45.46060105009849,-73.32412981594865)
1 (45.32795481571819,-73.34466817317161)
1 (45.5248824704447,-73.62704636039352)
1 (45.70906168155948,-73.54865534758366)
1 (45.63419505810713,-73.59095456918863)
1 (45.57173919317766,-73.39743066380785)
1 (45.43943117259373,-73.41937577332611)
1 (45.56301575867618,-73.53505083199073)
1 (45.28874645632151,-73.55942902152756)
1 (45.37145018446531,-73.33037431594065)
1 (45.585132983712604,-73.42559241209531)
1 (45.49700328407031,-73.32547747333868)
1 (45.35094784272063,-73.58723570887847)
1 (45.570279785905925,-73.61225100381282)
1 (45.6921614753039,-73.70311224866438)
1 (45.52547705819483,-73.58027661377032)
1 (45.30089075560194,-73.42691580775208)
1 (45.38499046824761,-73.59968925173216)
1 (45.72120772482319,-73.68330134520424)
1 (45.257863642536925,-73.30771091835106)
1 (45.330265519167256,-73.62343642563472)
1 (45.38913474833227,-73.25689746428725)
1 (45.354459044190776,-73.71319286888622)
1 (45.72261865977756,-73.25687006097145)
1 (45.74863838985548,-73.28550663440475)
1 (45.455778011077776,-73.29940888670905)
1 (45.41531914892282,-73.50122633638416)
1 (45.472074131396845,-73.49926662776463)
1 (45.5303842445175,-73.5099392028998)
1 (45.333552631480075,-73.50991515603006)
1 (45.671947916776155,-73.68380604699222)
1 (45.70440630942145,-73.38466907913323)
1 (45.519852986335714,-73.61335481152136)
1 (45.65487146310762,-73.34923535398428)
1 (45.60469883450957,-73.6044753335767)
1 (45.26405197658536,-73.43171863196844)
1 (45.43734755568082,-73.70052567891187)
1 (45.300128902983765,-73.36046747072852)
1 (45.34253229283179,-73.27250378025796)
1 (45.50690128789547,-73.58887699628771)
1 (45.45349199375475,-73.47365552887722)
1 (45.6667176626595,-73.73936909719599)
1 (45.598482854215845,-73.34268409191975)
1 (45.64159543707232,-73.67625171984092)
1 (45.72456747228922,-73.5618925854459)
1 (45.516689272832956,-73.31901419928363)
1 (45.559258508363776,-73.33313558190324)
1 (45.283257120274634,-73.69384616804328)
1 (45.40639437579568,-73.52537275893101)
1 (45.70188659660429,-73.59177296677248)
1 (45.30905027469472,-73.67291108591745)
1 (45.5809820321492,-73.55678092631251)
1 (45.28933881529746,-73.56308961030362)
1 (45.69037630049144,-73.2666614746986)
1 (45.49263001390332,-73.54620431695213)
1 (45.40541942994469,-73.69303342492621)
1 (45.32202141044549,-73.32888812635832)
1 (45.44300956202048,-73.73510810909568)
1 (45.54781477443399,-73.37495427923511)
1 (45.70776995975276,-73.31424290502723)
1 (45.41630663326648,-73.63487918727769)
1 (45.313939048697826,-73.69318364011323)
1 (45.46237565885246,-73.65664394600971)
1 (45.286528851395545,-73.54512732100234)
1 (45.55115075533619,-73.69657151693232)
1 (45.27392033169407,-73.54334174914518)
1 (45.63546942047621,-73.749089748394)
1 (45.3233025754401,-73.47205922708156)
1 (45.31788667300012,-73.44901808320498)
1 (45.380225862178825,-73.57371697865423)
1 (45.548670920531556,-73.56901906147102)
1 (45.67402714708985,-73.54634744082357)
1 (45.674523469894844,-73.33827368279636)
1 (45.54199958050421,-73.2880268703488)
1 (45.576684503461905,-73.54623223859682)
1 (45.526916107103865,-73.65277145310364)
1 (45.3016390994261,-73.36746086033982)
1 (45.2548803495063,-73.6341253013762)
1 (45.392812416929964,-73.55014639125136)
1 (45.66346641292265,-73.52891536609356)
1 (45.57744422899578,-73.55174063178728)
1 (45.6037223231002,-73.25425373575979)
1 (45.549258568831505,-73.38051752874945)
1 (45.6838503185801,-73.59584820591549)
1 (45.314595237478535,-73.31148530717988)
1 (45.45724034830603,-73.25503743427154)
1 (45.43734542376314,-73.28913810239928)
1 (45.68302136109629,-73.63569767085593)
1 (45.526334731840464,-73.70794996099663)
1 (45.40340853795842,-73.3702733213415)
1 (45.45772254360349,-73.37430673606416)
1 (45.4888625207549,-73.62666397928257)
1 (45.61453749616946,-73.30073963285326)
1 (45.59944016811603,-73.26455655592041)
1 (45.35564456347417,-73.56486702752746)
1 (45.69870482569686,-73.4210207552155)
1 (45.49724011607504,-73.28136902653644)
1 (45.335176929390535,-73.6007925607767)
1 (45.30139696990428,-73.28561242240839)
1 (45.37554445705803,-73.32664996214767)
1 (45.31823238171716,-73.41221160015586)
1 (45.733715846398844,-73.36964143420953)
1 (45.42094764010284,-73.27085374328043)
1 (45.39028632333418,-73.52765749896588)
1 (45.506288567135414,-73.67513497558677)
1 (45.63810173437061,-73.35394158434048)
1 (45.60690239367891,-73.36794666258676)
1 (45.521342558807,-73.65461662875443)
1 (45.57661670776464,-73.40911948920521)
1 (45.357913592796486,-73.47615952859232)
1 (45.56484257159325,-73.54757554181776)
1 (45.54791373217519,-73.68998584315703)
1 (45.69210405948998,-73.5911567264064)
1 (45.57457277907211,-73.65191268734145)
1 (45.67512286015351,-73.71259092181921)
1 (45.698281149443915,-73.26924826229867)
1 (45.62693681269857,-73.28972502209632)
1 (45.3292013359463,-73.64761196906609)
1 (45.375207438166726,-73.27219723198247)
1 (45.4394381750524,-73.3133192586244)
1 (45.400172166449984,-73.69513871376766)
1 (45.641858490816965,-73.31527126282433)
1 (45.392622549577354,-73.32328781319599)
1 (45.71938886216062,-73.30276933387654)
1 (45.471840981508834,-73.5060680362176)
1 (45.43598338403369,-73.45253037088821)
1 (45.28360369518841,-73.65572390053994)
1 (45.398441924108326,-73.37940902324873)
1 (45.51915903167984,-73.32652659725579)
1 (45.566872256591985,-73.4109386128523)
1 (45.357515504815666,-73.67335475373585)
1 (45.73082814052704,-73.33578275535562)
1 (45.43542502376027,-73.60262316327228)
1 (45.37801822515861,-73.45054562286685)
1 (45.69212246484629,-73.69757545839865)
1 (45.38296948716318,-73.42811847558433)
1 (45.31918351358325,-73.50337482439924)
1 (45.33414167737269,-73.71384656758867)
1 (45.56978854392531,-73.49521953022321)
1 (45.59972788545262,-73.32328001734533)
1 (45.3462308772911,-73.52487825695995)
1 (45.40473947124129,-73.56712840708276)
1 (45.289683977422825,-73.74758310964867)
1 (45.254961857179566,-73.36526901016302)
1 (45.54204234982818,-73.47213603745521)
1 (45.49698110195937,-73.43226409471698)
1 (45.43607721242733,-73.55237761463708)
1 (45.64771922240386,-73.72182318618897)
1 (45.5971984127269,-73.34783481891286)
1 (45.36177986723594,-73.60700175924063)
1 (45.30779015843405,-73.42540769498879)
1 (45.53039377953771,-73.34665807896866)
1 (45.493388524550035,-73.55237238718028)
1 (45.5218672279838,-73.44679561980277)
1 (45.33889495781518,-73.64377149366703)
1 (45.480174385152594,-73.56789880840695)
1 (45.33257035312836,-73.67443021054547)
1 (45.3956984885871,-73.65622538280329)
1 (45.465730283405065,-73.64737989091604)
1 (45.350114249462855,-73.48824900164257)
1 (45.38686273019947,-73.52638870515736)
1 (45.41601785576831,-73.31305137424683)
1 (45.52031535866097,-73.5905918148761)
1 (45.66114877193444,-73.25744362200764)
1 (45.51175026779464,-73.45388175139992)
1 (45.56691106359869,-73.62295183984281)
1 (45.3552398232164,-73.5107623131065)
1 (45.42139004961498,-73.65253262539755)
1 (45.690177979914274,-73.32378757565722)
1 (45.388173709355634,-73.27798957338938)
1 (45.530107494001136,-73.45550039048864)
1 (45.48402602873108,-73.27654224975487)
1 (45.60011378550869,-73.4699527524163)
1 (45.62082333503406,-73.66685469684002)
1 (45.51461233473504,-73.28543343830539)
1 (45.68015252528126,-73.56106095012468)
1 (45.723157307085444,-73.25094624370453)
1 (45.29258346254509,-73.5599303986882)
1 (45.488324456726886,-73.74427509978142)
1 (45.58786633476494,-73.63329665459997)
1 (45.63677280743232,-73.7491403462921)
1 (45.667167658387434,-73.26722850994804)
1 (45.442264601621005,-73.26299348256246)
1 (45.42394731777441,-73.48315250635143)
1 (45.257724615447195,-73.51541542267854)
1 (45.6061918171983,-73.64224194415833)
1 (45.412344977451916,-73.33987664909971)
1 (45.66945781942592,-73.74086756216917)
1 (45.42929298414674,-73.63878526021672)
1 (45.51754266173809,-73.67976062364323)
1 (45.29975474591271,-73.7132920979769)
1 (45.66558740248911,-73.25076974309597)
1 (45.369848661064715,-73.2952399902723)
1 (45.68903076419968,-73.330698011589)
1 (45.35836816258253,-73.41893726772946)
1 (45.54107106220118,-73.50168766031655)
1 (45.62536419234286,-73.30510340059658)
1 (45.43115603051729,-73.53197493550003)
1 (45.55425357488675,-73.69837792892972)
1 (45.45750912241707,-73.34956817602325)
1 (45.293440132691785,-73.60320151693128)
1 (45.577813919038086,-73.32450773591181)
1 (45.62736137266732,-73.6006711719876)
1 (45.28391673148755,-73.34284679553481)
1 (45.411424238404116,-73.40113935780356)
1 (45.51877043581428,-73.30734748925427)
1 (45.310469025356426,-73.49387010603513)
1 (45.436831407111,-73.33611746354102)
1 (45.52620187147671,-73.69598270500234)
1 (45.562734040043246,-73.55101719345659)
1 (45.285461274553946,-73.57820697261894)
1 (45.74730635111052,-73.45264894643165)
1 (45.58823559144142,-73.65464178996895)
1 (45.554852617397344,-73.4680939445836)
1 (45.582023724035245,-73.36775158467819)
1 (45.34111809141533,-73.33129437730801)
1 (45.43743222629104,-73.27825370506547)
1 (45.29746359889165,-73.51408272859967)
1 (45.74882786246207,-73.48234200687338)
1 (45.64351618337409,-73.46834111210745)
1 (45.27341534322062,-73.625860622493)
1 (45.447925476163526,-73.46662892733026)
1 (45.25228565278983,-73.46658433931502)
1 (45.744843397294005,-73.3398475665717)
1 (45.62778151115364,-73.25168029082194)
1 (45.69235854866833,-73.4061162931024)
1 (45.682951824226784,-73.72771841272406)
1 (45.48835429197127,-73.36501405210437)
1 (45.4809181975421,-73.38526620110555)
1 (45.61912345541381,-73.39569727879282)
1 (45.47465201191426,-73.55914640980991)
1 (45.266560478172266,-73.6461343361274)
1 (45.29096162808001,-73.25885387391229)
1 (45.34086516654989,-73.7338026305017)
1 (45.46641483175471,-73.59142115011757)
1 (45.63743059476555,-73.2956749636086)
1 (45.32747264925995,-73.36119028299404)
1 (45.538950931557046,-73.52717710350386)
1 (45.26228609143609,-73.3874909525466)
1 (45.496773133826,-73.5360291137988)
1 (45.32740872497155,-73.27214348159869)
1 (45.72913004188933,-73.70748822732176)
1 (45.46910309469416,-73.27399798788252)
1 (45.66813023799407,-73.63249191336648)
1 (45.615970244907366,-73.60738888462508)
1 (45.672243737177034,-73.48955481293412)
1 (45.517307392598056,-73.37542699456482)
1 (45.39651064738969,-73.59500399859523)
1 (45.459899123238266,-73.47746955947626)
1 (45.47881319852679,-73.64424234030594)
1 (45.394873927725,-73.69290118435046)
1 (45.35728988583597,-73.45921031116168)
1 (45.54580803296161,-73.74052701233687)
1 (45.58133387979295,-73.33407190807804)
1 (45.74943478717366,-73.44442219992156)
1 (45.41660574820853,-73.33238099093961)
1 (45.601118220856904,-73.70299961038873)
1 (45.3731043028974,-73.63458969361204)
1 (45.43867559596369,-73.25835114853619)
1 (45.50457732395182,-73.26474109330306)
1 (45.30018406591291,-73.29758531668044)
1 (45.43741730357593,-73.73954376541624)
1 (45.73408283755149,-73.68692738378121)
1 (45.58767565210568,-73.38175625141912)
1 (45.72318260555772,-73.64276579248342)
1 (45.41594205851918,-73.72291518497266)
1 (45.508120077130464,-73.3816220110974)
1 (45.35157403799289,-73.58792089551933)
1 (45.26034603981881,-73.26318856247644)
1 (45.69012483185782,-73.6058501841112)
1 (45.35991124406048,-73.64712306108203)
1 (45.330806309449905,-73.52759612356299)
1 (45.4791152999089,-73.62520430131669)
1 (45.67443667882741,-73.35154040338001)
1 (45.259509161436426,-73.46574898958922)
1 (45.34656101667457,-73.36344401782085)
1 (45.5967930974212,-73.51685596301616)
1 (45.64529619729964,-73.28609790677754)
1 (45.41582740090966,-73.4590877056786)
1 (45.73893972318794,-73.30800513298885)
1 (45.32627407496865,-73.67661671854923)
1 (45.65449546443265,-73.31847206632868)
1 (45.69831352038673,-73.6286576336955)
1 (45.50500761922655,-73.71896637131772)
1 (45.487430761298164,-73.45017350879203)
1 (45.700957245401554,-73.70745495363953)
1 (45.567442057017324,-73.59238801425838)
1 (45.578964377819666,-73.4436657282246)
1 (45.401732940538366,-73.62955317449406)
1 (45.459651615187504,-73.49882229838536)
1 (45.59410497174271,-73.4087150361187)
1 (45.61576361525306,-73.47338116485071)
1 (45.71267892627048,-73.50388796665729)
1 (45.49150018841964,-73.6306568185046)
1 (45.27297818231207,-73.4550909477894)
1 (45.26450885009663,-73.34295006495392)
1 (45.399616703983476,-73.5261173729463)
1 (45.483095990214785,-73.57990076971178)
1 (45.45994186241169,-73.7027027967865)
1 (45.54295430387113,-73.58626658847989)
1 (45.377533033996926,-73.37492299272428)
1 (45.69006707732774,-73.298184619685)
1 (45.388632886769216,-73.60419774793972)
1 (45.54943848596,-73.43320348723385)
1 (45.70038875780946,-73.56619358632788)
1 (45.38291217725021,-73.55997876532157)
1 (45.34620755063822,-73.68621194526631)
1 (45.373578805258845,-73.30850531129184)
1 (45.510578336626516,-73.64331690079095)
1 (45.719136309284906,-73.72111505313084)
1 (45.71339245551222,-73.31349968632462)
1 (45.69205525920181,-73.56820002978435)
1 (45.50209183894798,-73.35059537900351)
1 (45.59051457700176,-73.26072509938922)
1 (45.69890205082647,-73.46645973570598)
1 (45.66081142403101,-73.2840758047011)
1 (45.2899573426397,-73.56908244019773)
1 (45.61931231589496,-73.3546422260055)
1 (45.723300570759825,-73.7488558632312)
1 (45.340000703816166,-73.26176975136029)
1 (45.7035420689522,-73.66913634561504)
1 (45.60228960310847,-73.60331386343532)
1 (45.53238680001571,-73.71752823606955)
1 (45.51300618502488,-73.35301572593947)
1 (45.64629029959226,-73.30898843037826)
1 (45.326318361477554,-73.41227139678047)
1 (45.74517961258534,-73.50089273172037)
1 (45.38586199827158,-73.49759786567807)
1 (45.289476040408104,-73.58362265209304)
1 (45.30444010573212,-73.39820415367453)
1 (45.66658248267896,-73.54802490165794)
1 (45.27840447071557,-73.305556888621)
1 (45.49254889630115,-73.30326323347728)
1 (45.60619248487838,-73.56868460322333)
1 (45.319805086917,-73.72512559670028)
1 (45.54348116072602,-73.36519585243626)
1 (45.467650968188124,-73.555767442675)
1 (45.58103280644026,-73.39859153538207)
1 (45.27862007403218,-73.35116497272692)
1 (45.57554579378866,-73.33743241270392)
1 (45.33088303173541,-73.58222012091515)
1 (45.39868650658742,-73.30127808514628)
1 (45.50453322175744,-73.63950192878409)
1 (45.39496740361368,-73.27204440314365)
1 (45.30789812533934,-73.3700271613595)
1 (45.455248926919786,-73.36753151622536)
1 (45.518944964018374,-73.38727569992797)
1 (45.41938166389187,-73.45635552113316)
1 (45.48640069159018,-73.74280449292073)
1 (45.318868231550404,-73.62037166955359)
1 (45.365381616138436,-73.6293665637123)
1 (45.65841256937225,-73.48190821293112)
1 (45.63312925440706,-73.60135972446592)
1 (45.513837918388795,-73.40873481621894)
1 (45.44187418804355,-73.3487225279568)
1 (45.69309264169803,-73.58967032961519)
1 (45.71790102567632,-73.34506305161554)
1 (45.56692673218946,-73.43808999525324)
1 (45.408563087097065,-73.70984882831809)
1 (45.426309710640645,-73.72932271892944)
1 (45.412296196337664,-73.37790458527824)
1 (45.36477433268501,-73.31103450508328)
1 (45.500606797992255,-73.65725713682693)
1 (45.71560844989417,-73.64317446933784)
1 (45.45556048083914,-73.47853473765932)
1 (45.49618077496293,-73.32591559555921)
1 (45.70147257683771,-73.59567144029855)
1 (45.624674788850164,-73.66025263247681)
1 (45.405303569322754,-73.68858465724507)
1 (45.37811782385472,-73.65652507033747)
1 (45.35668740705016,-73.74378728488905)
1 (45.6548312565808,-73.26111357616273)
1 (45.41557208253852,-73.74856362044689)
1 (45.589290401640156,-73.4109138800627)
1 (45.43312725046496,-73.62838140903463)
1 (45.44287150983552,-73.3489223955408)
1 (45.30987466522247,-73.48563011436258)
1 (45.460076194560784,-73.442373330444)
1 (45.25392277049809,-73.56056862123394)
1 (45.53656205285016,-73.53734773197199)
1 (45.34173784646399,-73.43253364127327)
1 (45.59267153490618,-73.66063001919746)
1 (45.664059639001145,-73.31100270276652)
1 (45.48413930019108,-73.64081849802494)
1 (45.66037035867725,-73.33202405011366)
1 (45.61027169965103,-73.46630121163226)
1 (45.706751547763716,-73.57581833709403)
1 (45.599130180422954,-73.42768963837706)
1 (45.624014331360726,-73.55602522064328)
1 (45.55911381318717,-73.30665761611526)
1 (45.51566402512881,-73.70011083486125)
1 (45.386824331239985,-73.57186365968538)
1 (45.72856127850223,-73.34387008064515)
1 (45.51221037219391,-73.72574039212587)
1 (45.253067212203334,-73.50075064506767)
1 (45.74372598326636,-73.61341482453804)
1 (45.544011239934,-73.63889374090108)
1 (45.54860154666334,-73.65687932605913)
1 (45.5489957848109,-73.40532934309566)
1 (45.666313780606,-73.61376295488833)
1 (45.67635293961601,-73.67768171709442)
1 (45.406954517267685,-73.58065889200496)
1 (45.52149398567923,-73.49903422400175)
1 (45.330436549665876,-73.5659436171477)
1 (45.397443265272685,-73.36126995260875)
1 (45.737337708787535,-73.54637935245346)
1 (45.583024038691114,-73.44624812097638)
1 (45.527673133947694,-73.4955216678673)
1 (45.710464159603866,-73.31259373430805)
1 (45.49999833252492,-73.43005943361491)
1 (45.363116017724565,-73.62867147679597)
1 (45.56998460063021,-73.56269499551436)
1 (45.74353497045015,-73.3994821742886)
1 (45.68497113839818,-73.67702777873338)
1 (45.70233728172366,-73.71676359737165)
1 (45.398986642338976,-73.35113519512919)
1 (45.48905849541987,-73.37749527890755)
1 (45.651346622004695,-73.65214976996177)
1 (45.2976596267568,-73.26629967935963)
1 (45.261170565607515,-73.40411240252435)
1 (45.53137880188537,-73.6819003935626)
1 (45.510026807140314,-73.59573680669327)
1 (45.70430224062686,-73.30684087248827)
1 (45.435400886867136,-73.44345068581065)
1 (45.53032885296484,-73.27308495884591)
1 (45.59879665162136,-73.55818479855515)
1 (45.52412867411993,-73.26391395739113)
1 (45.62401763317134,-73.58186135129654)
1 (45.35324626999196,-73.31470233301901)
1 (45.7235393049315,-73.56138882312386)
1 (45.73567578407189,-73.4316976351052)
1 (45.743871513778465,-73.71420063232597)
1 (45.37303516895722,-73.33884779152066)
1 (45.464423194758524,-73.60998066558969)
1 (45.745893044878734,-73.58801227351945)
1 (45.478620093326064,-73.64819894301293)
1 (45.5748522412357,-73.42756124611277)
1 (45.470889323680645,-73.55043642512268)
1 (45.368669986189616,-73.71841002125113)
1 (45.578613047039035,-73.4102083256249)
1 (45.73899531038324,-73.31495395456376)
1 (45.2942665630773,-73.65110063322224)
1 (45.560230298694755,-73.69116212305899)
1 (45.51969468458433,-73.53651521769423)
1 (45.59257232297407,-73.68925568524357)
1 (45.431843366502264,-73.65117423644006)
1 (45.36647032476897,-73.59994031374335)
1 (45.25725182673952,-73.53576513408221)
1 (45.44752901643776,-73.34907952929834)
1 (45.381223872133404,-73.40171286268172)
1 (45.66232042000369,-73.36598921032392)
1 (45.43683513580643,-73.58304643850322)
1 (45.46761338205612,-73.74320111162649)
1 (45.62879652968942,-73.59668263779508)
1 (45.38820700297101,-73.56658653101641)
1 (45.547682121772816,-73.38117975875595)
1 (45.33185497608798,-73.29814900216887)
1 (45.62114342631892,-73.46712010948636)
1 (45.61369367121928,-73.33158799001829)
1 (45.63046980221871,-73.49976023134477)
1 (45.68713726051249,-73.31290339538394)
1 (45.39321842077518,-73.68644338508463)
1 (45.383379353580544,-73.52485387171347)
1 (45.275625308750996,-73.37749923032096)
1 (45.40744108968882,-73.57499970668422)
1 (45.6521221821507,-73.60996123018549)
1 (45.425131619744455,-73.30235401037172)
1 (45.27352241423745,-73.54841256858677)
1 (45.302337490895205,-73.72733416488067)
1 (45.74030225366089,-73.34662705960596)
1 (45.425733441279206,-73.51374810072136)
1 (45.40289220284334,-73.52740193452517)
1 (45.5423077842648,-73.28996814254333)
1 (45.52700635323514,-73.5360846310111)
1 (45.704021260558385,-73.289238255461)
1 (45.46877598752703,-73.66577665278126)
1 (45.693469260861754,-73.61622809098363)
1 (45.40181693827191,-73.57905244342527)
1 (45.7365927474561,-73.52849067175886)
1 (45.32634852935952,-73.66226234951893)
1 (45.379284483041346,-73.4373981384161)
1 (45.669095153184315,-73.44409352805377)
1 (45.616162245555515,-73.38342322967301)
1 (45.251939838413044,-73.2900436892098)
1 (45.71183237740899,-73.52530193860842)
1 (45.26716243668708,-73.54881771930928)
1 (45.64764196363294,-73.70165590316786)
1 (45.6475834801986,-73.27538780425634)
1 (45.26021919569771,-73.37707091425885)
1 (45.36104767275793,-73.58856309719448)
1 (45.41202726806521,-73.27242101155103)
1 (45.690419723276705,-73.63839550627497)
1 (45.44870750270297,-73.70139559789425)
1 (45.48262821065331,-73.56060359580273)
1 (45.253163912130226,-73.59172989025734)
1 (45.66328143339494,-73.68142701582505)
1 (45.402141292671665,-73.3605570170873)
1 (45.51699281300006,-73.60692956222063)
1 (45.267475576475086,-73.73859316154103)
1 (45.32779109820537,-73.6857490796175)
1 (45.38124538955866,-73.29753496462178)
1 (45.45885466735295,-73.67364825686892)
1 (45.501729672205464,-73.3290913218387)
1 (45.32629678733232,-73.25195053608927)
1 (45.57537725117428,-73.35249008922874)
1 (45.48784246436064,-73.36005105348853)
1 (45.68891961323268,-73.39009247246162)
1 (45.72397551752562,-73.59467288172756)
1 (45.645309276756834,-73.74791662144536)
1 (45.53649794987597,-73.70539425902791)
1 (45.47734171422314,-73.36941424193036)
1 (45.427431883549005,-73.4772030815693)
1 (45.53361971936683,-73.3967625919882)
1 (45.64980770455873,-73.5364404420232)
1 (45.732944715895506,-73.37422661857737)
1 (45.341120167493536,-73.34647516508404)
1 (45.68527045537425,-73.56281452483069)
1 (45.560097658889745,-73.373807178552)
1 (45.62003022439558,-73.60449261134528)
1 (45.747918118716946,-73.60402772048037)
1 (45.4459495596984,-73.27764333944212)
1 (45.52611814557297,-73.2701699590656)
1 (45.29038204786763,-73.32324368464879)
1 (45.52518044946051,-73.32346407823869)
1 (45.5307569278958,-73.29340846300428)
1 (45.610147807254954,-73.32836630301634)
1 (45.635902579116596,-73.58048673249162)
1 (45.43260014521197,-73.59996195790896)
1 (45.58081106884457,-73.72581692059067)
1 (45.691944448385456,-73.52244778360671)
1 (45.684834546481156,-73.28253956378315)
1 (45.33320582485623,-73.59237968562577)
1 (45.45035514893286,-73.41653441530032)
1 (45.64337086230127,-73.31972703565393)
1 (45.34664585340382,-73.57359166032077)
1 (45.333823178901554,-73.6935056334451)
1 (45.491940363071365,-73.4193450284953)
1 (45.712523919797555,-73.47686640791845)
1 (45.3356560933136,-73.37128723526224)
1 (45.456328650042565,-73.63899785011903)
1 (45.732264963031824,-73.38935678682748)
1 (45.29119490183982,-73.25805529191176)
1 (45.7284825236373,-73.27312734237796)
1 (45.57602347002953,-73.74056079890856)
1 (45.45624679118866,-73.52954958091713)
1 (45.364489254647474,-73.69832294126908)
1 (45.735383761454855,-73.42548791117078)
1 (45.48845620592926,-73.30390597461056)
1 (45.341907646440646,-73.62396256688479)
1 (45.566433932341326,-73.41003367586647)
1 (45.39057933106665,-73.32205072264857)
1 (45.59102188131835,-73.66704338617912)
1 (45.41364756508285,-73.56181785969953)
1 (45.390400382451396,-73.30561130339426)
1 (45.49162315835019,-73.37344402574882)
1 (45.290665873922855,-73.6694506510406)
1 (45.706487049107885,-73.63187729564234)
1 (45.72817131340036,-73.48453965629183)
1 (45.7429091458994,-73.46488973841983)
1 (45.37402060681648,-73.73766675826323)
1 (45.658855484894225,-73.7413293522445)
1 (45.53647945944643,-73.40768619969019)
1 (45.68338695735151,-73.59365418295205)
1 (45.70130333527401,-73.647857153548)
1 (45.3765038480904,-73.58850288751569)
1 (45.55484629966185,-73.35699544807979)
1 (45.60356608901542,-73.55309909467367)
1 (45.71030295325995,-73.40089719947656)
1 (45.535119755113826,-73.69370463408481)
1 (45.62354899485949,-73.55359911282243)
1 (45.28188650249292,-73.50512989458167)
1 (45.34178403596734,-73.52052082417045)
1 (45.314223035304025,-73.56747744906971)
1 (45.275543689033675,-73.68238994546753)
1 (45.49553368406489,-73.65783802090196)
1 (45.62263632923421,-73.46008118455454)
1 (45.379919969830716,-73.67057598335256)
1 (45.401173062973236,-73.44610602390284)
1 (45.38577657962283,-73.64013425427065)
1 (45.2680976377568,-73.6784703324677)
1 (45.55909434531948,-73.6949568418575)
1 (45.40948665541673,-73.64697240532166)
1 (45.38290620013706,-73.54016985015632)
1 (45.28937834900421,-73.32074460923063)
1 (45.47261323360221,-73.57007996928807)
1 (45.43500166431922,-73.66894710537845)
1 (45.520853298013236,-73.44934243184186)
1 (45.718015712391725,-73.31400280534282)
1 (45.5201259994577,-73.47381820998622)
1 (45.26373268027056,-73.60861806301885)
1 (45.596563062065506,-73.72868344640986)
1 (45.68328598023205,-73.56406384444615)
1 (45.73403430991359,-73.50227187695333)
1 (45.277318239723265,-73.67779825524734)
1 (45.25420504146802,-73.58942408862131)
1 (45.70400248159321,-73.31349085313825)
1 (45.6452114569856,-73.52778529732153)
1 (45.33907254948704,-73.37586556543901)
1 (45.699296428952486,-73.4545365733629)
1 (45.681027903220304,-73.59650867752191)
1 (45.4280490468217,-73.64946200912826)
1 (45.67079025152162,-73.30489450612886)
1 (45.37281667146945,-73.44304764292579)
1 (45.70182869591293,-73.60136141377566)
1 (45.71740929634677,-73.51547574432031)
1 (45.39413257575965,-73.37562641851135)
1 (45.540391870132,-73.69392110410993)
1 (45.39339996619713,-73.62565714401676)
1 (45.61506080038572,-73.67147384676339)
1 (45.535422910178866,-73.52732532781492)
1 (45.37662669551555,-73.62130642670299)
1 (45.684888700903315,-73.6852465229731)
1 (45.52817628975708,-73.46437016705119)
1 (45.417679863908965,-73.45956608796007)
1 (45.749662216802584,-73.56795007539304)
1 (45.46624377017054,-73.71218220184423)
1 (45.607470045874955,-73.40582414621981)
1 (45.48871607983523,-73.74900177487334)
1 (45.53603770984741,-73.69856667744516)
1 (45.25422051551038,-73.65230596211052)
1 (45.677553540779996,-73.27470314878813)
1 (45.25913075700025,-73.59915721891115)
1 (45.42093445894479,-73.34996667957412)
1 (45.602068342373904,-73.64801034077985)
1 (45.677087068720084,-73.61282479075747)
1 (45.64902421004638,-73.34629553518273)
1 (45.26387985952152,-73.42973750321151)
1 (45.61422915738247,-73.36672176511732)
1 (45.25130575566221,-73.6432761330013)
1 (45.667262362670236,-73.71940451614931)
1 (45.73498980300719,-73.33027508629237)
1 (45.552375013786495,-73.41065196717118)
1 (45.264497858142576,-73.51560670547069)
1 (45.472119498606695,-73.72734980861843)
1 (45.55182749836613,-73.6999625711654)
1 (45.64411298040168,-73.61836458065665)
1 (45.62501367450646,-73.65719215441494)
1 (45.48712725279535,-73.42124165382914)
1 (45.27195691643802,-73.28829314223597)
1 (45.330685318189914,-73.44370378364313)
1 (45.44038304327475,-73.38506542961437)
1 (45.37095808801564,-73.65506216117568)
1 (45.7212689109861,-73.45673380647328)
1 (45.314993229328905,-73.47263193803511)
1 (45.64511959895183,-73.30751241930868)
1 (45.265171243369174,-73.34259997994683)
1 (45.26315817652337,-73.32212699745659)
1 (45.39627211765141,-73.51352293655552)
1 (45.368789979803886,-73.41972874492697)
1 (45.368649425972286,-73.583739134738)
1 (45.73862918249782,-73.37442691157578)
1 (45.702746673726786,-73.57145836840918)
1 (45.43692602008653,-73.6728348579962)
1 (45.51255428811672,-73.40814910125437)
1 (45.532409143323704,-73.28556749058873)
1 (45.55859377934534,-73.39207310630177)
1 (45.52235802066799,-73.67054604330039)
1 (45.53462877872232,-73.25942278757951)
1 (45.34514623462072,-73.50125874680921)
1 (45.346541369589254,-73.63549743716779)
1 (45.58954743227517,-73.52279442968967)
1 (45.37667460878004,-73.71770941939674)
1 (45.376771118873386,-73.58250857237068)
1 (45.35243150429575,-73.6159424622175)
1 (45.39949678081346,-73.2605996908421)
1 (45.45403283392737,-73.33388916187563)
1 (45.25109993499299,-73.63866662825657)
1 (45.70307553750192,-73.41747562416089)
1 (45.46781522486676,-73.59148543679478)
1 (45.470895782678596,-73.32333639847982)
1 (45.63675684107163,-73.56878744336677)
1 (45.63372980431465,-73.57153344857142)
1 (45.49351768286196,-73.64973816108652)
1 (45.48027840423271,-73.74231847333151)
1 (45.644494328140404,-73.70310942734427)
1 (45.446519628113734,-73.35671804804893)
1 (45.401135744916,-73.27080554688774)
1 (45.61247709674317,-73.64507683601532)
1 (45.70598928618809,-73.31144668528776)
1 (45.646140071256674,-73.6564245245731)
1 (45.263718511740315,-73.69413110499387)
1 (45.52084432466552,-73.59463737683045)
1 (45.26419305142813,-73.32029064727324)
1 (45.36416138493017,-73.68484610555376)
1 (45.49930140798307,-73.47372187627698)
1 (45.71870692587981,-73.27539697705528)
1 (45.73031359860942,-73.45541818846895)
1 (45.30826726466726,-73.26690369821023)
1 (45.35842114591146,-73.25074628695597)
1 (45.60625641347845,-73.33053294674956)
1 (45.2875077981598,-73.40180328629437)
1 (45.59775418382464,-73.73264702188537)
1 (45.34525500229836,-73.41745878869753)
1 (45.6112393107521,-73.42228245288952)
1 (45.746362166453224,-73.4476290058912)
1 (45.47161975880234,-73.36167396939928)
1 (45.33996238697548,-73.57674837563302)
1 (45.492275611922736,-73.38813859918483)
1 (45.28223995820899,-73.4541966405655)
1 (45.48056839222316,-73.68811518195979)
1 (45.3148070931598,-73.57660768108428)
1 (45.47863364184982,-73.74101015979025)
1 (45.50957284677484,-73.3685290704148)
1 (45.39926228568982,-73.35173067872422)
1 (45.661637965871655,-73.27381963805021)
1 (45.54528919491715,-73.63639187785509)
1 (45.47317537285315,-73.37046491620463)
1 (45.720145885798026,-73.55566542494694)
1 (45.27330657599164,-73.55615855898364)
1 (45.74709740886553,-73.3045919772209)
1 (45.26166019508044,-73.62104074169878)
1 (45.715172015210854,-73.56641067608174)
1 (45.6465995878459,-73.52740247362432)
1 (45.660905123393576,-73.32106412976137)
1 (45.57303222243653,-73.45395777347376)
1 (45.67675768914278,-73.56651811960947)
1 (45.39926429238296,-73.63445358414289)
1 (45.609432183017326,-73.46289035903666)
1 (45.68753997109283,-73.72693032064132)
1 (45.57429779082753,-73.54561340236522)
1 (45.71870519127216,-73.39086384399938)
1 (45.465749564395956,-73.27446205197568)
1 (45.427861983532054,-73.42471270251107)
1 (45.487564751604516,-73.29025624767513)
1 (45.38492986184279,-73.72606236703457)
1 (45.46218261252556,-73.34040580885296)
1 (45.31170667862594,-73.48060134135127)
1 (45.303322390571644,-73.40819382085732)
1 (45.63532226759094,-73.3645816173182)
1 (45.55246746344893,-73.63880106113)
1 (45.72690360833907,-73.65820933119355)
1 (45.28648185454805,-73.69755423819785)
1 (45.263821531831525,-73.51457928371264)
1 (45.50098865103567,-73.72273625820785)
1 (45.58406427740373,-73.71030980828918)
1 (45.26212805543864,-73.54652725421091)
1 (45.4720843652995,-73.51995268164308)
1 (45.49792630703162,-73.35325062344155)
1 (45.526890743777834,-73.40654554964667)
1 (45.269744564370384,-73.42407872799588)
1 (45.61520927331127,-73.50534252270229)
1 (45.72414077684321,-73.58170824693582)
1 (45.40520995133976,-73.39680124819243)
1 (45.6759650281414,-73.39724605623744)
1 (45.60960064015794,-73.41832304731825)
1 (45.41462296712335,-73.65465141488907)
1 (45.3408121132152,-73.25203554453304)
1 (45.35717945850817,-73.48556118483731)
1 (45.395550864770165,-73.74807514877118)
1 (45.59433849721914,-73.4891800733911)
1 (45.34117108601387,-73.39936969971907)
1 (45.6883232549611,-73.53814822653635)
1 (45.472118596897595,-73.57483975573435)
1 (45.28529370605224,-73.34190432271585)