1150 1150
101 (45.5,-73.5)
1 (45.54112502729399,-73.54322966488917)
1 (45.69917732268959,-73.69404247160399)
1 (45.64688126646906,-73.47944788928368)
1 (45.608651843537245,-73.66951672453038)
1 (45.27759531006023,-73.53933854767828)
1 (45.384507217167275,-73.36127777797586)
1 (45.268139959101696,-73.71722468762755)
1 (45.33072726341569,-73.55403140374372)
1 (45.32742197543716,-73.56335624989515)
1 (45.27936959137697,-73.52528912419109)
1 (45.33215492355758,-73.43556394488704)
1 (45.52668606954544,-73.44073676094378)
1 (45.26339369359843,-73.29096322047363)
1 (45.53591391808423,-73.57217714387214)
1 (45.48298958157672,-73.58947026718799)
1 (45.660781095853245,-73.31190865421163)
1 (45.50855044331327,-73.68118521368675)
1 (45.36300782650897,-73.68738171939663)
1 (45.54754138921492,-73.58436556748418)
1 (45.50694945219794,-73.29433101154783)
1 (45.29383707018045,-73.32975577683642)
1 (45.315013910319855,-73.26531129331633)
1 (45.373337595204134,-73.55045693904266)
1 (45.45860075849591,-73.5736706544686)
1 (45.34918572156969,-73.73431361445222)
1 (45.54104639473007,-73.64047494164556)
1 (45.36167392881396,-73.52796255823017)
1 (45.40142417642195,-73.36375320832535)
1 (45.28310545617624,-73.68823137067317)
1 (45.73103554569587,-73.32566387874955)
1 (45.713674594282836,-73.71749270496053)
1 (45.44804234986091,-73.55378712949937)
1 (45.730856940527175,-73.39487303272541)
1 (45.61992819037021,-73.31772959069228)
1 (45.531851324900884,-73.3248826371235)
1 (45.45834042675349,-73.53158244562856)
1 (45.47629062347731,-73.26907657540058)
1 (45.53635226534051,-73.4065050916856)
1 (45.54474001164851,-73.40477432167343)
1 (45.394298180379266,-73.555811376854)
1 (45.37742620045034,-73.267658859458)
1 (45.60707359416462,-73.2974164893232)
1 (45.347192752605146,-73.48224368791753)
1 (45.68315354055588,-73.42535751992446)
1 (45.55085179944139,-73.46573960874659)
1 (45.35357309013103,-73.73333155813229)
1 (45.67390356608596,-73.60677056586971)
1 (45.38772545221481,-73.56880051355259)
1 (45.39502078621831,-73.47068140073844)
1 (45.54207239576743,-73.67619224263088)
1 (45.34874586331543,-73.36784787462683)
1 (45.60772432340386,-73.5520831611586)
1 (45.65752444564918,-73.64044241703888)
1 (45.27333615874903,-73.48397800176512)
1 (45.67749986026554,-73.27652722735886)
1 (45.6608781478148,-73.37740766489966)
1 (45.37641858933018,-73.4481389742465)
1 (45.42357902651121,-73.3935468227824)
1 (45.67654790153309,-73.29219761100178)
1 (45.71770241859991,-73.3214081445612)
1 (45.650682253309235,-73.70961462270647)
1 (45.67280548098685,-73.49490079778795)
1 (45.655116103126524,-73.64889408000201)
1 (45.68874200425776,-73.43564600207601)
1 (45.31988658450821,-73.26581272549693)
1 (45.48191077086157,-73.25742313201918)
1 (45.29364001509044,-73.51043345375228)
1 (45.288112950614824,-73.70747526426926)
1 (45.25815212806793,-73.58674936107121)
1 (45.50487074611745,-73.54363345845883)
1 (45.485832945531726,-73.35867365531914)
1 (45.32217263672839,-73.25432463968387)
1 (45.612472461481765,-73.63888345817045)
1 (45.54734917635888,-73.42100836134875)
1 (45.33703461344764,-73.39419384128917)
1 (45.377146088550006,-73.29944317248996)
1 (45.44048248087448,-73.73268101015458)
1 (45.30805023475645,-73.45741391244516)
1 (45.336418492523165,-73.6036919417081)
1 (45.70453677014129,-73.55215644912482)
1 (45.32774937097369,-73.44217026619039)
1 (45.26414457636554,-73.56069722315966)
1 (45.345635971508564,-73.52339668915926)
1 (45.728149920777035,-73.49068011773285)
1 (45.6896644188442,-73.56328474271928)
1 (45.687096964601814,-73.29798371584421)
1 (45.67147533199134,-73.60279090124159)
1 (45.721556575188345,-73.42053770212856)
1 (45.58801379606506,-73.45279101597363)
1 (45.400223706992264,-73.50522714344136)
1 (45.615113814459946,-73.44794290550419)
1 (45.32982636135757,-73.55662951878104)
1 (45.517306309231905,-73.46459801602944)
1 (45.51430786515976,-73.37255913153858)
1 (45.51554079209967,-73.59874297168041)
1 (45.73435720194196,-73.25199960776268)
1 (45.74093656756474,-73.5752448315931)
1 (45.50260051133566,-73.56598520871776)
1 (45.42973017048135,-73.36934174086109)
1 (45.38463015902427,-73.37134748988532)
1 (45.382261250854185,-73.66536388384579)
1 (45.60153608949073,-73.32097405826072)
1 (45.717140282177745,-73.65608729665796)
1 (45.34571733592545,-73.68233174664877)
1 (45.60066699730666,-73.2989162736523)
1 (45.64848999319139,-73.31848706513523)
1 (45.42111921937952,-73.49225802818452)
1 (45.43537113910778,-73.51271214954308)
1 (45.30770779196201,-73.71699623123824)
1 (45.5929065114039,-73.5289948428936)
1 (45.4647937804134,-73.50388793363021)
1 (45.44952297409103,-73.29637732415343)
1 (45.50339009584732,-73.63800155087362)
1 (45.54212525807863,-73.58502770637479)
1 (45.304020342038314,-73.29598133171633)
1 (45.40001944371658,-73.50630483579675)
1 (45.437683756727814,-73.33096683163332)
1 (45.32823424046239,-73.61780699463436)
1 (45.30497539756298,-73.67341390920629)
1 (45.313424260518005,-73.34750038784088)
1 (45.42733696769566,-73.30385649990465)
1 (45.70727763354236,-73.36850404980582)
1 (45.738964299903536,-73.47581686686738)
1 (45.264713960159405,-73.45796326902986)
1 (45.283073169171274,-73.32361433412974)
1 (45.42714641929456,-73.25967375259202)
1 (45.412026080009824,-73.68074114048585)
1 (45.444695497314896,-73.74072478194431)
1 (45.427248320745406,-73.35976653078289)
1 (45.52547998421765,-73.48740951322287)
1 (45.57191249607398,-73.30439845560689)
1 (45.684973918983864,-73.32500647227093)
1 (45.40704633040315,-73.41837508049933)
1 (45.343906941858435,-73.56976652544554)
1 (45.36001952295145,-73.50427626338171)
1 (45.48929823014303,-73.52954516295614)
1 (45.633291086184656,-73.6081383480692)
1 (45.36995302421529,-73.66200031276855)
1 (45.70084937387803,-73.662923215611)
1 (45.74511350889433,-73.57613162409385)
1 (45.29995297840657,-73.65543580775262)
1 (45.64294449871579,-73.32416719198675)
1 (45.64658109627507,-73.60720226734458)
1 (45.4141474940429,-73.6764096851819)
1 (45.56442816005846,-73.46011363018897)
1 (45.58523491367644,-73.30163379869258)
1 (45.31932798646338,-73.49230815080847)
1 (45.62585969108834,-73.4899828105871)
1 (45.693668630938745,-73.65880825489563)
1 (45.745083602863936,-73.25404233332827)
1 (45.71865991350657,-73.2548460892271)
1 (45.72258115623367,-73.3268747697647)
1 (45.50624128511095,-73.53760454404663)
1 (45.56251383774743,-73.74327853464861)
1 (45.286968607014785,-73.41426872155454)
1 (45.43017313478034,-73.34239160561135)
1 (45.56539401842068,-73.51082562544899)
1 (45.39447883826903,-73.66598925149036)
1 (45.25025411461346,-73.37696802100068)
1 (45.45303245646847,-73.3474315213217)
1 (45.70320706173111,-73.25775114334222)
1 (45.66066381756951,-73.69119634032135)
1 (45.376910539787296,-73.2723191448388)
1 (45.417272247835854,-73.73228957992833)
1 (45.580907640342716,-73.48406088710288)
1 (45.596252126210025,-73.63855397925751)
1 (45.422089157770905,-73.7249730095563)
1 (45.710905554955694,-73.37700425785339)
1 (45.61542606192514,-73.64980063196349)
1 (45.72298358564521,-73.60779612974571)
1 (45.65021703137205,-73.34269463686826)
1 (45.39486039564826,-73.29629257901314)
1 (45.72727144146032,-73.38066702399213)
1 (45.27483324412646,-73.54492104661158)
1 (45.45324931008056,-73.57404386721564)
1 (45.48365427783626,-73.64212072551769)
1 (45.48980507984302,-73.65440852598128)
1 (45.43963858891142,-73.30565972040651)
1 (45.70723327101899,-73.4651955943006)
1 (45.51955612571893,-73.56195703404623)
1 (45.38498966365981,-73.72913908885407)
1 (45.403003369727465,-73.65177518628069)
1 (45.634762251560545,-73.72019627001819)
1 (45.48906401923842,-73.28575428511608)
1 (45.49569249278235,-73.65536165836872)
1 (45.30580614559614,-73.4907394231293)
1 (45.56589759550017,-73.34395350923647)
1 (45.255526632634115,-73.6897080192371)
1 (45.58962073565801,-73.58849817800414)
1 (45.35164178074704,-73.54433491507388)
1 (45.615136773780165,-73.52225574867501)
1 (45.30673667697569,-73.45983795480774)
1 (45.674966833252086,-73.49372310467531)
1 (45.425523729781816,-73.50672756549886)
1 (45.4170057308759,-73.26811886011482)
1 (45.741324310701565,-73.35343920821694)
1 (45.73284237562461,-73.70989727324968)
1 (45.71017569916986,-73.6275579798257)
1 (45.687853643919816,-73.73875645239715)
1 (45.542778804427094,-73.43145030532632)
1 (45.45657830760081,-73.71439892907327)
1 (45.411240312894975,-73.53059789292618)
1 (45.5064282089993,-73.50247088537891)
1 (45.31492642032399,-73.50978477792896)
1 (45.45296976889142,-73.3056489321155)
1 (45.32773326130108,-73.45351867167604)
1 (45.33080955602503,-73.40976182343454)
1 (45.27769279606046,-73.45267327848018)
1 (45.48554363746366,-73.29512684390808)
1 (45.629070922309346,-73.46931877658336)
1 (45.39428092523165,-73.5979491542314)
1 (45.4469778569335,-73.30606307747702)
1 (45.464926861726816,-73.67567489716177)
1 (45.32499954289955,-73.6249569826082)
1 (45.747714240235155,-73.53360718605055)
1 (45.547471326390905,-73.64412179855053)
1 (45.51639386267488,-73.60788671197302)
1 (45.539754256875135,-73.30773837349278)
1 (45.34104874423636,-73.37210707231421)
1 (45.33223714542149,-73.37689227427435)
1 (45.57967084940633,-73.44137753126198)
1 (45.32677583681506,-73.52499976443252)
1 (45.66144068155792,-73.28856414189877)
1 (45.60789474807666,-73.64214538147876)
1 (45.62107543719676,-73.36273298463972)
1 (45.38531351211142,-73.65764168289115)
1 (45.5706623438413,-73.30948727388436)
1 (45.389225395568495,-73.27947780985416)
1 (45.66306965368855,-73.63693316452255)
1 (45.66524191118315,-73.62305358101668)
1 (45.60932845191512,-73.54942690218732)
1 (45.73203172854883,-73.2597014847977)
1 (45.46130424926125,-73.28404893800912)
1 (45.47142017291766,-73.25797931632927)
1 (45.66052808462798,-73.6319188222548)
1 (45.41807855002483,-73.31757174357307)
1 (45.28423270634594,-73.40800731931665)
1 (45.30392149777212,-73.60686957786282)
1 (45.490440203888255,-73.44902041879476)
1 (45.29094305439482,-73.41090083300028)
1 (45.37537293452798,-73.26922283746794)
1 (45.295461105355216,-73.67626835031116)
1 (45.308511020731544,-73.28873636378646)
1 (45.66660263799455,-73.50410398793309)
1 (45.3032947146503,-73.5678917501021)
1 (45.7323508726464,-73.59078014923935)
1 (45.61477121813069,-73.73463050432748)
1 (45.367588376252414,-73.54922455815796)
1 (45.52941124011489,-73.2797459524196)
1 (45.270308675552705,-73.46116491502063)
1 (45.726871137533294,-73.61692106779336)
1 (45.554532232063245,-73.41248541689522)
1 (45.64865258390156,-73.26106346566158)
1 (45.58145057757514,-73.65010754070315)
1 (45.504412194436114,-73.66935570642546)
1 (45.6539362853703,-73.36941325637191)
1 (45.38309951773238,-73.71473245471721)
1 (45.29379404102149,-73.49620873892746)
1 (45.41315252939836,-73.42116357960384)
1 (45.30599194798212,-73.66658282110802)
1 (45.53365552307697,-73.48416551397285)
1 (45.709600196504255,-73.43174427897895)
1 (45.69666502941827,-73.728381141207)
1 (45.381277382833396,-73.52302788182571)
1 (45.71983536454767,-73.51686121197442)
1 (45.413883469095,-73.30473945928316)
1 (45.54802589371284,-73.72384864777597)
1 (45.74016118484878,-73.31936578083133)
1 (45.36274820321542,-73.7144097047979)
1 (45.50941636218064,-73.59090547762442)
1 (45.29911183039647,-73.34017414056639)
1 (45.533740531442895,-73.59768255667069)
1 (45.49135337080098,-73.26073938262195)
1 (45.339557939536846,-73.55598494065048)
1 (45.27008402457075,-73.43496184642545)
1 (45.47014185609023,-73.37022537087383)
1 (45.57706708402092,-73.39540122156188)
1 (45.685233788037515,-73.30405302965683)
1 (45.546636990398156,-73.42260185116025)
1 (45.595012189668154,-73.60994921851298)
1 (45.726797970448345,-73.47368800269957)
1 (45.547395744470535,-73.5223213965755)
1 (45.577590458847716,-73.69191797915849)
1 (45.26002934594142,-73.67096477577508)
1 (45.68948983790488,-73.53038502938995)
1 (45.25128952278139,-73.60799169831752)
1 (45.61040240250968,-73.46397063234542)
1 (45.578258943154424,-73.2619341688319)
1 (45.25624947306215,-73.43894933714094)
1 (45.73385826071921,-73.73770540008414)
1 (45.60718128583716,-73.61931154831461)
1 (45.29018656848473,-73.47046175190268)
1 (45.25913794224744,-73.63291425439024)
1 (45.50061024514131,-73.31513706499544)
1 (45.40877580984994,-73.39898736110204)
1 (45.58925305869778,-73.71152647390127)
1 (45.49870318385709,-73.73131617809024)
1 (45.36327882377509,-73.60727771967282)
1 (45.53952004221803,-73.25858885366038)
1 (45.580721103173346,-73.34800299979388)
1 (45.555332339295234,-73.28494039634778)
1 (45.694602721715036,-73.25495530823322)
1 (45.67021230234286,-73.5296426327659)
1 (45.67270126557826,-73.60631825174092)
1 (45.56450164536918,-73.73518296731636)
1 (45.561554796530764,-73.71813912608012)
1 (45.38190574078276,-73.41764226070143)
1 (45.32316553722377,-73.28529036106046)
1 (45.66100225682772,-73.55232536365281)
1 (45.72334741673626,-73.59157495910173)
1 (45.49808885970572,-73.74101575698705)
1 (45.69177659661309,-73.63119686372507)
1 (45.42222000451314,-73.39501885075785)
1 (45.60554263533197,-73.60129801710198)
1 (45.37783402920022,-73.690326083544)
1 (45.3703608472393,-73.6271189553405)
1 (45.2655471709657,-73.50777549065171)
1 (45.48659513082832,-73.46757039825015)
1 (45.68749212319267,-73.26200178360834)
1 (45.490853374611646,-73.31960890281408)
1 (45.38000454599635,-73.4482625497147)
1 (45.25815621039695,-73.6947899088797)
1 (45.29351148253886,-73.39589449581378)
1 (45.634542965350796,-73.68072711201108)
1 (45.39715180308853,-73.6111973325288)
1 (45.74546689598702,-73.72391735912679)
1 (45.54395920610363,-73.7209602194619)
1 (45.59144531815526,-73.37849616094888)
1 (45.63136429150641,-73.39063913436857)
1 (45.699168212964196,-73.25796884208914)
1 (45.33132299602254,-73.68836126474069)
1 (45.64363247399557,-73.70381825684896)
1 (45.344554407905164,-73.6974753979073)
1 (45.69485691445116,-73.44612022502957)
1 (45.4541716585425,-73.74628572293163)
1 (45.671346792778756,-73.27690337816748)
1 (45.615415750354174,-73.4238987108075)
1 (45.301714615641096,-73.48697058009674)
1 (45.42025233389836,-73.58578136428915)
1 (45.505727358553536,-73.53125462325463)
1 (45.51826799132575,-73.32167174093759)
1 (45.5065386047905,-73.58651123546974)
1 (45.45860261250174,-73.36190072040161)
1 (45.576977159124986,-73.34825792618072)
1 (45.441580802945694,-73.63597686881798)
1 (45.50450233869032,-73.58134781142387)
1 (45.63325575618536,-73.66945446360845)
1 (45.53179897057796,-73.59042285136898)
1 (45.501254812036414,-73.71164737934576)
1 (45.59297383344256,-73.41272151616741)
1 (45.576116939635334,-73.42766973224947)
1 (45.618928251600025,-73.65632134072546)
1 (45.62873773570954,-73.6635771474895)
1 (45.529720021671146,-73.51187712927678)
1 (45.481588846238715,-73.70305032433092)
1 (45.26659103398227,-73.55527145645696)
1 (45.539053917182855,-73.57810566882729)
1 (45.3418252460162,-73.53232408541568)
1 (45.63052461916037,-73.37473577718812)
1 (45.400714998704856,-73.37481272877216)
1 (45.408825289643744,-73.58717528393844)
1 (45.69665192651265,-73.73953790362616)
1 (45.33608636404075,-73.42165598378322)
1 (45.677721861821446,-73.38902020753555)
1 (45.71936184999831,-73.5320575108513)
1 (45.57117170208763,-73.74364860957077)
1 (45.329087230205715,-73.48577847125107)
1 (45.43072916641707,-73.4307040468618)
1 (45.34489997207684,-73.30844535318445)
1 (45.58099493849133,-73.6356630495616)
1 (45.72539533756038,-73.74074492155131)
1 (45.25298964583185,-73.52554133056503)
1 (45.59106641389207,-73.35970841995251)
1 (45.455426899170284,-73.46276814236134)
1 (45.34297752762949,-73.47019414552155)
1 (45.26739621344677,-73.66118730645123)
1 (45.51364641185091,-73.66010779545425)
1 (45.26987869119005,-73.35326165094276)
1 (45.261161172388704,-73.63506803431014)
1 (45.255880844806896,-73.43941261443442)
1 (45.47273369788947,-73.40476748403854)
1 (45.67196099586884,-73.47665768037892)
1 (45.63969214228361,-73.58419771065928)
1 (45.44753525464133,-73.73431357588184)
1 (45.50234087341052,-73.49819931973687)
1 (45.4625888638671,-73.39951347287484)
1 (45.440166954739645,-73.43746647479776)
1 (45.389281757489854,-73.35464235641102)
1 (45.700548039322925,-73.30817822143759)
1 (45.5184255359659,-73.27252461298065)
1 (45.317417454154054,-73.54584654017103)
1 (45.447922203319585,-73.58330387955473)
1 (45.47026786646776,-73.52676466496384)
1 (45.666993580454935,-73.65943534438198)
1 (45.5734258546831,-73.30760646296714)
1 (45.61739322410483,-73.34206628489002)
1 (45.56570529257811,-73.35527126390636)
1 (45.2507813269894,-73.6933110181755)
1 (45.69134856014591,-73.49498607067653)
1 (45.43005597705139,-73.60453202783938)
1 (45.5245899071226,-73.60497025979271)
1 (45.74167286175972,-73.62071941500369)
1 (45.59222665568782,-73.62063581227052)
1 (45.39584835594273,-73.55541622475069)
1 (45.6912591170475,-73.68033895127958)
1 (45.39202955265729,-73.66936789017569)
1 (45.38196135513956,-73.74811738366527)
1 (45.51812788981715,-73.36917927713358)
1 (45.66067038200992,-73.28663974746604)
1 (45.533751350653866,-73.54974326668817)
1 (45.48113242164981,-73.52576248772621)
1 (45.560033505344016,-73.35606069530914)
1 (45.598420392325075,-73.5786318265854)
1 (45.261645973913495,-73.27630119057964)
1 (45.65523775984559,-73.59818666071075)
1 (45.36019411506339,-73.59856080889826)
1 (45.5168495639018,-73.3422113496691)
1 (45.36243402341421,-73.36875197411445)
1 (45.587932267878706,-73.42475496852492)
1 (45.621612330791734,-73.57641742969169)
1 (45.71230980907068,-73.67577689379094)
1 (45.47571827443421,-73.36898978651692)
1 (45.26484406938151,-73.40929647116414)
1 (45.72255129788534,-73.65312421765749)
1 (45.693673737787186,-73.51311719977107)
1 (45.598245106997915,-73.48421192345367)
1 (45.5605462844708,-73.62036442635173)
1 (45.72325290123568,-73.67203769269412)
1 (45.55716354986255,-73.70461790267349)
1 (45.667786464923076,-73.54177527202933)
1 (45.54626241139428,-73.25633891095356)
1 (45.3673153051607,-73.28511975091818)
1 (45.38757744860446,-73.74858441820751)
1 (45.587970079321565,-73.31633660191125)
1 (45.66088353383772,-73.38466892431431)
1 (45.50155807434073,-73.51236252006177)
1 (45.390992093565494,-73.63947740377252)
1 (45.68038651383311,-73.66482369876546)
1 (45.51287534725632,-73.35955073032503)
1 (45.463203050304784,-73.40494250590076)
1 (45.58901883709951,-73.67485820194983)
1 (45.675300815873356,-73.27978422766438)
1 (45.70565325277582,-73.69733936453167)
1 (45.608198869262786,-73.5601508158601)
1 (45.52969216929182,-73.43784068145561)
1 (45.47729705177869,-73.74665908560361)
1 (45.70400358280744,-73.56399019347967)
1 (45.27951754538373,-73.61114642289323)
1 (45.5950682314473,-73.54684667101706)
1 (45.56718386403195,-73.46552725372285)
1 (45.38412910633949,-73.40382735202103)
1 (45.63925101649145,-73.68957930421074)
1 (45.61061181897686,-73.63946164332982)
1 (45.526489131010926,-73.37286890464317)
1 (45.53489684452192,-73.61393593460322)
1 (45.4133359235409,-73.73413025031714)
1 (45.58644969288847,-73.4321876769207)
1 (45.29587181901498,-73.2738937494382)
1 (45.7028665866506,-73.54347493390488)
1 (45.72273464378126,-73.3930144210746)
1 (45.545568564843656,-73.57289048345882)
1 (45.40377926719931,-73.47098139082789)
1 (45.39867781306744,-73.47220759794584)
1 (45.29990075583664,-73.6434952840654)
1 (45.51903577987653,-73.37773742775641)
1 (45.526677872237585,-73.74878065593609)
1 (45.307373597622195,-73.59754625491651)
1 (45.51435707954502,-73.62645602314745)
1 (45.41332075253748,-73.41942331682654)
1 (45.36718546922162,-73.65151473108018)
1 (45.270239229739786,-73.43440840723896)
1 (45.256214353302425,-73.56907508600253)
1 (45.57979546740566,-73.30848101562418)
1 (45.46143340914669,-73.36303893409828)
1 (45.430734028156174,-73.40718099136797)
1 (45.35145875508282,-73.54365297719787)
1 (45.5414919618967,-73.38447357270557)
1 (45.651986461853035,-73.37519812177068)
1 (45.562094119894034,-73.28808961602013)
1 (45.3078362889025,-73.68563695438489)
1 (45.457195091134125,-73.40886482030002)
1 (45.587648801817004,-73.50503051941254)
1 (45.7191846155634,-73.51126976847165)
1 (45.31516227642716,-73.36889064847412)
1 (45.527948585942816,-73.7263653816237)
1 (45.73648400077168,-73.69636475785285)
1 (45.48217912964684,-73.2668367606348)
1 (45.548883986666226,-73.71125538834464)
1 (45.67605252864468,-73.73655078543375)
1 (45.52337731062728,-73.41635727368028)
1 (45.684644804908324,-73.6542513561245)
1 (45.450724580122674,-73.65845023230055)
1 (45.45163051475973,-73.39254877338931)
1 (45.32846832830933,-73.33251660837661)
1 (45.6436110168281,-73.54927788355324)
1 (45.28523646367289,-73.2693573713489)
1 (45.74684439804995,-73.31859252629481)
1 (45.707782076390366,-73.33076171378977)
1 (45.53419980916909,-73.71383182569399)
1 (45.39609222881959,-73.70074002944625)
1 (45.522834957789925,-73.51323674950562)
1 (45.322386766221975,-73.3100611087658)
1 (45.676396225401504,-73.55301358171616)
1 (45.71094120626227,-73.26443951461215)
1 (45.379466471383054,-73.48003342925351)
1 (45.687406266266876,-73.5641996181379)
1 (45.6265367174762,-73.29862550761842)
1 (45.66865986530759,-73.30509846782583)
1 (45.422953378470474,-73.50246427095195)
1 (45.477215419403294,-73.436219773585)
1 (45.59109360668374,-73.27346889853544)
1 (45.36782410969074,-73.5214570790884)
1 (45.51144715748733,-73.65492648595281)
1 (45.74814636973729,-73.30608455912908)
1 (45.30533384887016,-73.265717895108)
1 (45.36023169460474,-73.7292691573793)
1 (45.58366153003297,-73.51656903839732)
1 (45.56503397936503,-73.3471085845093)
1 (45.644430253835,-73.41766718993524)
1 (45.63830265632134,-73.43888496172491)
1 (45.400614132636065,-73.42977605216016)
1 (45.642928529148506,-73.36170429097082)
1 (45.35960310198364,-73.40815035611067)
1 (45.490186236245464,-73.49554767638303)
1 (45.655562700500866,-73.52009427718822)
1 (45.74030370571551,-73.38199036583863)
1 (45.456870512950395,-73.58292572974021)
1 (45.521402082753454,-73.40545038893221)
1 (45.532214085354724,-73.56940157972852)
1 (45.66508812462679,-73.59580898904088)
1 (45.360985520440224,-73.56232673177404)
1 (45.26684407482133,-73.34560036113743)
1 (45.41628397689442,-73.70911325516394)
1 (45.37984849250393,-73.53369894266555)
1 (45.6321380403675,-73.73047333380741)
1 (45.44197478548655,-73.73053766372259)
1 (45.59048563132506,-73.2752230497201)
1 (45.3174523861147,-73.32737138180379)
1 (45.627999913782425,-73.38534187728273)
1 (45.50703878386329,-73.5839548419868)
1 (45.3680256962812,-73.54197578289435)
1 (45.643539075309846,-73.7252352046312)
1 (45.62869102167369,-73.70398973840652)
1 (45.343122797479865,-73.33826464241673)
1 (45.74468523073291,-73.42596843079325)
1 (45.327126140565106,-73.4255187864531)
1 (45.567244694116205,-73.55223200723523)
1 (45.46389098953779,-73.5601625529137)
1 (45.27456401289181,-73.62747653615229)
1 (45.50568036045137,-73.66253508644533)
1 (45.633150541237576,-73.54306692283804)
1 (45.31182336913572,-73.47523116816123)
1 (45.4995664023578,-73.55080290580729)
1 (45.25598073527073,-73.35663694024552)
1 (45.64155274593302,-73.62314692379155)
1 (45.312785533178506,-73.53963308432301)
1 (45.38770662972944,-73.72044527140125)
1 (45.507101894938565,-73.51340934968614)
1 (45.685682024033426,-73.34159228315721)
1 (45.4877577691904,-73.6819393830259)
1 (45.36031193265561,-73.28488005663533)
1 (45.45684603674626,-73.43264580261588)
1 (45.715099429692046,-73.3304441313169)
1 (45.545551773631985,-73.71314040509237)
1 (45.61320148978238,-73.57475887841908)
1 (45.47795140639143,-73.66265529626553)
1 (45.3073298652425,-73.4010537128831)
1 (45.50534305591818,-73.27788584790025)
1 (45.561919247472616,-73.55731485444792)
1 (45.625405575943546,-73.51044716043458)
1 (45.525463812294966,-73.53570486359831)
1 (45.522847018241166,-73.59500095016392)
1 (45.36609887014899,-73.4037754004426)
1 (45.48119153585722,-73.29334034277872)
1 (45.37930509489452,-73.42876647520877)
1 (45.71896713529817,-73.61032562292621)
1 (45.613038920313684,-73.2615785933035)
1 (45.697794813722886,-73.39254416679302)
1 (45.532642919562264,-73.6066719006999)
1 (45.43474303403821,-73.55992359975438)
1 (45.36556633145752,-73.6981898169425)
1 (45.726799670394634,-73.54425744456287)
1 (45.5242263047918,-73.53102207905413)
1 (45.461426841648375,-73.31670814827953)
1 (45.40426631343939,-73.6583156292096)
1 (45.343902537756264,-73.67883268293154)
1 (45.395019088942185,-73.46410935054506)
1 (45.41951578443283,-73.26853155390872)
1 (45.61915694353848,-73.65131176411684)
1 (45.70667087915039,-73.49355243279427)
1 (45.739313513616025,-73.25115886466338)
1 (45.58556919346384,-73.35078504078375)
1 (45.63088631081394,-73.26058204758986)
1 (45.306375387137265,-73.31956454624473)
1 (45.32228059754095,-73.54858424993957)
1 (45.59063815670279,-73.73155603906729)
1 (45.34653062716215,-73.4417651595758)
1 (45.300224001356725,-73.71852320874494)
1 (45.53153536882346,-73.4025546750018)
1 (45.53913571642551,-73.52238977282936)
1 (45.280071198783084,-73.45150618092525)
1 (45.335325471169966,-73.61948272338554)
1 (45.55529522647288,-73.45717003346414)
1 (45.72197594478233,-73.26270189507566)
1 (45.592628533610174,-73.6236096157335)
1 (45.60071086762358,-73.68159079892384)
1 (45.3047092867228,-73.44654116219104)
1 (45.7228099341626,-73.30088918516917)
1 (45.43253165350402,-73.58437099519627)
1 (45.468741130765714,-73.44312830003989)
1 (45.7229371228835,-73.50007194846779)
1 (45.34118684520456,-73.57018506871367)
1 (45.28030066697203,-73.37388377229219)
1 (45.712228591195405,-73.69244230463036)
1 (45.7485548399345,-73.6652402020956)
1 (45.381468045394925,-73.63230692672225)
1 (45.62862089845708,-73.31511838610419)
1 (45.40860087597531,-73.37131934834952)
1 (45.32586665044662,-73.42717424852366)
1 (45.48132268598994,-73.73694197276578)
1 (45.45238651447334,-73.34757053664283)
1 (45.26743505210718,-73.69634572729363)
1 (45.479700179890315,-73.37932198120089)
1 (45.278632567663145,-73.52011872080357)
1 (45.54889193145644,-73.41727529938971)
1 (45.74269036182088,-73.55880172786281)
1 (45.597263440676855,-73.57450934788667)
1 (45.34063466868871,-73.33951069945694)
1 (45.453248926979654,-73.3899841614016)
1 (45.4159674662063,-73.63863668077342)
1 (45.68464172906606,-73.46068511713628)
1 (45.404129256845884,-73.61971952855988)
1 (45.25910789939087,-73.32930176093075)
1 (45.262122540263135,-73.54307167472706)
1 (45.49051256682654,-73.68064877676566)
1 (45.60058183591895,-73.45558409197895)
1 (45.29976100008142,-73.35657920006045)
1 (45.533564094919576,-73.65537690494114)
1 (45.51465678159458,-73.39005852599588)
1 (45.46494704541879,-73.59656262078767)
1 (45.26970561696937,-73.68436081289389)
1 (45.624560924974254,-73.25437032440837)
1 (45.543843791938265,-73.62301607524537)
1 (45.65204257441025,-73.31023478959162)
1 (45.4917461532004,-73.29018133702664)
1 (45.40188906223787,-73.34018476308003)
1 (45.482669418315666,-73.6095253084031)
1 (45.40930122669825,-73.49797043519855)
1 (45.65971218849333,-73.572510218104)
1 (45.613145994993104,-73.47685009715909)
1 (45.3719240139876,-73.32412153272644)
1 (45.47972934354294,-73.31081200415467)
1 (45.51187135083835,-73.70564008087506)
1 (45.609060304995246,-73.33723755546646)
1 (45.612069464316434,-73.41996833766927)
1 (45.73389961312348,-73.38861741657281)
1 (45.51511474383121,-73.28531614497342)
1 (45.74112470373556,-73.51091294250712)
1 (45.534402762829664,-73.57771877660838)
1 (45.454806424491935,-73.72051032238845)
1 (45.26499335793428,-73.73190341394582)
1 (45.420880704871514,-73.51044567520948)
1 (45.58748458954533,-73.67343788159742)
1 (45.324411925622115,-73.49968464236014)
1 (45.43168330722218,-73.29288870260548)
1 (45.452183097084905,-73.28672049119594)
1 (45.53141087188413,-73.54488329589749)
1 (45.28571085761311,-73.72061020976297)
1 (45.7069582342216,-73.36151417104433)
1 (45.372772189776626,-73.43879872183253)
1 (45.657505504070755,-73.5104409859846)
1 (45.579142306025844,-73.641686386465)
1 (45.33224683988679,-73.7033393223473)
1 (45.66648211879358,-73.67887602889388)
1 (45.67601227612997,-73.67001279915652)
1 (45.377176519643626,-73.6113905773688)
1 (45.41285384779268,-73.55752841919016)
1 (45.33241318832175,-73.48788341240987)
1 (45.539364311314394,-73.39215281726362)
1 (45.56590488920613,-73.63096851318288)
1 (45.348422333510285,-73.45466001931928)
1 (45.4223965026134,-73.27227842950808)
1 (45.59360889543159,-73.26674943287352)
1 (45.34746124013317,-73.40171310257031)
1 (45.33471562766324,-73.46785567077629)
1 (45.28307896426521,-73.7075734429946)
1 (45.57556603043496,-73.67754981154692)
1 (45.46210254296347,-73.47987879441995)
1 (45.51679704773067,-73.48902455254775)
1 (45.363956732527775,-73.32914785811354)
1 (45.59829868887821,-73.52382393103001)
1 (45.45377715454667,-73.5372783965739)
1 (45.4986852982913,-73.49702095621633)
1 (45.57768528169338,-73.30589113270027)
1 (45.392473075521046,-73.49546473810614)
1 (45.52800875704372,-73.60060901981056)
1 (45.53956394006035,-73.65951146507447)
1 (45.32399426107571,-73.70722344093764)
1 (45.69618677955348,-73.68082159528589)
1 (45.67592408169681,-73.51755420890063)
1 (45.39162288289825,-73.48534877470557)
1 (45.413535084286934,-73.44904101062346)
1 (45.31084311255058,-73.66156363630921)
1 (45.3632525806987,-73.27270908972297)
1 (45.35961011315272,-73.61924893326236)
1 (45.252989706370926,-73.47913274221246)
1 (45.465649765219446,-73.62387014675929)
1 (45.708126115496235,-73.65137533721284)
1 (45.287171733448034,-73.74556894172278)
1 (45.27776829670578,-73.63761528972809)
1 (45.25831979120298,-73.39024459993796)
1 (45.69650680623134,-73.62427290861335)
1 (45.30005845450233,-73.44298158548482)
1 (45.74362430721274,-73.5029331857309)
1 (45.56455312178262,-73.65124947547808)
1 (45.60907125594073,-73.70121546228647)
1 (45.26127671766967,-73.70684431464605)
1 (45.61351480397205,-73.40897114946024)
1 (45.43387677993223,-73.55145847221601)
1 (45.45837912657936,-73.37679615696001)
1 (45.518262420149796,-73.73105913001142)
1 (45.40103437179315,-73.69382525346838)
1 (45.61442173306963,-73.65892326142645)
1 (45.360154246961514,-73.66613093420648)
1 (45.64715557429892,-73.41622032570217)
1 (45.456750538070715,-73.61577994257765)
1 (45.47421482490414,-73.72245141056897)
1 (45.38750651653172,-73.60370598275516)
1 (45.52425385435821,-73.44584689267272)
1 (45.30876899939696,-73.7470376885128)
1 (45.711563535736786,-73.4959924858127)
1 (45.58192245350854,-73.45337633469646)
1 (45.67972328380228,-73.64749652714073)
1 (45.29385666804236,-73.53074827031429)
1 (45.372112015336995,-73.2844292652374)
1 (45.41985276679756,-73.25256250452155)
1 (45.51364404270119,-73.7305581711717)
1 (45.34045075844508,-73.56188443035668)
1 (45.31514632029149,-73.74007073197548)
1 (45.65872495295341,-73.68869193851711)
1 (45.57946968927656,-73.36751981708171)
1 (45.389881927096,-73.52751089980335)
1 (45.39672707270647,-73.31414395428203)
1 (45.611209040542214,-73.68093226368917)
1 (45.26497780112239,-73.4605085587791)
1 (45.56713965988272,-73.61699355449764)
1 (45.26222762489589,-73.6425815106218)
1 (45.52156467317393,-73.41526310746126)
1 (45.32579016263301,-73.3098997520937)
1 (45.33750807301631,-73.58769564669271)
1 (45.26585586125505,-73.5204015779357)
1 (45.342897612578014,-73.45593348849667)
1 (45.351540738802115,-73.27679208467549)
1 (45.51040010926247,-73.54670799655496)
1 (45.6597377703812,-73.4939773076483)
1 (45.33915373005712,-73.43135147910957)
1 (45.36976941664897,-73.40614557024792)
1 (45.57671846323914,-73.38415998826017)
1 (45.32014094471737,-73.47549252189717)
1 (45.56067878003387,-73.66745324764823)
1 (45.41761966875404,-73.35237918956668)
1 (45.49107110201813,-73.66865819873824)
1 (45.40341602529709,-73.6588806041402)
1 (45.36717181913445,-73.51659808818272)
1 (45.53641843680987,-73.32422517424293)
1 (45.63516977812271,-73.69039968642471)
1 (45.44923435689965,-73.3915433446752)
1 (45.29686075451386,-73.5050365347045)
1 (45.26921603576681,-73.64063668930919)
1 (45.323739434686445,-73.71250660788735)
1 (45.57369988236954,-73.53114675306392)
1 (45.70572774703086,-73.29699833480845)
1 (45.366364559018706,-73.36454595166515)
1 (45.33926680673287,-73.36612923066438)
1 (45.519913411024355,-73.69179061662129)
1 (45.72561288964742,-73.34844712301967)
1 (45.52921260383452,-73.35626948440218)
1 (45.60691615931952,-73.49986405861141)
1 (45.458567450092495,-73.65884870892818)
1 (45.715024158607044,-73.49854881832982)
1 (45.646994667095946,-73.46335750316582)
1 (45.745940447879406,-73.66903411946697)
1 (45.5561496558737,-73.62677656536478)
1 (45.50148181562275,-73.62190038121483)
1 (45.606993198184966,-73.43868425748937)
1 (45.35891601659224,-73.32537804525221)
1 (45.4533330227833,-73.28918362903975)
1 (45.339225292156826,-73.33956609998461)
1 (45.38305148399278,-73.5535762226751)
1 (45.54512877366634,-73.64269509579759)
1 (45.42113102716069,-73.68546666548579)
1 (45.63111084205653,-73.6619679560552)
1 (45.73251553543335,-73.74777496888153)
1 (45.749440194056824,-73.28899281189123)
1 (45.587395706167214,-73.58330138733255)
1 (45.58852791539662,-73.31167727897203)
1 (45.456682997695964,-73.53303172592787)
1 (45.68296120398515,-73.33068420619807)
1 (45.25123700413788,-73.55128903459065)
1 (45.6281624690126,-73.34915426685188)
1 (45.304837287147784,-73.74213026558314)
1 (45.6768619736853,-73.3293814205882)
1 (45.42794121397519,-73.25105492998898)
1 (45.429435378916956,-73.59948246758817)
1 (45.72694508515418,-73.59013525768657)
1 (45.455645877632485,-73.56683270959505)
1 (45.39196698378541,-73.35309575872397)
1 (45.701443935388966,-73.25314494922394)
1 (45.30509519428733,-73.38966274794421)
1 (45.441215689658044,-73.7085495780586)
1 (45.61059674987298,-73.35567252873335)
1 (45.33323476101913,-73.38888914680398)
1 (45.31875712188437,-73.63696981316527)
1 (45.32406010456837,-73.59167097365264)
1 (45.585821779446114,-73.46104606143598)
1 (45.72623600956411,-73.54172714018729)
1 (45.52393724368844,-73.56066011256353)
1 (45.26288874680358,-73.69761143313194)
1 (45.74703909020591,-73.53835186846713)
1 (45.73267722687146,-73.31411839110969)
1 (45.35131085665475,-73.59980229775545)
1 (45.69904388813915,-73.74504007182216)
1 (45.66213814332477,-73.57741135003273)
1 (45.748824824862304,-73.40338163809817)
1 (45.3534081636448,-73.65325817516859)
1 (45.397016733217576,-73.71373717735277)
1 (45.459555685019716,-73.41277607727966)
1 (45.636861374742544,-73.29338296635119)
1 (45.355932331452536,-73.31701743820591)
1 (45.44739670725486,-73.4848754349917)
1 (45.478876554995416,-73.37230217253656)
1 (45.274236845519496,-73.73354691882449)
1 (45.39328781762294,-73.701335807)
1 (45.5935816829401,-73.65827257165874)
1 (45.29255898224876,-73.37955155354778)
1 (45.65431984125758,-73.5032373340857)
1 (45.63339692496725,-73.29447363524685)
1 (45.368577301475966,-73.48216226343743)
1 (45.36636203377291,-73.41431698477419)
1 (45.587177041380976,-73.33455510127762)
1 (45.62188290217,-73.71483163196329)
1 (45.65321352221898,-73.7060303134544)
1 (45.2510537999827,-73.6105677428616)
1 (45.6743089458858,-73.74159943207185)
1 (45.30069757546917,-73.5682806868773)
1 (45.39210661919712,-73.54206282201139)
1 (45.322978090432564,-73.64611286542808)
1 (45.356170036637394,-73.37923967231454)
1 (45.381271669617064,-73.5024827341426)
1 (45.3286945242705,-73.29575331486089)
1 (45.716057914449884,-73.45327874184143)
1 (45.4563014975934,-73.42944447303793)
1 (45.277266052697684,-73.42499934878869)
1 (45.74567391775189,-73.60121568189543)
1 (45.71281388160805,-73.65489802631433)
1 (45.270904556699556,-73.38821521315448)
1 (45.427001798512606,-73.72698516333489)
1 (45.32216698487904,-73.57174980646012)
1 (45.486975636474654,-73.50490674002205)
1 (45.377682722683936,-73.50117052703487)
1 (45.460647453848104,-73.72926280270464)
1 (45.34394598191094,-73.5512067561847)
1 (45.715264376877485,-73.48784628552478)
1 (45.462780841660965,-73.47082887026471)
1 (45.29224140806066,-73.44257632428595)
1 (45.62804395864805,-73.52670037456669)
1 (45.700924678157044,-73.60656748979412)
1 (45.58964930265017,-73.43363594325363)
1 (45.341627688963825,-73.60881999910971)
1 (45.64807939744374,-73.6382122522351)
1 (45.27658371362656,-73.26243335069698)
1 (45.45866130574512,-73.57978382776078)
1 (45.71638316068455,-73.36503926825517)
1 (45.47162321609006,-73.59563681654369)
1 (45.37901597822416,-73.50731746540096)
1 (45.33131154066403,-73.66386879384582)
1 (45.30881425748222,-73.74700087064164)
1 (45.7459360622829,-73.68881351469773)
1 (45.31339167635869,-73.32169499064254)
1 (45.41782423784632,-73.52943457643018)
1 (45.38810156074936,-73.62412883102928)
1 (45.5934041645105,-73.45109291474508)
1 (45.34958681015339,-73.44812299038804)
1 (45.651998705133146,-73.64544802309835)
1 (45.39266999928459,-73.53260339007004)
1 (45.4030017229498,-73.41198365865733)
1 (45.41813328182571,-73.68440709160906)
1 (45.402120681,-73.52775403525862)
1 (45.25286326690418,-73.74841961365996)
1 (45.629108064236284,-73.74942705085358)
1 (45.2983868936707,-73.41575125527353)
1 (45.29176736778506,-73.29355656645721)
1 (45.699000047492994,-73.31720256599391)
1 (45.33400770387938,-73.52724622756838)
1 (45.316491533309105,-73.54018760190058)
1 (45.42933443490302,-73.47197267074554)
1 (45.63489066018771,-73.63257597356346)
1 (45.33540129059459,-73.57831674629594)
1 (45.6957176772621,-73.3165831621103)
1 (45.470113052928575,-73.56870636116973)
1 (45.28189189733211,-73.5298812533233)
1 (45.44525575141305,-73.4690055369869)
1 (45.32675320621597,-73.53952032387856)
1 (45.559745110703524,-73.2578893271611)
1 (45.423578410852485,-73.73704369443116)
1 (45.41132166771902,-73.35542499089946)
1 (45.35052477307182,-73.32034807417048)
1 (45.33288479928625,-73.44913514051159)
1 (45.706108594781576,-73.39938285677623)
1 (45.29764594403105,-73.4170490878034)
1 (45.571127847529056,-73.6287006017721)
1 (45.265894442951286,-73.35285407694418)
1 (45.574363263699624,-73.27016372610684)
1 (45.6654080492717,-73.42823855723063)
1 (45.34144345850548,-73.62378044467523)
1 (45.30740308515815,-73.54187521648971)
1 (45.54893505619462,-73.53368595346791)
1 (45.540407799209284,-73.40322171742582)
1 (45.68901989597845,-73.67970284941798)
1 (45.335555586762354,-73.38242285654785)
1 (45.67404690408847,-73.60270762562666)
1 (45.27853293373968,-73.62507810317499)
1 (45.574797360022345,-73.38419828359201)
1 (45.61578063635448,-73.58249402377832)
1 (45.591477492805886,-73.60700072655892)
1 (45.5655344837684,-73.74427162674812)
1 (45.30225385215451,-73.66497000361241)
1 (45.55790560508895,-73.48068399576563)
1 (45.3205719754016,-73.66483500862107)
1 (45.412438214888745,-73.50728016334156)
1 (45.71955021853369,-73.57300352582885)
1 (45.696446522953586,-73.57350665213072)
1 (45.449415988557334,-73.40418728074265)
1 (45.63292010908874,-73.55086842074067)
1 (45.48225266620014,-73.62712482484301)
1 (45.44290112746823,-73.65425664426415)
1 (45.56725115483299,-73.57547280618775)
1 (45.41397411580305,-73.57255106281906)
1 (45.26921079228679,-73.49910429710052)
1 (45.28387334744511,-73.3114601400243)
1 (45.39321015301108,-73.47259588800101)
1 (45.716200241576225,-73.56279283856176)
1 (45.46916918289479,-73.69360307892913)
1 (45.72385706476581,-73.40996107669554)
1 (45.68144947003848,-73.25411639801588)
1 (45.365041161224575,-73.65949266015173)
1 (45.48069089350913,-73.25225899923555)
1 (45.39650752798345,-73.55268976423194)
1 (45.60775800208601,-73.6313290704961)
1 (45.319295416037725,-73.56029850474124)
1 (45.39297073726253,-73.38620856604241)
1 (45.39322842089233,-73.39616081305951)
1 (45.46771963685651,-73.26505265528962)
1 (45.7282353483797,-73.30329998286501)
1 (45.440116577439255,-73.31634233040803)
1 (45.48290270282869,-73.56774707572536)
1 (45.64150783937558,-73.58792552432297)
1 (45.51365789410968,-73.60164547419367)
1 (45.7464768820778,-73.47559008278965)
1 (45.521595361680525,-73.30777669215125)
1 (45.40539054848421,-73.64400483749125)
1 (45.33819638590781,-73.29263072201299)
1 (45.50559238316164,-73.60253312481014)
1 (45.47605629695303,-73.33449991660372)
1 (45.29502332058593,-73.41246599960765)
1 (45.446221455398465,-73.33680567164363)
1 (45.360350250993946,-73.63064020187372)
1 (45.609851261525975,-73.30497277516014)
1 (45.350608949636495,-73.45719935427988)
1 (45.488659123826444,-73.6776466192755)
1 (45.37691873427867,-73.65242413470007)
1 (45.505949202384144,-73.61990425040943)
1 (45.699001689918525,-73.61910096931231)
1 (45.56805437406947,-73.64734023663921)
1 (45.630040471613086,-73.61281596991545)
1 (45.72459396248491,-73.69551411294712)
1 (45.55283415040181,-73.3428543961711)
1 (45.36520805159854,-73.47922673542911)
1 (45.54226251059589,-73.26105357973672)
1 (45.52028856110936,-73.70044792131513)
1 (45.33174504311085,-73.60500026183628)
1 (45.33371550265369,-73.36244868102133)
1 (45.744681325937506,-73.2653814452055)
1 (45.66672012289444,-73.63079646268243)
1 (45.73578588037743,-73.28509052714972)
1 (45.57373490527982,-73.34935258156517)
1 (45.351780705138715,-73.26985869084376)
1 (45.56345367661794,-73.47126619689557)
1 (45.72608477732286,-73.69672445252169)
1 (45.62131345189603,-73.30118998178358)
1 (45.66794092350941,-73.54757211636422)
1 (45.42322274119684,-73.56554776385362)
1 (45.49284537621648,-73.3702629672695)
1 (45.51459950668095,-73.4326650944289)
1 (45.46819713297296,-73.2795510809651)
1 (45.46364510251001,-73.6939292993753)
1 (45.61575919434141,-73.55401830091155)
1 (45.62326893742579,-73.39087555344307)
1 (45.6208250772288,-73.36368124288778)
1 (45.652191702231114,-73.73120157853529)
1 (45.74690940083826,-73.27571597874706)
1 (45.3524935849501,-73.67919356391256)
1 (45.44433244142376,-73.53291393898637)
1 (45.678236777787156,-73.63290172046122)
1 (45.271244126717505,-73.68102582770315)
1 (45.45778021501829,-73.61163399188895)
1 (45.3164337440137,-73.4370680169978)
1 (45.451017565783864,-73.37294239533725)
1 (45.524697563105505,-73.74095894949326)
1 (45.33200783762081,-73.35825637486732)
1 (45.6775870826913,-73.71752119210893)
1 (45.54733134666033,-73.33067345759576)
1 (45.27503679172749,-73.29492753431128)
1 (45.250991705030394,-73.51714782440204)
1 (45.69667065323738,-73.47908759522308)
1 (45.65779839250849,-73.50042276350366)
1 (45.29551267347307,-73.2712644311272)
1 (45.68890205603659,-73.52353359676106)
1 (45.49137746865567,-73.43837848393926)
1 (45.70551854739106,-73.27156313810308)
1 (45.486392727871625,-73.30199926212694)
1 (45.43986564582257,-73.58156210565772)
1 (45.42090599255739,-73.40294304814248)
1 (45.43594977485086,-73.4021523577462)
1 (45.62445425854259,-73.32368803088988)
1 (45.40707837103163,-73.67931155156758)
1 (45.59352527434305,-73.61048602417324)
1 (45.401836808001775,-73.68419296044765)
1 (45.44551582508617,-73.63109307517654)
1 (45.54575692890424,-73.62256475912966)
1 (45.35659227407089,-73.33245917240919)
1 (45.392017897892785,-73.67355885832683)
1 (45.390085148841365,-73.72551019843593)
1 (45.57125771199979,-73.39789918479843)
1 (45.66159984162458,-73.5213233434029)
1 (45.477937896118284,-73.73263553828713)
1 (45.467201571603304,-73.67453996129046)
1 (45.66869111207723,-73.55063902524721)
1 (45.32183328766425,-73.65577814643044)
1 (45.47669578285009,-73.50872077677566)
1 (45.31655127766133,-73.5750998665248)
1 (45.56535924465869,-73.63821626575445)
1 (45.305213709224894,-73.31325591951801)
1 (45.254454701175554,-73.34623268084694)
1 (45.67393331256816,-73.58647442256176)
1 (45.4523453907852,-73.69448752829366)
1 (45.32990622723832,-73.37397709303207)
1 (45.41904267969792,-73.50577208195763)
1 (45.5701545456717,-73.3751999567878)