1200 1200
101 (45.5,-73.5)
1 (45.3665830445538,-73.51555359953608)
1 (45.65527125041389,-73.63586363472439)
1 (45.5755721825143,-73.43808593452793)
1 (45.718431725303724,-73.68858092156702)
1 (45.2697329113739,-73.45262847241001)
1 (45.58573686687498,-73.49460753048194)
1 (45.4439065306918,-73.73597878667506)
1 (45.67037876993179,-73.64863479154882)
1 (45.685195875917536,-73.27250496396533)
1 (45.33017049661276,-73.71819118611332)
1 (45.261801412588014,-73.26221909063821)
1 (45.4456573435857,-73.73326222432799)
1 (45.37959004255734,-73.52116347869121)
1 (45.484327939681805,-73.72015663364085)
1 (45.52254956811486,-73.32648728991562)
1 (45.465368892392604,-73.2864394005229)
1 (45.700020072157905,-73.70107105826669)
1 (45.52895798672692,-73.610920304496)
1 (45.72095674135736,-73.6594125214133)
1 (45.744266298565314,-73.274229606486)
1 (45.30346683233268,-73.44771746943162)
1 (45.36114059638029,-73.68143045052724)
1 (45.40647707232783,-73.3067447615928)
1 (45.421863175941105,-73.37841059945823)
1 (45.63962555895502,-73.26593519901117)
1 (45.50143688434963,-73.348463859734)
1 (45.46733607814668,-73.44170941510514)
1 (45.33751908635024,-73.39451494131589)
1 (45.673520609365525,-73.26155032012288)
1 (45.74442899951693,-73.46585892900964)
1 (45.69446922679207,-73.46859117862333)
1 (45.47957858542735,-73.27608003816195)
1 (45.45922497153661,-73.67891097566532)
1 (45.645228031285455,-73.28098186374149)
1 (45.29910436919369,-73.66559389151351)
1 (45.26364252243125,-73.54190467330457)
1 (45.30101264316405,-73.42984046919382)
1 (45.359528034670774,-73.6907228765611)
1 (45.68281608124159,-73.49002350780542)
1 (45.72004932014716,-73.63810914712886)
1 (45.36327195181428,-73.6745617800633)
1 (45.47978431364791,-73.32631935253309)
1 (45.38388007345205,-73.54384091972885)
1 (45.29564481962445,-73.72179562886548)
1 (45.715508038130515,-73.39014034765702)
1 (45.63509417218508,-73.3713027301413)
1 (45.748755708685465,-73.57263148787992)
1 (45.59991838974664,-73.70810584493795)
1 (45.42376253969884,-73.73699214647233)
1 (45.747358038782835,-73.39186609143758)
1 (45.50252490114225,-73.74603823552665)
1 (45.55058375600176,-73.29747273496955)
1 (45.424778641698126,-73.40900368454099)
1 (45.461299416092984,-73.3339492442395)
1 (45.51711539605349,-73.34270550623812)
1 (45.498682416087924,-73.57486320385657)
1 (45.54423965486933,-73.52781104753747)
1 (45.39092144595195,-73.71633821151127)
1 (45.701136580357804,-73.33778003862155)
1 (45.53828799613925,-73.64780860471437)
1 (45.64540911929005,-73.51678469183362)
1 (45.44997843336968,-73.42407605610046)
1 (45.56015601377109,-73.26601623127465)
1 (45.330889463635756,-73.66502000287193)
1 (45.519500762128054,-73.26526697846805)
1 (45.659040391754914,-73.38148173617266)
1 (45.60124475230925,-73.60853258526488)
1 (45.39953152470546,-73.432385008458)
1 (45.25410618492482,-73.26860919226648)
1 (45.44672873312573,-73.25907411695712)
1 (45.38061953073614,-73.32626613822148)
1 (45.47279009580519,-73.718143089919)
1 (45.4410086570118,-73.30455504180705)
1 (45.58770115441043,-73.74369785277193)
1 (45.618210080887906,-73.53817168736185)
1 (45.58366123336765,-73.71403618953936)
1 (45.70971092413807,-73.58151749249991)
1 (45.54496403357736,-73.27614797809439)
1 (45.42797957411463,-73.71721292473745)
1 (45.25344143747839,-73.49423164643672)
1 (45.698005323230205,-73.66929573103504)
1 (45.60909025631364,-73.53559026809707)
1 (45.337826379108904,-73.65219203242626)
1 (45.71567756043328,-73.68881409536559)
1 (45.695914227847204,-73.39777924385254)
1 (45.35192073111205,-73.32507398762334)
1 (45.397895231395715,-73.29846484233042)
1 (45.26026446348267,-73.46364338778041)
1 (45.32432896996495,-73.28418577436176)
1 (45.537327599167696,-73.38743422685836)
1 (45.30112593497264,-73.51558843240657)
1 (45.40276837321647,-73.27337542328351)
1 (45.734675393038174,-73.42438013038785)
1 (45.25661747517474,-73.55588032718529)
1 (45.56486782275992,-73.5649478132271)
1 (45.70905436774326,-73.72944253930284)
1 (45.440934163347954,-73.65882069225336)
1 (45.68115255033635,-73.5185675843071)
1 (45.44738789890907,-73.61540890825094)
1 (45.730295828633864,-73.29979064887355)
1 (45.520343834395206,-73.69868043278655)
1 (45.449767934656165,-73.35144894446508)
1 (45.39810097531126,-73.3800444407237)
1 (45.62844407644102,-73.43216974084075)
1 (45.54411509309682,-73.27268938534506)
1 (45.33356325981433,-73.34870359398697)
1 (45.465349870640416,-73.38197969589265)
1 (45.69723649142663,-73.56777479452174)
1 (45.724483880796264,-73.73024546427949)
1 (45.44564659559611,-73.55503936288719)
1 (45.71056368997433,-73.72240502850143)
1 (45.60882085674609,-73.38703382372762)
1 (45.38943197058223,-73.41134044353998)
1 (45.388409032726955,-73.27916571981704)
1 (45.302622547626704,-73.59880205072187)
1 (45.3410745200188,-73.50434015061184)
1 (45.52140274235604,-73.46884793452044)
1 (45.355907742938236,-73.74273437221989)
1 (45.591256561243654,-73.69643024755402)
1 (45.36569606955639,-73.70352547150837)
1 (45.72134054715139,-73.70372043333933)
1 (45.33393591009566,-73.39404420056046)
1 (45.58330752822624,-73.45112101073063)
1 (45.30214796099019,-73.68087090835915)
1 (45.58438162193943,-73.3486420514088)
1 (45.6653575555561,-73.29080755910935)
1 (45.37068117586256,-73.55642588658577)
1 (45.367528032713295,-73.63745271592748)
1 (45.59852475643288,-73.61068403301866)
1 (45.37328530513286,-73.3312745790202)
1 (45.68381825094471,-73.46316598794634)
1 (45.57744817079027,-73.43761958135138)
1 (45.30260985566142,-73.65850971476517)
1 (45.25967935552851,-73.48801272597228)
1 (45.36951256749675,-73.49442935432953)
1 (45.27799807292555,-73.42539836877313)
1 (45.56493245454579,-73.6146760491779)
1 (45.42194574349456,-73.57363804322507)
1 (45.71690402134401,-73.57406322913184)
1 (45.713872435473576,-73.365625308929)
1 (45.46882231706679,-73.48857833619815)
1 (45.455111911081424,-73.44279526902788)
1 (45.68047485033734,-73.44170808652154)
1 (45.462739576411735,-73.35159925919231)
1 (45.416514358796086,-73.36058524388463)
1 (45.73215785277738,-73.40968365038631)
1 (45.67387716758909,-73.60242019418067)
1 (45.690929605917425,-73.39605414198778)
1 (45.68763980559272,-73.50291075827428)
1 (45.280080908680304,-73.53542522862149)
1 (45.73341993105045,-73.63392983145604)
1 (45.31052031020738,-73.29724738451024)
1 (45.313666002320865,-73.49777017730148)
1 (45.39427231441235,-73.31457251185617)
1 (45.4750433954133,-73.34958173672375)
1 (45.74289893106106,-73.74696107651036)
1 (45.254612668908884,-73.28836688928654)
1 (45.258783597998324,-73.6650524775015)
1 (45.393609384755,-73.69000486999894)
1 (45.618877764542276,-73.5222129782796)
1 (45.48937296172565,-73.47325677149985)
1 (45.46506107970423,-73.50084370439491)
1 (45.67833517486412,-73.59155826203596)
1 (45.37044200348476,-73.47747402481647)
1 (45.2559674616946,-73.52963728086357)
1 (45.4467264346717,-73.54168355903614)
1 (45.34319944660004,-73.45459995026857)
1 (45.29420764667317,-73.42918935027292)
1 (45.30305903361432,-73.52610783760367)
1 (45.472981615322844,-73.38910220204433)
1 (45.59614825196161,-73.70962565735181)
1 (45.29166781360333,-73.39939963139972)
1 (45.63905685319451,-73.26044860744204)
1 (45.46821600768957,-73.27308052182252)
1 (45.49592910031496,-73.3543243057871)
1 (45.616305522446595,-73.56025968095761)
1 (45.390137676661546,-73.63296445823005)
1 (45.55039432353296,-73.74862856411205)
1 (45.57038141565475,-73.70959716222805)
1 (45.58265094600192,-73.5962510488348)
1 (45.503512474353776,-73.4409409470188)
1 (45.30580292731807,-73.49658160540135)
1 (45.69501134196398,-73.5175873808484)
1 (45.3173615497124,-73.57588569222253)
1 (45.657266521787136,-73.65475925875394)
1 (45.442733088733775,-73.25791057670723)
1 (45.655679203425855,-73.37976708582121)
1 (45.257402876935636,-73.29969743161148)
1 (45.363101110589476,-73.61121697866704)
1 (45.59167899765895,-73.3058437733521)
1 (45.4442275034206,-73.4081285126968)
1 (45.72540840417084,-73.46631812357535)
1 (45.373305021212985,-73.4346015189687)
1 (45.644628909329896,-73.73509674724441)
1 (45.46087786964351,-73.33752642695919)
1 (45.53729642887264,-73.37343545709412)
1 (45.62828381924024,-73.37106308564076)
1 (45.65102736464367,-73.72250717199981)
1 (45.42222477339796,-73.7222184550327)
1 (45.72222220021291,-73.74542916654786)
1 (45.60597517307257,-73.59683418102128)
1 (45.412986693164925,-73.28837167799306)
1 (45.398654434124666,-73.71465031877592)
1 (45.55994331875048,-73.65448265381494)
1 (45.55947827344281,-73.43584225603365)
1 (45.547325911408926,-73.46278140669995)
1 (45.53001678564993,-73.29953282107604)
1 (45.26567667124942,-73.37696673437459)
1 (45.25422546685937,-73.29726274244655)
1 (45.40701516063823,-73.63625327024356)
1 (45.5933788295324,-73.73125741339322)
1 (45.277524878177,-73.40189259298009)
1 (45.441024276556035,-73.5185589337299)
1 (45.37960372596538,-73.74895372138313)
1 (45.72168736747504,-73.29769733815458)
1 (45.72655044189087,-73.68323058557104)
1 (45.42629788207614,-73.67455600077308)
1 (45.70520988903255,-73.34781188202459)
1 (45.69716924074157,-73.40844106881381)
1 (45.29457582264109,-73.60289196926593)
1 (45.72585225714263,-73.28809568926125)
1 (45.58165064488443,-73.41581907018382)
1 (45.36829737774297,-73.38050503675095)
1 (45.28978733609862,-73.48617034984049)
1 (45.413498003415,-73.2528187130302)
1 (45.449289442173125,-73.25281130153591)
1 (45.364150483435566,-73.66957247586141)
1 (45.3952212224703,-73.38643961188316)
1 (45.40085503880648,-73.65362180370272)
1 (45.473180055542564,-73.56203202527351)
1 (45.404994735026186,-73.66980526597571)
1 (45.670209903846775,-73.73090546003456)
1 (45.50966831579817,-73.54533606212298)
1 (45.36508469345165,-73.27177159962666)
1 (45.63291555976968,-73.58027564693697)
1 (45.50986654514998,-73.29420724337021)
1 (45.32296262039001,-73.62517373207965)
1 (45.31294464027352,-73.49638062148149)
1 (45.51132748310003,-73.71106464349944)
1 (45.392686095514065,-73.34166691193649)
1 (45.42636459359782,-73.60949006791103)
1 (45.41038119692886,-73.41595390974773)
1 (45.46719037992545,-73.47707421071121)
1 (45.371340884488234,-73.65898223570984)
1 (45.275920171422484,-73.5004073680545)
1 (45.603805446133116,-73.72898197751549)
1 (45.5747600614492,-73.70259977975633)
1 (45.38674895362073,-73.56016085559239)
1 (45.553735425013116,-73.30284782750672)
1 (45.2997147219997,-73.70726699009218)
1 (45.704701489368404,-73.73471021764509)
1 (45.61049320153768,-73.3404922110323)
1 (45.49776909008246,-73.62752229243301)
1 (45.39975392637419,-73.25739989122259)
1 (45.687392613142585,-73.7384820260141)
1 (45.64566949699892,-73.5163542081802)
1 (45.317104815725195,-73.49042166302446)
1 (45.65611994789572,-73.26809577281438)
1 (45.66424702160127,-73.42213466949018)
1 (45.54124183431937,-73.56865144592682)
1 (45.4290312019053,-73.49435782295035)
1 (45.36488715107211,-73.39768423380193)
1 (45.4258835424181,-73.31511392220959)
1 (45.69998275641852,-73.28168197176699)
1 (45.37925797986335,-73.45310109854944)
1 (45.53983218763963,-73.33105168053596)
1 (45.6609707981817,-73.59717003726509)
1 (45.38507703420484,-73.64422926935111)
1 (45.431596102961294,-73.39366093611771)
1 (45.334336175724886,-73.41033231060712)
1 (45.664575072382824,-73.35147768355165)
1 (45.65546686853608,-73.65467657260369)
1 (45.4384302549527,-73.74725680416182)
1 (45.603942361244144,-73.41864490012827)
1 (45.679839393465095,-73.48984457771782)
1 (45.68501662953909,-73.74694021199525)
1 (45.72831159907528,-73.41452613190997)
1 (45.62714750449796,-73.67117198364745)
1 (45.67182200771973,-73.47305546139572)
1 (45.54557532129913,-73.42901895746235)
1 (45.37199908496377,-73.26551626487263)
1 (45.627004961109975,-73.44287849828726)
1 (45.457322517975314,-73.32439860846166)
1 (45.65901488728516,-73.60095614924352)
1 (45.3132773118687,-73.51000708855751)
1 (45.36111769654256,-73.63716673832717)
1 (45.7395235720156,-73.30942148642336)
1 (45.7483223843335,-73.39401162955456)
1 (45.47587917949757,-73.74871148367009)
1 (45.6725992741187,-73.47476437517578)
1 (45.72127641865462,-73.52996255179477)
1 (45.74282441250267,-73.7478402030412)
1 (45.5828413510408,-73.39090025272844)
1 (45.519581052057475,-73.3571426161915)
1 (45.59585839794131,-73.55550612020404)
1 (45.71762153432379,-73.31747356070144)
1 (45.549620755973784,-73.49899847653279)
1 (45.625843595924856,-73.43376117906762)
1 (45.33903042637799,-73.58990695954506)
1 (45.57231121604561,-73.67690261500766)
1 (45.437300146021585,-73.49570026451845)
1 (45.520150501029086,-73.27743705465797)
1 (45.351222674009804,-73.5465317890618)
1 (45.27907712498155,-73.66105696857923)
1 (45.577210965405044,-73.54414860783848)
1 (45.35686270194285,-73.44713401435523)
1 (45.6236766023032,-73.2798643214999)
1 (45.65522295420454,-73.56297849021296)
1 (45.603301448172246,-73.2867273103805)
1 (45.53541152701137,-73.59246950334763)
1 (45.72737131752652,-73.59662077417006)
1 (45.74022913396297,-73.2779859180622)
1 (45.25357838627315,-73.50301191145468)
1 (45.26120835523658,-73.62923607330647)
1 (45.54856258363932,-73.54442283250934)
1 (45.48241015775409,-73.36162726633174)
1 (45.426950328444434,-73.62242629596102)
1 (45.3155693010346,-73.39023401445652)
1 (45.31976239352446,-73.35107480944572)
1 (45.56525104261553,-73.34321691430111)
1 (45.606800672189,-73.40215217026835)
1 (45.42723290719112,-73.53071213569086)
1 (45.61998746119565,-73.26249195062479)
1 (45.32850072980248,-73.51175431423087)
1 (45.38761846479629,-73.45583790217248)
1 (45.263048887807095,-73.34271366188126)
1 (45.643104552441216,-73.40232669958392)
1 (45.364100815025964,-73.26602122304149)
1 (45.466015327259214,-73.69365395904586)
1 (45.68041621820914,-73.50762391764896)
1 (45.65810087870093,-73.65133990646069)
1 (45.492027492650905,-73.49565416707682)
1 (45.58245639526503,-73.60924155057926)
1 (45.50904858753976,-73.69121685987909)
1 (45.710107683978215,-73.41956369373813)
1 (45.44612505460063,-73.3349892050291)
1 (45.52503357563173,-73.72410151278726)
1 (45.25464539551798,-73.26049728843128)
1 (45.736005134100616,-73.55930303339383)
1 (45.725008876795165,-73.50647576911814)
1 (45.431609053345724,-73.37497021476719)
1 (45.74204637986601,-73.27663551048202)
1 (45.39343660460312,-73.54202276758222)
1 (45.68811622269432,-73.34545644471054)
1 (45.25165741090217,-73.40472946900364)
1 (45.34044796276014,-73.29329146304026)
1 (45.5270605473279,-73.39716701918337)
1 (45.60198274089343,-73.47310959140623)
1 (45.35413426157607,-73.69239712612523)
1 (45.53825958534089,-73.36462509514884)
1 (45.32086798358618,-73.28595782493062)
1 (45.46682304222203,-73.45935175145992)
1 (45.39269968754519,-73.33274552489597)
1 (45.26017795100244,-73.54228991373007)
1 (45.31039385240457,-73.45821995607687)
1 (45.57849328917285,-73.69249652877254)
1 (45.66462448507553,-73.65109432561061)
1 (45.444057517276846,-73.51570656536899)
1 (45.55365025052572,-73.71527868108059)
1 (45.405913985670914,-73.54746707431002)
1 (45.32470744436057,-73.61382493120412)
1 (45.52015519056078,-73.42491327976123)
1 (45.384609729355745,-73.37697737939216)
1 (45.48903115705521,-73.31935877550292)
1 (45.440531684851514,-73.57016310992633)
1 (45.56032737351047,-73.25029017750431)
1 (45.2980667637593,-73.62586201041599)
1 (45.687393895941135,-73.26414928920954)
1 (45.50038827739492,-73.63577687115493)
1 (45.48975769560684,-73.55845410777184)
1 (45.63970550946602,-73.47657908223344)
1 (45.734426586770766,-73.463352541873)
1 (45.610195207542645,-73.40373636093491)
1 (45.378793178110506,-73.25862114893435)
1 (45.40020201986857,-73.49353415768964)
1 (45.67747375119158,-73.604413825279)
1 (45.74073981821825,-73.54338272823456)
1 (45.45746727939265,-73.39873344139195)
1 (45.53718895329429,-73.25485782182581)
1 (45.40869576374066,-73.64364260781957)
1 (45.51157290158876,-73.72265275458336)
1 (45.620287866159295,-73.40564725098893)
1 (45.37391101976182,-73.43572572730267)
1 (45.61689353271208,-73.69348018594437)
1 (45.62288244049008,-73.66440621670823)
1 (45.3138680983444,-73.54867933833214)
1 (45.74839917967825,-73.25907995844607)
1 (45.61534022059566,-73.35089879942956)
1 (45.67167532199211,-73.5223027711081)
1 (45.324978552585925,-73.28080817848087)
1 (45.71199176525708,-73.43679820017515)
1 (45.62569822189943,-73.55872934632242)
1 (45.71359495267113,-73.63677534881005)
1 (45.61159852363165,-73.48682722926456)
1 (45.701030704750494,-73.59935794126852)
1 (45.72309941686473,-73.46671433236718)
1 (45.556703049746716,-73.60664671886136)
1 (45.44454482486355,-73.54274688582828)
1 (45.73056085263832,-73.58704230626203)
1 (45.272466930062116,-73.63408306783556)
1 (45.398553578629176,-73.48693639879079)
1 (45.252256001210434,-73.46574214457364)
1 (45.28386063939479,-73.3507346001473)
1 (45.311156438453935,-73.29044601106354)
1 (45.54288715201275,-73.29840449981302)
1 (45.68631025701129,-73.30894276683215)
1 (45.69663220416275,-73.5853482980005)
1 (45.45799517223009,-73.74680497731944)
1 (45.55727387968705,-73.40937958442642)
1 (45.55025509778068,-73.33036286485563)
1 (45.45967895201052,-73.59393941842391)
1 (45.5537967908388,-73.423476302295)
1 (45.35803277931103,-73.72541730671757)
1 (45.359326947460346,-73.34026673398841)
1 (45.48889894124471,-73.25554815821646)
1 (45.36343018438632,-73.33672363041552)
1 (45.333755979465934,-73.49733673048337)
1 (45.42363866932804,-73.50626787223248)
1 (45.53642191951971,-73.34481661912201)
1 (45.294520349299965,-73.2608973315792)
1 (45.74376580660491,-73.43318122586926)
1 (45.47241331547753,-73.27045805949882)
1 (45.54171838814014,-73.32642960465454)
1 (45.7128594964619,-73.65787741396213)
1 (45.25283276742368,-73.67465077630457)
1 (45.4618421112719,-73.4078632477665)
1 (45.34650867348438,-73.62242515766168)
1 (45.559606440125066,-73.34061668690454)
1 (45.58848273806208,-73.5735526374118)
1 (45.334144854397834,-73.63052330208085)
1 (45.322300150252296,-73.72542201406586)
1 (45.600352496599164,-73.71258128365876)
1 (45.432221330682665,-73.5788171386922)
1 (45.62041080570352,-73.51649239204087)
1 (45.58438083015844,-73.4058105205102)
1 (45.261131967095345,-73.29988512292567)
1 (45.28100361845102,-73.4196255733904)
1 (45.40479819556847,-73.41805687626706)
1 (45.59109733038874,-73.63595420252399)
1 (45.631455228826376,-73.66791545248785)
1 (45.64027742415728,-73.6451970083182)
1 (45.29267061297759,-73.37846764713757)
1 (45.55224535721094,-73.72944853466049)
1 (45.33944281049945,-73.68924617680067)
1 (45.53492812626081,-73.45678089571027)
1 (45.650248136552506,-73.46148367770132)
1 (45.695400961200555,-73.56848411784819)
1 (45.629138241605155,-73.5046358995083)
1 (45.449453206223886,-73.64240242692577)
1 (45.50835158274556,-73.27302379393527)
1 (45.56402046477927,-73.66736088618863)
1 (45.595078189475544,-73.39390759508697)
1 (45.43369476286269,-73.2999073573313)
1 (45.647817875735925,-73.32922346268307)
1 (45.646137434011784,-73.69520032865012)
1 (45.65419759528371,-73.64850673254915)
1 (45.73545788603052,-73.40885335021268)
1 (45.509164672089476,-73.30019342845274)
1 (45.25748462143486,-73.45590263473763)
1 (45.460148289430116,-73.41253470953208)
1 (45.44634320104318,-73.68679455787527)
1 (45.69408237510691,-73.53377718685084)
1 (45.727869114028834,-73.69839547764188)
1 (45.5901089800274,-73.33405453518773)
1 (45.27212168850309,-73.54050647660435)
1 (45.45133169054825,-73.63860415390776)
1 (45.56462876584233,-73.50522156374035)
1 (45.45916488258734,-73.7434656015714)
1 (45.66397974448005,-73.29769776756811)
1 (45.66462481767998,-73.28073518752095)
1 (45.39199809350108,-73.38251154646879)
1 (45.54233499265511,-73.4507444260668)
1 (45.67196286510188,-73.2797560617087)
1 (45.48506835655251,-73.7231977635801)
1 (45.590211628429905,-73.54938940735943)
1 (45.609325221065724,-73.62834820827003)
1 (45.50694585718305,-73.65107459344034)
1 (45.375746200542864,-73.51270719105491)
1 (45.68317304930503,-73.29985704755046)
1 (45.302085486700044,-73.62157814719997)
1 (45.422457821108765,-73.35550648375977)
1 (45.46102037958619,-73.59287118723603)
1 (45.64851806993935,-73.68520495786964)
1 (45.51024889328305,-73.40319929892812)
1 (45.65268994543834,-73.32549359581925)
1 (45.69812804489996,-73.49817429799246)
1 (45.44889921612806,-73.63999601254545)
1 (45.624531088827,-73.26411393912144)
1 (45.26801437807172,-73.52441680964418)
1 (45.51365280276835,-73.65803936875226)
1 (45.70832070135059,-73.54966899015272)
1 (45.37316795288857,-73.70688526647051)
1 (45.43434211286021,-73.25771468002392)
1 (45.67244828644209,-73.7152627336087)
1 (45.58235148642733,-73.63280895997849)
1 (45.57146980337506,-73.38390830346346)
1 (45.687648175131805,-73.56331714916915)
1 (45.27159241586522,-73.6381200265106)
1 (45.49604455793859,-73.38613119329452)
1 (45.73957007062808,-73.29702489380782)
1 (45.4599921530454,-73.36694146070364)
1 (45.376950170954025,-73.28043959113792)
1 (45.54839070794465,-73.7152256520404)
1 (45.66844679815809,-73.3503796790377)
1 (45.71836218315573,-73.46279690560546)
1 (45.44492322755677,-73.41894023323351)
1 (45.507134838638315,-73.74910881498649)
1 (45.639294861878774,-73.723313897729)
1 (45.70267062709328,-73.25524543863222)
1 (45.29696441220476,-73.67213031061932)
1 (45.442782951534504,-73.71162976349558)
1 (45.62632724113763,-73.4050939159374)
1 (45.37422936520145,-73.57196492623049)
1 (45.53943519439804,-73.58006492329366)
1 (45.675627893256866,-73.59777735028236)
1 (45.43808331162276,-73.60827138816083)
1 (45.311033081871244,-73.73416204583745)
1 (45.44638438487789,-73.49925818021175)
1 (45.3346220659548,-73.27793542171847)
1 (45.377322340705405,-73.65247173764939)
1 (45.41117840508577,-73.44438149699222)
1 (45.44782596433149,-73.3420472865197)
1 (45.45192521538907,-73.52813291335679)
1 (45.624580367639794,-73.2854082241679)
1 (45.3907473158929,-73.42745862984643)
1 (45.49109447547656,-73.56470555822908)
1 (45.64195527747664,-73.35933562158472)
1 (45.675468451739384,-73.28291795648319)
1 (45.68748261208743,-73.63516222227219)
1 (45.667855772586044,-73.68360095536568)
1 (45.538770660828604,-73.39382667597111)
1 (45.286790586435146,-73.54481721826448)
1 (45.50658391260146,-73.70007426901303)
1 (45.62435154277436,-73.47369716979871)
1 (45.29061189019238,-73.41172248913962)
1 (45.51155928841185,-73.27837263230667)
1 (45.369951968258,-73.69925379347276)
1 (45.397455493688085,-73.37869416798347)
1 (45.535430731287136,-73.56567106344669)
1 (45.52798698463961,-73.73618522256584)
1 (45.65520976911183,-73.66323142265317)
1 (45.44411952133962,-73.53710500503139)
1 (45.40623518015421,-73.63677950952808)
1 (45.5925313964862,-73.35028414106091)
1 (45.735828232658875,-73.64088162035172)
1 (45.256787816056885,-73.70356573210952)
1 (45.740077986751444,-73.57981783108089)
1 (45.57207296549643,-73.47922707070173)
1 (45.45868482530262,-73.50571955382328)
1 (45.58235715695738,-73.71967539612244)
1 (45.28951736785935,-73.48074549194334)
1 (45.63530254610116,-73.36000400776766)
1 (45.32038321055784,-73.56416932137888)
1 (45.387261475854466,-73.56366291270058)
1 (45.36037757530269,-73.42460806943409)
1 (45.308397361413334,-73.73154143882233)
1 (45.328661885224534,-73.40135054220296)
1 (45.336258803168384,-73.38317774066755)
1 (45.42463774731285,-73.64685050628765)
1 (45.72506344364845,-73.4716037089207)
1 (45.66022017640938,-73.2749301066422)
1 (45.677498717727964,-73.29050115763654)
1 (45.38227697352998,-73.7160940602569)
1 (45.52602266336021,-73.46388852511369)
1 (45.35128954200097,-73.7425860100164)
1 (45.551448454013894,-73.57447517294213)
1 (45.27090387853584,-73.37142370586336)
1 (45.48802243119303,-73.28711333622734)
1 (45.38227836493693,-73.58363007193007)
1 (45.36625577755353,-73.35844570991942)
1 (45.3469986953945,-73.51223296443102)
1 (45.58744628437556,-73.69288967075708)
1 (45.64281832915555,-73.45033653491534)
1 (45.50712677829287,-73.60851717196789)
1 (45.587596003706615,-73.71367293551155)
1 (45.328603370876394,-73.71418208817276)
1 (45.38854060109767,-73.55952328105506)
1 (45.27229659207278,-73.27141511009357)
1 (45.28623630109491,-73.51575245740757)
1 (45.291775047171434,-73.6211488068485)
1 (45.42590982642024,-73.6099326790433)
1 (45.55317138257436,-73.69625394617948)
1 (45.542014482043655,-73.60913630773732)
1 (45.48109666587399,-73.31616069744034)
1 (45.38644410245749,-73.48595880405715)
1 (45.40121952308012,-73.36950656281019)
1 (45.56555338183391,-73.41568819665927)
1 (45.67735270584714,-73.6347957608057)
1 (45.57664909627851,-73.68326798701784)
1 (45.74919015022813,-73.36747274742797)
1 (45.350730433420374,-73.43680560898606)
1 (45.62576336947821,-73.39460566380296)
1 (45.514994345942654,-73.26685957345083)
1 (45.67923730105217,-73.30554317871197)
1 (45.38598574027789,-73.61759316212442)
1 (45.51384069170151,-73.40845150049424)
1 (45.39226003773618,-73.54711373303876)
1 (45.25552767509996,-73.43855606589234)
1 (45.70403945287584,-73.34992156959852)
1 (45.31939244563665,-73.55420543777164)
1 (45.31658209210044,-73.534373174)
1 (45.56391007273487,-73.44154307301143)
1 (45.69384674063285,-73.6124188957196)
1 (45.73375184099979,-73.3676152229397)
1 (45.329524041024996,-73.60760570396951)
1 (45.72622489786514,-73.2751616500198)
1 (45.72361848915371,-73.62044106822472)
1 (45.49031113996763,-73.5001284395174)
1 (45.304503518439994,-73.70769445798716)
1 (45.28183151171058,-73.41511038409286)
1 (45.748735675599555,-73.73406858404203)
1 (45.553437413894336,-73.25847329135195)
1 (45.463901656391435,-73.74090270174237)
1 (45.45393182957601,-73.59982447442928)
1 (45.70338580903835,-73.74717611050976)
1 (45.74784846497817,-73.31779291679169)
1 (45.376183487930405,-73.25306004930708)
1 (45.44326812978049,-73.62574811155511)
1 (45.59974932529661,-73.55562204759138)
1 (45.53352710275057,-73.57513004653805)
1 (45.419357422257185,-73.31001699978036)
1 (45.51677332887608,-73.59448053284383)
1 (45.383564140620315,-73.57760477949147)
1 (45.25625185536377,-73.48505879458223)
1 (45.322101963831905,-73.39491470285705)
1 (45.2837516960303,-73.39109287427793)
1 (45.71989662992029,-73.67423258808213)
1 (45.32882226457144,-73.59426061563869)
1 (45.5188878266742,-73.5078166901062)
1 (45.67716818992563,-73.54791247467799)
1 (45.507946872556666,-73.69335404222625)
1 (45.42305690770843,-73.36684122965708)
1 (45.6804234851785,-73.52824962725731)
1 (45.28262471515037,-73.52307154753382)
1 (45.54871653947128,-73.6346957422755)
1 (45.37764220243183,-73.2671853642854)
1 (45.40575238344788,-73.27619984290718)
1 (45.28260109772937,-73.29811721566557)
1 (45.41436743226068,-73.30935437166461)
1 (45.65191023811232,-73.44214620899818)
1 (45.68732984819835,-73.58211254365884)
1 (45.40853916245066,-73.57397968601295)
1 (45.693098835657004,-73.74168980449505)
1 (45.280623611406796,-73.71936646529038)
1 (45.385407863906636,-73.55144060149038)
1 (45.41834796868139,-73.71959536234041)
1 (45.40837176478986,-73.43666628435945)
1 (45.40984552107726,-73.51352789782638)
1 (45.573055848385565,-73.58428974513428)
1 (45.74190821107493,-73.50248197490521)
1 (45.53630827987247,-73.51068838232159)
1 (45.61897315546619,-73.60732617036192)
1 (45.738145553932526,-73.58570711949612)
1 (45.56215421066621,-73.5055624540951)
1 (45.67009395341043,-73.55897880518287)
1 (45.35901257181412,-73.64896794955978)
1 (45.45362816890511,-73.67715994431026)
1 (45.72431115630512,-73.50953441474142)
1 (45.50521170355451,-73.50754472097177)
1 (45.46217312690668,-73.5829870493408)
1 (45.25243180074881,-73.59475135154553)
1 (45.49086624171728,-73.49508222025827)
1 (45.44433494831075,-73.57277970631466)
1 (45.30285963961023,-73.60617661751769)
1 (45.56830742650674,-73.33472003962633)
1 (45.28485141402129,-73.29422844488442)
1 (45.74570838736148,-73.326747919295)
1 (45.31514031125595,-73.61543406657267)
1 (45.728951510462764,-73.48177082025663)
1 (45.68901607724319,-73.2951215951455)
1 (45.26384442954057,-73.74119768068985)
1 (45.696768744618794,-73.48931581365643)
1 (45.61273328926617,-73.53078277414362)
1 (45.59346776095532,-73.47955696469229)
1 (45.45636340507822,-73.45835101876224)
1 (45.254837860208575,-73.42009854284507)
1 (45.70535492046416,-73.38744209513362)
1 (45.5093590267997,-73.4475276214687)
1 (45.4558057706487,-73.4115163791249)
1 (45.47314420335653,-73.388143969051)
1 (45.41777272203291,-73.60834620122137)
1 (45.691198537341435,-73.4581021517704)
1 (45.63024423399466,-73.29357102877646)
1 (45.50634039983628,-73.74536396936153)
1 (45.6517073672826,-73.31612629997868)
1 (45.335364571188194,-73.39092632033541)
1 (45.68152419615113,-73.7463603595513)
1 (45.43095424232684,-73.74958284140857)
1 (45.72407144526649,-73.60013507999588)
1 (45.747399076459274,-73.40764526730244)
1 (45.45496039706489,-73.51906072066687)
1 (45.70835222133579,-73.26659376688508)
1 (45.386642299498135,-73.58824641413335)
1 (45.49566029694589,-73.46754331549623)
1 (45.25931798009284,-73.7185528105208)
1 (45.43972579290061,-73.73170613177824)
1 (45.30230838746881,-73.25031414478285)
1 (45.693912245585445,-73.7266981839647)
1 (45.62090623742952,-73.64985238035665)
1 (45.61817855058877,-73.33758080751178)
1 (45.464217286110745,-73.36883646813207)
1 (45.68042901861308,-73.72494640928082)
1 (45.52061280863789,-73.61964525387319)
1 (45.707992270014344,-73.29015003339174)
1 (45.66915334355435,-73.48737322977614)
1 (45.48619211698009,-73.63995696797431)
1 (45.28770691098299,-73.45097341912141)
1 (45.50615004182048,-73.34941894866886)
1 (45.28147329231488,-73.52226259278983)
1 (45.60975898074384,-73.26270998728795)
1 (45.449239280610655,-73.3321191036322)
1 (45.366194658785936,-73.74694561205192)
1 (45.64892776837745,-73.59818427512052)
1 (45.74138072047959,-73.72367720607258)
1 (45.45886735484187,-73.49773382381174)
1 (45.48950031281757,-73.44679628503943)
1 (45.656696973084514,-73.54311600740547)
1 (45.703947240243146,-73.37400137476419)
1 (45.35393349755954,-73.61525902525)
1 (45.61403564455228,-73.59177306649812)
1 (45.53096861973534,-73.3532302180833)
1 (45.50333795592658,-73.60097120782844)
1 (45.51462453346286,-73.62468551732066)
1 (45.55569661483759,-73.35171043506361)
1 (45.62838612985525,-73.31327778689342)
1 (45.505756061392354,-73.7320889472307)
1 (45.32404081412359,-73.65469825538797)
1 (45.68228679750486,-73.2656379320782)
1 (45.572695425935244,-73.33300571344567)
1 (45.384624639360204,-73.55702720619654)
1 (45.65300267556297,-73.5132536032186)
1 (45.525223707990534,-73.54460556771791)
1 (45.724918274423835,-73.43515559783329)
1 (45.60462258805855,-73.37177224495274)
1 (45.71842271517448,-73.62563576674941)
1 (45.35904898701168,-73.67696902283635)
1 (45.59838038793593,-73.7055898209495)
1 (45.3354386568896,-73.32425027693343)
1 (45.489071736535266,-73.66803943867697)
1 (45.703820714849726,-73.55293138936514)
1 (45.45492237829645,-73.39109225070072)
1 (45.31282153604281,-73.71573386400915)
1 (45.437566756403896,-73.51972531149232)
1 (45.330465887790076,-73.7001383988638)
1 (45.443621683701714,-73.70539046235909)
1 (45.28950425232765,-73.28732522646604)
1 (45.562408918721985,-73.53179561391087)
1 (45.4741712540407,-73.59712399009203)
1 (45.26835366219925,-73.27894614651056)
1 (45.34358099124907,-73.39581327669865)
1 (45.728899706191996,-73.48563628734232)
1 (45.58589060400712,-73.40640309441721)
1 (45.49551982203204,-73.56306083812781)
1 (45.436914400156176,-73.35820135508033)
1 (45.50276336502926,-73.48907283441628)
1 (45.57704660421344,-73.3440085160068)
1 (45.73827154868591,-73.3738435917951)
1 (45.741151488762185,-73.6192024881507)
1 (45.27530378817429,-73.43328660894535)
1 (45.637505407582694,-73.27726878934367)
1 (45.57855716880113,-73.63658765838329)
1 (45.37392637930664,-73.27099903955069)
1 (45.60392394765206,-73.5085385905171)
1 (45.33190200643154,-73.51762380533263)
1 (45.71332075921549,-73.2661029856429)
1 (45.31282796677855,-73.32956363717447)
1 (45.316836013330835,-73.65174728271154)
1 (45.304394631673084,-73.65027530832828)
1 (45.43618060462975,-73.49355131116558)
1 (45.379710424821745,-73.54683825069425)
1 (45.555790207788995,-73.67396781166309)
1 (45.54692611615407,-73.61746879830704)
1 (45.69091553707448,-73.32533092722703)
1 (45.31292510575413,-73.4130683588065)
1 (45.555650679829,-73.69081900925032)
1 (45.31107063365365,-73.6472040634486)
1 (45.558087287911626,-73.69455781518161)
1 (45.570051483474934,-73.37858890526695)
1 (45.584646345763844,-73.3539053229387)
1 (45.368543563831984,-73.494170910877)
1 (45.661126925362225,-73.74069010598659)
1 (45.6287056243614,-73.69935914325046)
1 (45.59412498474045,-73.25628055635198)
1 (45.450452980337374,-73.33470725749646)
1 (45.60321352692035,-73.52784273961508)
1 (45.67800413667781,-73.68554310063054)
1 (45.2516384962474,-73.26000016711353)
1 (45.320370642745566,-73.53257619710136)
1 (45.671273260227366,-73.38733916445182)
1 (45.71826172969562,-73.50743250866984)
1 (45.65618776625867,-73.36880907760427)
1 (45.561300657988916,-73.36735909766172)
1 (45.668426831776785,-73.44504697550764)
1 (45.71150063479601,-73.58800925826712)
1 (45.65945491977568,-73.64401187791559)
1 (45.28162411290694,-73.69226150515122)
1 (45.36121372661834,-73.26904436607438)
1 (45.550349770159315,-73.48644401391039)
1 (45.341851357790716,-73.53657226861043)
1 (45.57009745987107,-73.36312879233517)
1 (45.65292100099101,-73.4481643102828)
1 (45.737912068950656,-73.5518280830094)
1 (45.31720949426947,-73.38348856669161)
1 (45.654983162005955,-73.65546836986346)
1 (45.71934508458141,-73.28696318354693)
1 (45.296177878683245,-73.50143523408717)
1 (45.66494654274726,-73.69149235708365)
1 (45.34739045819143,-73.26127542416303)
1 (45.46831444746951,-73.67766098795181)
1 (45.5455626169754,-73.45281046092084)
1 (45.4135282271584,-73.7061168559824)
1 (45.47390446006939,-73.33245889144172)
1 (45.30930148787507,-73.58459972938094)
1 (45.523146870779605,-73.31398253139784)
1 (45.62406074041609,-73.63918210935692)
1 (45.62858169828486,-73.41266477013328)
1 (45.34445155909691,-73.4517670724619)
1 (45.43219697901311,-73.31109716544083)
1 (45.74783895574774,-73.30274379784859)
1 (45.699390326460055,-73.47429341776585)
1 (45.717357428428436,-73.71893207717143)
1 (45.64054422978935,-73.3077677515477)
1 (45.55667915097288,-73.2725525366589)
1 (45.74917289523985,-73.65250790105603)
1 (45.48090720192538,-73.50693972222088)
1 (45.37040090216925,-73.44544049472931)
1 (45.569864120343695,-73.57907054970426)
1 (45.45621007254561,-73.64303013089231)
1 (45.4705338476219,-73.40771144747161)
1 (45.34719113834544,-73.50907078990674)
1 (45.52652916882833,-73.29909258800275)
1 (45.44446329315604,-73.60552174297692)
1 (45.29419442185133,-73.68949825286306)
1 (45.29997484265088,-73.29740776943042)
1 (45.5773167032697,-73.29601797529644)
1 (45.45857442690494,-73.28934654147115)
1 (45.6754072765542,-73.60293332160752)
1 (45.33104274604181,-73.65218397151972)
1 (45.494127889222995,-73.73182068440195)
1 (45.46370073546177,-73.4735114552375)
1 (45.510675117536465,-73.34843123040051)
1 (45.29726072441299,-73.67550670203094)
1 (45.321799277894144,-73.3487641820064)
1 (45.375263098951365,-73.6875827904964)
1 (45.627622247439845,-73.64048033069544)
1 (45.47074150567005,-73.5397484051564)
1 (45.52053264473999,-73.3939081651936)
1 (45.74868572649959,-73.55537471086387)
1 (45.3551740310254,-73.67937533771475)
1 (45.37142188744439,-73.66923257448371)
1 (45.27290614159266,-73.43445378213124)
1 (45.38420546234626,-73.47820684407206)
1 (45.64210669674007,-73.71593708004993)
1 (45.28912362645249,-73.44801215121485)
1 (45.25429481387921,-73.68697449373192)
1 (45.42682873397407,-73.74952782340473)
1 (45.58529567235476,-73.26976606281745)
1 (45.63767607295638,-73.48303745878918)
1 (45.290528700282906,-73.35857917244347)
1 (45.666514391730715,-73.56770164452287)
1 (45.3539905202149,-73.43657690525689)
1 (45.40867869270054,-73.32701025935677)
1 (45.45161664464833,-73.37305452420114)
1 (45.368660505019264,-73.2887538059)
1 (45.62144453950704,-73.59516042867234)
1 (45.61748162801328,-73.44022112663266)
1 (45.25536380278349,-73.73003363458847)
1 (45.58997316709359,-73.6358739906079)
1 (45.74022735067668,-73.69952035502094)
1 (45.2589623771177,-73.54566670940265)
1 (45.279711231006054,-73.62023746819376)
1 (45.55979561567795,-73.45747223904587)
1 (45.5225483543124,-73.71673139577469)
1 (45.41567674706573,-73.40674396472686)
1 (45.60762533419594,-73.29483628984738)
1 (45.33197556871039,-73.50058542623337)
1 (45.611919346103726,-73.64606568763419)
1 (45.2859622524726,-73.431818192157)
1 (45.65336565333364,-73.56197781064961)
1 (45.53734908615454,-73.54143104168828)
1 (45.55748441488125,-73.42993435844592)
1 (45.52457190312356,-73.38496166861692)
1 (45.54395886341884,-73.65852894924345)
1 (45.69191903226802,-73.58990494022413)
1 (45.327345111048444,-73.44219119107696)
1 (45.41341680967542,-73.35715983074603)
1 (45.35470719725298,-73.62007813417647)
1 (45.64080612517172,-73.2598201548207)
1 (45.62220918005162,-73.6143452840836)
1 (45.50499538288656,-73.52728189748751)
1 (45.62255947517943,-73.64724489251965)
1 (45.34305099456039,-73.27168351813253)
1 (45.47569084447241,-73.63522937517872)
1 (45.50608753697145,-73.61711270463255)
1 (45.686172721571786,-73.34134377352218)
1 (45.32734500715588,-73.42980700125065)
1 (45.25259087350973,-73.53467096102766)
1 (45.29429189975624,-73.31974276703683)
1 (45.5264926636478,-73.55744936364592)
1 (45.27376832172162,-73.29055065411755)
1 (45.28148448676553,-73.33671298741109)
1 (45.58498413103219,-73.3556132843411)
1 (45.406681126927054,-73.49790931137326)
1 (45.30161306362515,-73.61349397052922)
1 (45.482945252870216,-73.3429309042831)
1 (45.39127446726761,-73.68551317669285)
1 (45.735218410568514,-73.54435216656096)
1 (45.66836986842541,-73.56233265525648)
1 (45.47973308574147,-73.48139305720332)
1 (45.54454282131768,-73.284824743366)
1 (45.70100897355557,-73.70123705331635)
1 (45.70995584465921,-73.49729759759288)
1 (45.30027450273759,-73.53181129535317)
1 (45.668129201390336,-73.25831509410592)
1 (45.354318295172625,-73.39899192528952)
1 (45.477262156874936,-73.57589286122355)
1 (45.41176322142192,-73.41242861487795)
1 (45.62175790084218,-73.44977009883328)
1 (45.43236923701566,-73.27978728452172)
1 (45.64909931261523,-73.2537497592177)
1 (45.44420925547447,-73.58919072894072)
1 (45.55927342050285,-73.57576764418106)
1 (45.35342587801403,-73.46399234743691)
1 (45.426618216561295,-73.65239370110456)
1 (45.59176461999471,-73.54274846146102)
1 (45.367266258452325,-73.28788731875247)
1 (45.42819313107967,-73.6703604012814)
1 (45.739285272980766,-73.63572072809872)
1 (45.302653743401706,-73.60383782984715)
1 (45.37716677109333,-73.44265311813383)
1 (45.46236005698155,-73.43799031597155)
1 (45.71748949165831,-73.31198071028192)
1 (45.494036811659676,-73.34258468761804)
1 (45.3683851324099,-73.73350623567063)
1 (45.549115143083334,-73.57311101798456)
1 (45.511859844923485,-73.55306398397137)
1 (45.653134019100506,-73.57228077359704)
1 (45.505075546825594,-73.7141048094377)
1 (45.4754616450813,-73.31873588752721)
1 (45.66437093898828,-73.4978883099498)
1 (45.31093900000008,-73.40317814660703)
1 (45.474102939992754,-73.61724733005859)
1 (45.29116108429189,-73.62023382973804)
1 (45.36131510192261,-73.3816830686225)
1 (45.49984942635582,-73.65684867726057)
1 (45.71679004823294,-73.74871681449831)
1 (45.71413303215354,-73.73486409664179)
1 (45.52321916382173,-73.40796754669991)
1 (45.4315430124947,-73.32665576576431)
1 (45.27202326134518,-73.61034242440752)
1 (45.67113936762432,-73.308321420622)
1 (45.3117838117017,-73.2550201904929)
1 (45.25642702744306,-73.64488482694615)
1 (45.37329515067808,-73.28157557081234)
1 (45.39758100875509,-73.41633872612014)
1 (45.258923820753914,-73.683635669243)
1 (45.39098935079673,-73.69207974495208)
1 (45.567261929148835,-73.46387721725554)
1 (45.64523536744941,-73.44439391699754)
1 (45.34798730899041,-73.58796674650965)
1 (45.52437931830884,-73.3591318425463)
1 (45.74639393529284,-73.46721341200745)
1 (45.6717626367234,-73.55356789078415)
1 (45.50223194810725,-73.70624759069518)
1 (45.54054641156036,-73.34766859353887)
1 (45.61329723529004,-73.29295575772692)
1 (45.310808880080145,-73.35560051939437)
1 (45.560636512291,-73.58319574252153)
1 (45.717264944798664,-73.26928863445009)
1 (45.7192844983815,-73.3424839050701)
1 (45.54653433406018,-73.2951914979399)
1 (45.44612560466331,-73.25088922525309)
1 (45.68837282938593,-73.27919014374855)
1 (45.344773288051236,-73.65578670784704)
1 (45.64139474084579,-73.61259294650554)
1 (45.35628603622087,-73.46991604900767)
1 (45.280552639723396,-73.55473936456406)
1 (45.614089846155714,-73.45935910014644)
1 (45.4910040586508,-73.63454063299075)
1 (45.43165255167949,-73.74759268063123)
1 (45.460982923257426,-73.30452629078367)
1 (45.362256493749435,-73.6776915006669)
1 (45.50490659401626,-73.51657069815751)
1 (45.48164146276113,-73.72504855538965)
1 (45.25718817587376,-73.36845413969519)
1 (45.396340893427315,-73.43764862213578)
1 (45.43708659454454,-73.43476874726177)
1 (45.47321000626734,-73.39997337704247)
1 (45.63541524274691,-73.34440975402082)
1 (45.418945114392876,-73.4700344873287)
1 (45.715043685193756,-73.59999820058526)
1 (45.61231967082819,-73.52682418941889)
1 (45.44886459202776,-73.55206164218706)
1 (45.50641271154538,-73.68764071210988)
1 (45.44126193707055,-73.34265477842058)
1 (45.47328165612221,-73.41128896978664)
1 (45.692104336920586,-73.51933259478255)
1 (45.65933203174117,-73.59407474897301)
1 (45.36590093321663,-73.39099390479291)
1 (45.25606241415836,-73.69080379791451)
1 (45.42299537530143,-73.55209368663301)
1 (45.56791370147727,-73.55266505092023)
1 (45.254536892273435,-73.34107811781301)
1 (45.3766276785595,-73.5679202281844)
1 (45.33845551870363,-73.32262668812618)
1 (45.35982055758132,-73.31974000189537)
1 (45.69978195747518,-73.69139112565837)
1 (45.720402853207396,-73.3383199745332)
1 (45.61539091649259,-73.28740154992994)
1 (45.72302806828805,-73.6215775177301)
1 (45.550609737931644,-73.69016549549421)
1 (45.51392796129754,-73.43027368831713)
1 (45.25312284449604,-73.6197160555172)
1 (45.42129342060487,-73.42932219734654)
1 (45.2582153698386,-73.61847088627775)
1 (45.39478539496768,-73.54734062967997)
1 (45.27863798137249,-73.71774427211254)
1 (45.344811347423665,-73.4611667977897)
1 (45.562238009488475,-73.50710963766852)
1 (45.384878372250455,-73.38110627701309)
1 (45.300990230808374,-73.7235410025081)
1 (45.363634866556154,-73.31609511027415)
1 (45.56617411140082,-73.66036657010885)
1 (45.59713849425087,-73.73575456705562)
1 (45.526182387915235,-73.36354873797852)
1 (45.37643903122687,-73.51848287298199)
1 (45.37580941462112,-73.73465993868244)
1 (45.63074023106785,-73.28127178414545)
1 (45.46885558498276,-73.29615427376388)
1 (45.57220584557476,-73.62785379407147)
1 (45.59949792717755,-73.49514041444166)
1 (45.73490071818481,-73.52707886940048)
1 (45.722114751629235,-73.52684172949462)
1 (45.54740838881802,-73.44308741376578)
1 (45.634115902524684,-73.74828488307467)
1 (45.44634284458547,-73.48288914971451)
1 (45.27181818469255,-73.32648890133417)
1 (45.54627240221604,-73.7053758231017)
1 (45.28551901228217,-73.3235319979326)
1 (45.53049981687929,-73.34858817166538)
1 (45.46665937722175,-73.46335378134516)
1 (45.71669334895553,-73.57922597938366)
1 (45.39733083203189,-73.35200641512398)
1 (45.68153925892392,-73.4499327259015)
1 (45.38036913858241,-73.43429811497582)
1 (45.39938711541286,-73.56580453533995)
1 (45.286890728997605,-73.46537845770679)
1 (45.56128503495436,-73.51186578808245)
1 (45.427366292871255,-73.25579495510723)
1 (45.59285253900845,-73.37792215672008)
1 (45.412189272096015,-73.41290618511395)
1 (45.38211497119023,-73.73624432410425)
1 (45.71818492432376,-73.25026696807355)
1 (45.361723711313154,-73.68095403298841)
1 (45.31861942827173,-73.46970670797491)
1 (45.36391241433636,-73.52577677136657)
1 (45.266006371228244,-73.63830245382152)
1 (45.581090431612154,-73.47899356702887)
1 (45.539371393658946,-73.38430362388638)
1 (45.52014996958614,-73.5709671847905)
1 (45.2806241121188,-73.62229594365476)
1 (45.5343647409599,-73.30053613850568)
1 (45.7482995060216,-73.48849745527322)
1 (45.35318336771879,-73.39186277366275)
1 (45.4111695930239,-73.52206015518972)
1 (45.50727166978784,-73.71298969955228)
1 (45.58908906838827,-73.46760593136446)
1 (45.66383372566877,-73.30140182919062)
1 (45.42392720287267,-73.39795636540951)
1 (45.6455424830009,-73.5703092054669)
1 (45.729551467003695,-73.66412108110761)
1 (45.305336243290945,-73.63215883962411)
1 (45.42656647936356,-73.4720899330134)
1 (45.46888839543708,-73.27305166516356)
1 (45.314875499194834,-73.66282989336439)
1 (45.33673342561088,-73.44328373695028)
1 (45.375119607110825,-73.5331177813539)
1 (45.55883289633978,-73.6951487730793)
1 (45.61866317133883,-73.28044550003494)
1 (45.65579111542782,-73.29943206084019)
1 (45.72503254741876,-73.38521500156764)
1 (45.562980868058794,-73.30669383650554)
1 (45.31557804271817,-73.45779568688289)
1 (45.31651525792172,-73.58848297267782)
1 (45.71261764170696,-73.27674708544343)
1 (45.283302671157074,-73.39704012768262)
1 (45.424434200361866,-73.42761574358724)
1 (45.3613476635054,-73.71984205808805)
1 (45.378236016760496,-73.61919498861165)
1 (45.741011071940264,-73.67750727404244)
1 (45.595554108295914,-73.40599237211198)
1 (45.623118858211164,-73.42012560864936)
1 (45.56753781636777,-73.68187962673106)
1 (45.735609516136925,-73.41799275260837)
1 (45.54122332316968,-73.43050557178724)
1 (45.57683612021502,-73.71802345159344)
1 (45.27208850183807,-73.32303293447637)
1 (45.54068949436115,-73.64678519506981)
1 (45.53307025635159,-73.34311546978708)