1250 1250
101 (45.5,-73.5)
1 (45.446384870018925,-73.58513708150728)
1 (45.29570913047765,-73.69276213098088)
1 (45.50405544720632,-73.31787660306772)
1 (45.51519913464799,-73.29084083285863)
1 (45.396221479366446,-73.57459004735601)
1 (45.35785898490155,-73.71845422840535)
1 (45.444755048733775,-73.72507010942846)
1 (45.506904283859505,-73.4922762401637)
1 (45.263135677588316,-73.67420738236949)
1 (45.370388510688656,-73.55816756512303)
1 (45.36459328267772,-73.31718029920036)
1 (45.59379377184468,-73.39299476112068)
1 (45.40816066888189,-73.46606104873761)
1 (45.74899076016869,-73.58255731451058)
1 (45.61670812405296,-73.44362299817652)
1 (45.43115062098671,-73.70788295046995)
1 (45.39370912059465,-73.55917818093195)
1 (45.745679430233736,-73.32088176946088)
1 (45.298786266563944,-73.43469119630628)
1 (45.30835975711853,-73.72345517953954)
1 (45.31601298327878,-73.63720905862033)
1 (45.41362163608361,-73.68163633498143)
1 (45.26349671222685,-73.29581429307582)
1 (45.44822868500966,-73.6081939706473)
1 (45.747945537280295,-73.33785172337738)
1 (45.44065357212767,-73.63336206997218)
1 (45.2637207045815,-73.6700972614796)
1 (45.340030061195506,-73.35396347655146)
1 (45.37230353349747,-73.55582996526657)
1 (45.71280715352352,-73.40617566211793)
1 (45.37515569151969,-73.5984367351238)
1 (45.530094448550486,-73.34654270855569)
1 (45.510627759742114,-73.63622173133248)
1 (45.59417569644307,-73.64956771796727)
1 (45.463871899689444,-73.48151092428294)
1 (45.41878109928526,-73.4383255620483)
1 (45.37763994876721,-73.29993473050769)
1 (45.53444699504192,-73.35701624095725)
1 (45.591399254930714,-73.52294011585602)
1 (45.73765512155014,-73.27123450757736)
1 (45.5163743482186,-73.51812608208189)
1 (45.740431566375165,-73.74296218318126)
1 (45.37492307796493,-73.3079147561757)
1 (45.505699058864,-73.47289466469023)
1 (45.494082013860584,-73.42736302438173)
1 (45.27291452181854,-73.63269388032913)
1 (45.44516642762986,-73.54658790514473)
1 (45.38838695070359,-73.72411536878379)
1 (45.56398585948571,-73.25232137807193)
1 (45.5551590113265,-73.3006873859821)
1 (45.269537465002735,-73.38652898987225)
1 (45.508449205220984,-73.57072592956676)
1 (45.622964685046114,-73.57781876955025)
1 (45.40438938243658,-73.56794938430686)
1 (45.73311972932953,-73.5735357170648)
1 (45.382156117730716,-73.72781250884151)
1 (45.420244324450145,-73.68697943923216)
1 (45.32258220524257,-73.34390973830904)
1 (45.49508357616884,-73.61510098666338)
1 (45.2799484069127,-73.49940303599887)
1 (45.597173952022395,-73.55732750981254)
1 (45.40789330152059,-73.67341049052627)
1 (45.26309694806494,-73.47583172186008)
1 (45.43524279981275,-73.3116468989433)
1 (45.263165774752494,-73.48160561753146)
1 (45.37304889570287,-73.72433809392464)
1 (45.25331346366295,-73.70911649896426)
1 (45.650240713486525,-73.73253654863443)
1 (45.43787608600093,-73.65511570330008)
1 (45.28202896255352,-73.52644587986812)
1 (45.72851605891053,-73.30433882147135)
1 (45.47256835866675,-73.7262175575217)
1 (45.31470598601832,-73.4463790045496)
1 (45.741370945120416,-73.64691358190318)
1 (45.63199427429253,-73.40393290317733)
1 (45.74157612330965,-73.26493426633273)
1 (45.42569977847398,-73.44291186957071)
1 (45.40742201094971,-73.3631908067441)
1 (45.4597332615555,-73.41957884567071)
1 (45.428125624730406,-73.29665780163631)
1 (45.41291921796511,-73.7389145283386)
1 (45.295867852499015,-73.26867127492656)
1 (45.63849277150646,-73.45183418307813)
1 (45.316692396216986,-73.44144331924365)
1 (45.73637162887825,-73.30666957197614)
1 (45.504866240714016,-73.62174480819668)
1 (45.302354103210824,-73.29249846705393)
1 (45.70361231743541,-73.66456336390218)
1 (45.27357022331128,-73.66844692839837)
1 (45.5881134755403,-73.62377379297071)
1 (45.4853131457884,-73.66400793567034)
1 (45.410300078616025,-73.54946424877457)
1 (45.39080453039417,-73.46071241039124)
1 (45.43917179704877,-73.6865411900649)
1 (45.37249780233172,-73.72515710683683)
1 (45.535267590393495,-73.66859231908)
1 (45.691199246090335,-73.35743653798579)
1 (45.67338588232008,-73.62471671944795)
1 (45.377587737155686,-73.74744411266238)
1 (45.4937706106636,-73.42513691770857)
1 (45.2696394120915,-73.69430067040281)
1 (45.618716629602076,-73.58388838334776)
1 (45.43901464277048,-73.74133668616967)
1 (45.51891170522053,-73.6137370028678)
1 (45.429640288767175,-73.51059705629673)
1 (45.65182027665469,-73.38970591548673)
1 (45.55252112797441,-73.68675571735811)
1 (45.42302755649271,-73.32319828400091)
1 (45.44223989411181,-73.60062006481657)
1 (45.74070097656514,-73.37868324899671)
1 (45.68265647933775,-73.39707319689215)
1 (45.5431888675261,-73.67926768074936)
1 (45.551992346407815,-73.54134507582752)
1 (45.6802650679377,-73.64620675842609)
1 (45.32078714787998,-73.42092139363135)
1 (45.419640953763974,-73.30051207178202)
1 (45.5601402097903,-73.53819222103047)
1 (45.63210499510274,-73.52229617840017)
1 (45.58220043300349,-73.26111025936737)
1 (45.381013079782406,-73.71534815689024)
1 (45.44004389475005,-73.30567160705989)
1 (45.704841118974784,-73.46066514433714)
1 (45.35987914470573,-73.5649498064015)
1 (45.33512479371788,-73.36327029858829)
1 (45.564946212177745,-73.57470708191236)
1 (45.43634954929269,-73.4016280975935)
1 (45.67752566770405,-73.31527441780015)
1 (45.6892172383152,-73.67832328210221)
1 (45.253150412382766,-73.6934353359736)
1 (45.664204033980916,-73.54440051161673)
1 (45.509413316528615,-73.4264659514461)
1 (45.44843767270572,-73.62786673705214)
1 (45.460689483589135,-73.66327716430276)
1 (45.39566011459605,-73.33933935656808)
1 (45.45964325993137,-73.52477243753538)
1 (45.66640529187735,-73.45467826774461)
1 (45.576565149375654,-73.32707790868491)
1 (45.41350963947676,-73.38567056900342)
1 (45.31838513835964,-73.56721937592374)
1 (45.546686484814245,-73.74544209870963)
1 (45.40063456680528,-73.30111374592292)
1 (45.47913375787994,-73.29525049250346)
1 (45.63767929148933,-73.3284103845442)
1 (45.61900755493754,-73.32366994339789)
1 (45.50922283316,-73.61776095636333)
1 (45.619082527699156,-73.4579080893693)
1 (45.59437904366642,-73.65951417922216)
1 (45.539033285969104,-73.34010132363048)
1 (45.33853940360919,-73.42062483540246)
1 (45.60650929357585,-73.51891487809858)
1 (45.53281093817471,-73.29873463983508)
1 (45.68553909745277,-73.3086298279244)
1 (45.440976680464466,-73.42892512492237)
1 (45.373787822713176,-73.25412939303285)
1 (45.70473107388067,-73.3875609692203)
1 (45.35380531089069,-73.71080252511052)
1 (45.494368753414534,-73.26293510051448)
1 (45.71764056754444,-73.40336315441917)
1 (45.34915581142759,-73.7220947407561)
1 (45.46906132660887,-73.66693911449924)
1 (45.269288443359606,-73.59727080773578)
1 (45.28310593453246,-73.39751483724297)
1 (45.37964474548488,-73.64375068083203)
1 (45.36880805722064,-73.5469179433291)
1 (45.38446089373453,-73.48382764658537)
1 (45.43767283511964,-73.29001972765815)
1 (45.57161432570866,-73.34862815722228)
1 (45.32784663014374,-73.26867553608344)
1 (45.30537160489508,-73.56116096508417)
1 (45.27191057319394,-73.57816113674511)
1 (45.26726001919432,-73.26985020840253)
1 (45.624841515050115,-73.40746672543206)
1 (45.66614733054529,-73.74210765625479)
1 (45.58792226685911,-73.47479090140054)
1 (45.740665274142515,-73.56216688738331)
1 (45.57424620418785,-73.61393207781198)
1 (45.619787668450314,-73.34644562427525)
1 (45.36194979554447,-73.56600552660589)
1 (45.49067538986079,-73.5931200046947)
1 (45.57241956047635,-73.71401959537053)
1 (45.54682568618154,-73.52038790176188)
1 (45.29245860062805,-73.66532512495547)
1 (45.35411442243729,-73.720065943513)
1 (45.33176095758877,-73.73880756982433)
1 (45.57749561157899,-73.65970839943935)
1 (45.67003022257474,-73.54992186787841)
1 (45.456923138076306,-73.50735349372816)
1 (45.60169239025283,-73.5072753799676)
1 (45.50748568653364,-73.42829614093348)
1 (45.43039092138956,-73.63944490699504)
1 (45.64579635577379,-73.41295370949332)
1 (45.30031555604945,-73.26006918661425)
1 (45.31235444101756,-73.33893478140558)
1 (45.376904363970944,-73.55298857317429)
1 (45.66789759819033,-73.34883836080124)
1 (45.605572180072386,-73.71730940983959)
1 (45.59068830342528,-73.73810440805033)
1 (45.68385653517402,-73.35475076330384)
1 (45.49122932906968,-73.39440421832208)
1 (45.67973560980571,-73.30848676721749)
1 (45.391078904737014,-73.41160238019783)
1 (45.416861068510364,-73.67392842292249)
1 (45.28323672958806,-73.31723975322319)
1 (45.326061813746215,-73.69749385850164)
1 (45.502998003743116,-73.40278016606347)
1 (45.431712985656354,-73.25939691924236)
1 (45.69022336276274,-73.4305312565121)
1 (45.50142796386466,-73.60083907172128)
1 (45.41664829770809,-73.5101930046668)
1 (45.63801911892742,-73.40472027604048)
1 (45.68515662987645,-73.69140531352592)
1 (45.733786701905366,-73.27208984456915)
1 (45.281868123944705,-73.30645928663337)
1 (45.73893320961579,-73.5540389941669)
1 (45.37644132706791,-73.31950432145872)
1 (45.61826411688104,-73.40059186606203)
1 (45.32116835765456,-73.39512657553259)
1 (45.68332391537081,-73.27438261168774)
1 (45.29523929172657,-73.59009212338589)
1 (45.690729798258076,-73.54751150194592)
1 (45.27697935876895,-73.49734100327822)
1 (45.69170377539877,-73.65495347781638)
1 (45.30391329410516,-73.33098652490791)
1 (45.602666787298105,-73.61724789099088)
1 (45.59818639608087,-73.33511706182773)
1 (45.342247310781815,-73.5689290101349)
1 (45.393173420833044,-73.52761552472897)
1 (45.646169750073014,-73.73726190251502)
1 (45.69603141257779,-73.65300463274001)
1 (45.32822631986908,-73.60832909179807)
1 (45.26050388595183,-73.31549431213996)
1 (45.30289953362055,-73.29436871148165)
1 (45.724459437331596,-73.59495007938754)
1 (45.62319057956699,-73.3774954498141)
1 (45.68744847517812,-73.51441972488574)
1 (45.61582203760212,-73.25054082015652)
1 (45.4649877052957,-73.52814826945976)
1 (45.41522201620707,-73.7057300995023)
1 (45.358332845862165,-73.73367910490205)
1 (45.30755964116126,-73.7362684801087)
1 (45.52117556312289,-73.28068252764194)
1 (45.29659047113686,-73.71463949878171)
1 (45.38800165365402,-73.45257045029297)
1 (45.69418341164212,-73.29452439197152)
1 (45.65277331548629,-73.63474925572145)
1 (45.32013924764657,-73.5507314117093)
1 (45.45114869481835,-73.35553076005628)
1 (45.56827396606267,-73.52337947655923)
1 (45.70462830235858,-73.29226408216985)
1 (45.65872844889318,-73.4688113819666)
1 (45.53081821029811,-73.57616930973981)
1 (45.35007936473912,-73.74031669533876)
1 (45.71042592587268,-73.40464663235538)
1 (45.729064371665686,-73.3267255661191)
1 (45.428655477138335,-73.37950295197676)
1 (45.43059800108826,-73.66628964307189)
1 (45.376344263671285,-73.63358046478457)
1 (45.266242969378546,-73.42699695028155)
1 (45.30448474023808,-73.686690101852)
1 (45.2554147142674,-73.5025730880671)
1 (45.274699961291354,-73.58454538001142)
1 (45.460335585807066,-73.51590166648634)
1 (45.63779271062439,-73.72156042281605)
1 (45.32311809240394,-73.64845189600972)
1 (45.702663783445765,-73.32991869604174)
1 (45.391344999028725,-73.62553247336608)
1 (45.62869567949124,-73.43323702583585)
1 (45.397127360712275,-73.6827956059415)
1 (45.286123855749814,-73.61344256648604)
1 (45.623859988260186,-73.31939608391956)
1 (45.68096840341671,-73.72414808201488)
1 (45.35475667696382,-73.60756535140314)
1 (45.53377472716032,-73.70285415508059)
1 (45.447736526383835,-73.27709134164299)
1 (45.73471288078194,-73.3877247098005)
1 (45.72234516527774,-73.7263000041558)
1 (45.67151041506009,-73.73247539637784)
1 (45.37613366556735,-73.52861511033454)
1 (45.34124517853026,-73.53508201093423)
1 (45.57028074539165,-73.40562845328704)
1 (45.71219947012327,-73.25255955483235)
1 (45.63723231935285,-73.52384265906171)
1 (45.49777834360847,-73.66498014979034)
1 (45.56674587603831,-73.34285487849068)
1 (45.34092031602662,-73.57719106248861)
1 (45.52096501979513,-73.59772950818288)
1 (45.384479621558754,-73.40636230928006)
1 (45.61401336271965,-73.3376639191504)
1 (45.32073490486756,-73.39753579906808)
1 (45.56708474499211,-73.26678163339633)
1 (45.27148007248216,-73.33776648874762)
1 (45.616120300075586,-73.4409925495875)
1 (45.7490787608147,-73.50223855915779)
1 (45.70590109302725,-73.66734078881707)
1 (45.48841464665504,-73.66290786155147)
1 (45.55174836991939,-73.72911562543294)
1 (45.61984569499567,-73.32176463560418)
1 (45.58801168532564,-73.32123193918707)
1 (45.47407101491011,-73.3967287434381)
1 (45.651138509257734,-73.32599186305484)
1 (45.27124516356507,-73.38848231969409)
1 (45.46435714622403,-73.28931958829637)
1 (45.548725018623294,-73.5912129303805)
1 (45.600868158191275,-73.67191728778255)
1 (45.424510518429756,-73.67928328820479)
1 (45.60292765724045,-73.6485199303905)
1 (45.67674117225365,-73.50526131915265)
1 (45.325319195146186,-73.41153281972593)
1 (45.643536111398454,-73.68253771888283)
1 (45.35344925775505,-73.6028157122248)
1 (45.612016042299274,-73.49792567734579)
1 (45.51866461659557,-73.6492330888103)
1 (45.670521579463866,-73.40618089954317)
1 (45.59637800607186,-73.41382063195799)
1 (45.44384284248449,-73.29929745747096)
1 (45.72620218420522,-73.69502316645236)
1 (45.71770128316039,-73.418728481547)
1 (45.43753012414427,-73.71144018117215)
1 (45.68577530373426,-73.68834848832627)
1 (45.39886313009021,-73.29887019001325)
1 (45.42023710277076,-73.39001687090366)
1 (45.63467624365925,-73.62017577483799)
1 (45.675068909156735,-73.482020509054)
1 (45.46972401273165,-73.7465967574441)
1 (45.28035265000659,-73.4734659934369)
1 (45.36742791029073,-73.51161910903996)
1 (45.67527763827164,-73.61486024868043)
1 (45.626349832866545,-73.56536296767732)
1 (45.55778708130965,-73.74666106509645)
1 (45.58674445264122,-73.56868354285146)
1 (45.69958438148581,-73.46349716185027)
1 (45.57779667698866,-73.46178388359615)
1 (45.68664665608037,-73.30205036916186)
1 (45.30538830190171,-73.72211944790007)
1 (45.697443105723785,-73.44526044531717)
1 (45.740101807783745,-73.49072940116899)
1 (45.4237320359909,-73.45455589121185)
1 (45.31565695443045,-73.39486032573816)
1 (45.372110921038704,-73.2952324496275)
1 (45.38908950266433,-73.3278534096147)
1 (45.55841965122819,-73.40789356401154)
1 (45.445719637203744,-73.36474663283347)
1 (45.52164816263919,-73.30103515153736)
1 (45.45432062305756,-73.39389901384372)
1 (45.6391750068899,-73.5964002749393)
1 (45.59088691676808,-73.43117422132889)
1 (45.42096460462988,-73.64964672336855)
1 (45.253014137380255,-73.45382680462396)
1 (45.29677636341205,-73.29416418321479)
1 (45.381141166360344,-73.44621409324151)
1 (45.387489960879236,-73.41554492817362)
1 (45.58776874799249,-73.68881295144178)
1 (45.36932657111903,-73.4582554883739)
1 (45.47125626966134,-73.64575056624047)
1 (45.29804676323555,-73.59447441044327)
1 (45.25691260292025,-73.61416409233102)
1 (45.65913152630236,-73.64785433508796)
1 (45.564834449772185,-73.59118459710226)
1 (45.449503746427595,-73.46213450319279)
1 (45.651309343221165,-73.59119582171736)
1 (45.27652305499589,-73.73607286538774)
1 (45.408588575801815,-73.40724917099314)
1 (45.28078793045369,-73.4120847142931)
1 (45.736448604619596,-73.55612162761659)
1 (45.65070464342516,-73.50626821142312)
1 (45.61819786173225,-73.37648357345809)
1 (45.59883338450933,-73.30216446445431)
1 (45.34364901194363,-73.46399935118006)
1 (45.41269784737548,-73.59964336158768)
1 (45.322065194465786,-73.32591356129898)
1 (45.576044971290536,-73.71372419129847)
1 (45.31920187067195,-73.32078171072706)
1 (45.48046784043476,-73.65593267451288)
1 (45.73430425531523,-73.61648417099067)
1 (45.411855029646105,-73.4029646489747)
1 (45.705283687255175,-73.551518078741)
1 (45.30130582532222,-73.3639690594425)
1 (45.39328442224698,-73.42079205043248)
1 (45.67595126833883,-73.59868112659773)
1 (45.25146559213473,-73.32775419925582)
1 (45.33154689119348,-73.51392958631627)
1 (45.427061710270124,-73.34966431717902)
1 (45.47575388476818,-73.67570964220556)
1 (45.68064776359614,-73.35217676961383)
1 (45.45870094055055,-73.51805645094123)
1 (45.33202383041385,-73.3631306538596)
1 (45.71572008083186,-73.6083718839466)
1 (45.258247101468385,-73.47354985341794)
1 (45.69607533942744,-73.74165013681056)
1 (45.37607744214703,-73.27633559550131)
1 (45.341054135064816,-73.48321588441081)
1 (45.3384661705752,-73.37998978416411)
1 (45.604966888403084,-73.36113168777273)
1 (45.36270577281435,-73.54593793180636)
1 (45.583401035595166,-73.72534906943045)
1 (45.686471554916515,-73.49362569401505)
1 (45.52450172713419,-73.34097095173715)
1 (45.61722478697662,-73.39754396675752)
1 (45.35110197834206,-73.5676608945078)
1 (45.500309757969866,-73.56469231602499)
1 (45.31420091524562,-73.49627764628924)
1 (45.68156587433836,-73.72972165918475)
1 (45.531589671664705,-73.6672315798098)
1 (45.681388823617674,-73.3381021085949)
1 (45.43935000797347,-73.48285215482986)
1 (45.328913369535584,-73.60514243509587)
1 (45.59850174071201,-73.64822418296431)
1 (45.52735366780388,-73.54054345105092)
1 (45.354250768004256,-73.43149291528772)
1 (45.63452483148871,-73.51439746071118)
1 (45.54109019875899,-73.72555653177403)
1 (45.64618345561317,-73.31115189579532)
1 (45.26343300780508,-73.318357231789)
1 (45.46406239186815,-73.47303554325875)
1 (45.258505230350465,-73.43865017785119)
1 (45.51533889094199,-73.57380119984586)
1 (45.46590477466886,-73.53817256132226)
1 (45.365763171158086,-73.38736915417282)
1 (45.686531346670726,-73.39955306837793)
1 (45.73478781678423,-73.72406121434493)
1 (45.612519077660366,-73.52209481148502)
1 (45.477776948931385,-73.49959576037834)
1 (45.54935408717904,-73.33473292190709)
1 (45.64773695977329,-73.37886931387638)
1 (45.331535014784585,-73.61701093604354)
1 (45.68699920975576,-73.59778114829365)
1 (45.2539353093031,-73.57483805383669)
1 (45.627898287784014,-73.311962351039)
1 (45.30245183856452,-73.3180823234137)
1 (45.40072763586004,-73.55125172134376)
1 (45.569575318461666,-73.52172270825339)
1 (45.457117728554316,-73.57311600065376)
1 (45.48319362090972,-73.32132617911313)
1 (45.41747020895893,-73.60694260090227)
1 (45.36023984668067,-73.49703359334983)
1 (45.34219466225078,-73.66423834866872)
1 (45.32072305173713,-73.73803149787513)
1 (45.50823310784924,-73.25724838851994)
1 (45.26223000168891,-73.25165458397846)
1 (45.744720267488944,-73.52036457151235)
1 (45.400162229666186,-73.68780671844114)
1 (45.44461644869168,-73.36492351994075)
1 (45.32477351140737,-73.2903064859872)
1 (45.32276262336757,-73.41859962428879)
1 (45.61249864769872,-73.36205579455819)
1 (45.33504593165679,-73.6055790203346)
1 (45.25611502436502,-73.54059867316292)
1 (45.40822700093034,-73.31305585434656)
1 (45.54595455630586,-73.52467962246098)
1 (45.255468690443664,-73.66332265457763)
1 (45.54268400329677,-73.27082952495537)
1 (45.56871930249373,-73.46883229097624)
1 (45.431097776447544,-73.29179966639845)
1 (45.28584138227274,-73.49008909946993)
1 (45.33391798363224,-73.53583248698361)
1 (45.427740765604554,-73.64308259109826)
1 (45.59477206671545,-73.40730073366068)
1 (45.68873854291535,-73.31420737386544)
1 (45.61031960374589,-73.30516467877221)
1 (45.542042094957054,-73.43621850718066)
1 (45.50292517300452,-73.60598966988502)
1 (45.591409538659086,-73.45875203066943)
1 (45.27732527180945,-73.30293494895034)
1 (45.25996519491252,-73.3112956598073)
1 (45.59741279528892,-73.53116685531701)
1 (45.65761206899127,-73.40522532060116)
1 (45.452563812787176,-73.46356812727247)
1 (45.60960049086236,-73.65462863387356)
1 (45.25685643226965,-73.54840754475126)
1 (45.360550399162626,-73.41311684285299)
1 (45.339083150404754,-73.28280248172715)
1 (45.39058810521014,-73.6256821473021)
1 (45.336633297491396,-73.67234963752968)
1 (45.593246496205545,-73.38088798567595)
1 (45.70212304353219,-73.71821721577427)
1 (45.26839100659851,-73.41928524047535)
1 (45.36807654709257,-73.69828505815819)
1 (45.47767211718394,-73.50892762359406)
1 (45.59201215160339,-73.66858681653693)
1 (45.29486806660575,-73.43821535076142)
1 (45.621963681235385,-73.50535141960083)
1 (45.35897003442496,-73.70002619918893)
1 (45.580767474590054,-73.43635924172507)
1 (45.403975392132345,-73.7491990601424)
1 (45.366371556820255,-73.37312084806395)
1 (45.596092450234714,-73.50791497280643)
1 (45.40497434156969,-73.45255473004023)
1 (45.55642400553795,-73.57037660756454)
1 (45.27397583255314,-73.52838299523204)
1 (45.38518484172783,-73.31941736323625)
1 (45.5325250045811,-73.41838214460726)
1 (45.33212178253865,-73.41327673422714)
1 (45.55887325789316,-73.51391897148139)
1 (45.47704322494294,-73.330759188793)
1 (45.29579398573028,-73.39286969006177)
1 (45.39422811853068,-73.377349046562)
1 (45.54800469027897,-73.3460631254504)
1 (45.274973082599196,-73.25358471322298)
1 (45.35882837952634,-73.7308070283232)
1 (45.37364911786664,-73.4701005209994)
1 (45.51725711432551,-73.3028495115263)
1 (45.42437800054535,-73.56122545115232)
1 (45.411131113124085,-73.65029534683481)
1 (45.34780169851942,-73.70088317508524)
1 (45.7473227299289,-73.55954003395671)
1 (45.63040616412416,-73.4607683804548)
1 (45.60561537762872,-73.58420265389518)
1 (45.71247456684704,-73.5713797786395)
1 (45.379393237684596,-73.2633309489585)
1 (45.56498285263595,-73.65147080310265)
1 (45.38330834117266,-73.34482084368628)
1 (45.37061422020056,-73.46083434267346)
1 (45.27576748913967,-73.51403476941192)
1 (45.34955703469528,-73.30506831188924)
1 (45.452382189282,-73.5060216603367)
1 (45.28686419658387,-73.2790744422951)
1 (45.71545052225071,-73.59253440624896)
1 (45.724890221291155,-73.5785230636082)
1 (45.31409077088064,-73.28220815950432)
1 (45.58168552421639,-73.63537211504516)
1 (45.37982227250281,-73.65380634152967)
1 (45.644215653267416,-73.34475909547494)
1 (45.35318983957014,-73.55835883034452)
1 (45.46388668333991,-73.6461902605085)
1 (45.708453879478434,-73.4763098349537)
1 (45.651095976308696,-73.70193153892308)
1 (45.63541903814832,-73.60046110673369)
1 (45.42539107409871,-73.37986147263273)
1 (45.330149957562604,-73.73453888801973)
1 (45.528307558379616,-73.69677667990321)
1 (45.679623828346095,-73.35063106926064)
1 (45.747070164998554,-73.31124598845489)
1 (45.39929465744092,-73.63653401600926)
1 (45.32907951702084,-73.57258968628919)
1 (45.59709542806394,-73.58621642075835)
1 (45.48947043125745,-73.53441593426294)
1 (45.29257995040689,-73.6431505706339)
1 (45.5270156002739,-73.72737690309012)
1 (45.61570683515292,-73.59717938415186)
1 (45.2672622389276,-73.35641240760613)
1 (45.746194062717905,-73.360880480983)
1 (45.64602707432006,-73.44272959940348)
1 (45.631423212363146,-73.41105657931766)
1 (45.7312387654749,-73.2701225352029)
1 (45.63854822007002,-73.57502444245848)
1 (45.35660472807749,-73.31896597467549)
1 (45.5547645523172,-73.46979265066493)
1 (45.306693071717056,-73.67932324260099)
1 (45.748619886476064,-73.26501123879444)
1 (45.64975808451208,-73.72708841623697)
1 (45.344798990263584,-73.5377445419464)
1 (45.362001531290936,-73.623938655846)
1 (45.44499052723203,-73.31866117096887)
1 (45.32494997733495,-73.46310277470316)
1 (45.748244664841295,-73.49515332784519)
1 (45.606241617065976,-73.62855796414554)
1 (45.38565617338844,-73.53719046809499)
1 (45.65335467597433,-73.66524657097459)
1 (45.38625831952196,-73.54638039081176)
1 (45.63967229165262,-73.67226074946676)
1 (45.4336886870266,-73.3977535684179)
1 (45.70276752750489,-73.42967304671335)
1 (45.45648894356669,-73.74720496818145)
1 (45.705905012598535,-73.6527964369658)
1 (45.61882613514154,-73.41532003001984)
1 (45.43549438410396,-73.43513788635072)
1 (45.442974254008575,-73.63047978726607)
1 (45.319593603146565,-73.59316498022044)
1 (45.6000700633981,-73.32068311954754)
1 (45.31554890765245,-73.26223548152204)
1 (45.35145846278437,-73.58444171286727)
1 (45.56847101777394,-73.71364545379073)
1 (45.70936814834257,-73.6463968273889)
1 (45.286485844960886,-73.46773164421586)
1 (45.61270921620787,-73.51297437449989)
1 (45.51356110064974,-73.36731963355162)
1 (45.28146007521561,-73.68743825702956)
1 (45.60619836896405,-73.34953964325862)
1 (45.421411960918746,-73.68211951523317)
1 (45.73639365307731,-73.712137173992)
1 (45.599964877805036,-73.67839214819273)
1 (45.65000773955201,-73.71288641454255)
1 (45.40321985074223,-73.53213400336149)
1 (45.70705065101374,-73.36756954115567)
1 (45.41478791903499,-73.40395460442721)
1 (45.41837327134737,-73.32321580099156)
1 (45.627537266053864,-73.60938937919758)
1 (45.27187196226072,-73.67889937374834)
1 (45.610925521487424,-73.33455273631824)
1 (45.61055076896465,-73.60637582540963)
1 (45.60861510851371,-73.64741082232037)
1 (45.68464863911216,-73.58719224109633)
1 (45.733745407925966,-73.25387708609522)
1 (45.25052768155701,-73.53163663241462)
1 (45.56253596884129,-73.70135237804294)
1 (45.73013180450197,-73.47799765302068)
1 (45.70082119571132,-73.72012388381224)
1 (45.47656283543766,-73.48808623298672)
1 (45.312667356572476,-73.61520532470742)
1 (45.61368540487786,-73.25682613012432)
1 (45.65539884068273,-73.57774381088574)
1 (45.730659149318306,-73.33995075861544)
1 (45.36116104849164,-73.47603661370454)
1 (45.415910881372156,-73.27444940934849)
1 (45.54157342713151,-73.6114942727365)
1 (45.70929726918283,-73.72138616858427)
1 (45.2690766813502,-73.58455417069234)
1 (45.53607181270334,-73.60007038840506)
1 (45.60625412866068,-73.30959197180412)
1 (45.5617584044041,-73.50628822541039)
1 (45.612707783400644,-73.34629599363741)
1 (45.67314686077615,-73.5154098504132)
1 (45.65799578498552,-73.57776277150549)
1 (45.447364246242834,-73.2636677527591)
1 (45.40868828467553,-73.36273992928473)
1 (45.518338882423976,-73.47775687409572)
1 (45.537774938095446,-73.62098554182248)
1 (45.68796242542476,-73.38413781576172)
1 (45.525457696815224,-73.37663092584441)
1 (45.45786858669037,-73.67502967656534)
1 (45.3817886349963,-73.58472709257434)
1 (45.37698530425364,-73.43805996099123)
1 (45.723663043352076,-73.60082273663343)
1 (45.70988061971971,-73.67089384248536)
1 (45.381354045344565,-73.42246485153255)
1 (45.431410481725216,-73.70089620445299)
1 (45.59307566792485,-73.33493086873513)
1 (45.44429043802749,-73.51298481701987)
1 (45.36998701120258,-73.3312943003012)
1 (45.69795097473756,-73.65631372975642)
1 (45.278601124265656,-73.64909372533798)
1 (45.55939990809951,-73.55228150832453)
1 (45.69273773741383,-73.47241803001161)
1 (45.34980330857671,-73.66258910030889)
1 (45.512960115245825,-73.28913874699185)
1 (45.4141098403536,-73.59667791797156)
1 (45.43786161689293,-73.56831320996234)
1 (45.43528155055361,-73.34285898122522)
1 (45.59861880030687,-73.33245044456417)
1 (45.43955759285369,-73.39679957427904)
1 (45.73590341795564,-73.34337439458295)
1 (45.56466547899294,-73.6347641189147)
1 (45.606546397584836,-73.49883726696996)
1 (45.67900784477604,-73.33711179497185)
1 (45.456272943467596,-73.64982864439216)
1 (45.346590984779816,-73.31003351070933)
1 (45.68437835907591,-73.39569406607275)
1 (45.42982463403967,-73.5803665429685)
1 (45.25639024365087,-73.4957195994812)
1 (45.31031082688451,-73.64955565033064)
1 (45.491563212789735,-73.3517571130065)
1 (45.28635287458468,-73.28843471918181)
1 (45.56347852585449,-73.56675764138055)
1 (45.67515389495042,-73.33448371077831)
1 (45.404071100643954,-73.36874852889822)
1 (45.50753739183091,-73.41757095042558)
1 (45.69408296606278,-73.70883276321456)
1 (45.453511037035554,-73.48892151691057)
1 (45.25624227368415,-73.59520696130683)
1 (45.25810761356985,-73.4611575337763)
1 (45.441393338204776,-73.71298737713414)
1 (45.49867571362619,-73.68473724007983)
1 (45.51235353240491,-73.6018014922926)
1 (45.397156085207314,-73.38797450234937)
1 (45.58544888583082,-73.61964541443658)
1 (45.73386738327608,-73.59405158141209)
1 (45.38548094453644,-73.61242544924515)
1 (45.6129389279832,-73.3990427606865)
1 (45.40630325908737,-73.63389516715478)
1 (45.42376597412199,-73.3499475064785)
1 (45.546236630632116,-73.72036724967089)
1 (45.32772630105259,-73.50108699021824)
1 (45.405227893127176,-73.61862230475607)
1 (45.474885469563766,-73.55094816756267)
1 (45.68895814726193,-73.49385494734209)
1 (45.42153104938443,-73.26966544063592)
1 (45.564031736567685,-73.50729018318196)
1 (45.37611464570986,-73.71981007999726)
1 (45.34792824697112,-73.25027143592044)
1 (45.448543684043585,-73.5500131772523)
1 (45.59757565025548,-73.35316416671647)
1 (45.515753283174355,-73.40217837131267)
1 (45.481203325017006,-73.65333724195256)
1 (45.64510176132872,-73.71864599331718)
1 (45.27955949298294,-73.60677707618903)
1 (45.7363717231887,-73.46565090517599)
1 (45.464628656143404,-73.662557643558)
1 (45.65302175890288,-73.5037715312904)
1 (45.54665994991934,-73.58843226420751)
1 (45.61382221354843,-73.5347982739512)
1 (45.26361849671257,-73.73923111748827)
1 (45.50712175753305,-73.7375548257635)
1 (45.7110974445029,-73.49754157621368)
1 (45.5717298063248,-73.37268645068336)
1 (45.675279196432044,-73.5883159365586)
1 (45.56076279933305,-73.28828479340629)
1 (45.73671006662135,-73.67559484334286)
1 (45.56779127148812,-73.39444900865601)
1 (45.658453503029804,-73.5904517673942)
1 (45.64823719014768,-73.29548889380557)
1 (45.65861269018952,-73.71455781197776)
1 (45.71320989640601,-73.37345574775294)
1 (45.39426406627947,-73.453433205977)
1 (45.40783191872108,-73.706042490297)
1 (45.351519425292956,-73.37749549497939)
1 (45.3115944304725,-73.27562469165342)
1 (45.344734380608195,-73.48743207485724)
1 (45.31439518834091,-73.48432010858086)
1 (45.47680759663268,-73.67321764459425)
1 (45.42865028697501,-73.5324242168607)
1 (45.70206522856839,-73.28326538598826)
1 (45.59523423732677,-73.74443523770664)
1 (45.56340120345017,-73.30174337299887)
1 (45.72899106401469,-73.43811225896627)
1 (45.746144771273656,-73.44800581912644)
1 (45.32817264894534,-73.42761564397416)
1 (45.30255213834938,-73.56238175831646)
1 (45.4413985822691,-73.73175947263398)
1 (45.25287040395948,-73.42723161602869)
1 (45.645595152031994,-73.52276103977681)
1 (45.26159720587662,-73.69122522737382)
1 (45.438859527489356,-73.29960315287066)
1 (45.72086054139535,-73.31821272921378)
1 (45.59330810917612,-73.70323007420932)
1 (45.346769169846226,-73.4698527281215)
1 (45.544706817289814,-73.3082789170018)
1 (45.30913432092394,-73.45333019630078)
1 (45.318043809233856,-73.62790331982754)
1 (45.470139762239505,-73.32203941965564)
1 (45.30119385835371,-73.45447687668798)
1 (45.50333754804127,-73.4080254110523)
1 (45.38243669024508,-73.52956940492179)
1 (45.50077300559947,-73.49026991139107)
1 (45.56182975773306,-73.39156928077416)
1 (45.65309289837062,-73.462576467027)
1 (45.63129959089173,-73.5886809023614)
1 (45.70516680782583,-73.2588517383456)
1 (45.39380363574012,-73.2687564737914)
1 (45.64805241409684,-73.42199812948533)
1 (45.65802821990433,-73.4655270312398)
1 (45.50706101365471,-73.5654261823163)
1 (45.4018262568455,-73.69327799816634)
1 (45.625230684967946,-73.57336256302366)
1 (45.54496184842161,-73.73886993511455)
1 (45.52169006916796,-73.71767308492961)
1 (45.70971690628806,-73.30123581534306)
1 (45.72519652468812,-73.43483752331801)
1 (45.67652850039158,-73.37409147758774)
1 (45.44455835323137,-73.30700663196083)
1 (45.46106381449341,-73.49757641799346)
1 (45.53970143967669,-73.32573900261681)
1 (45.549002657195025,-73.71889749410984)
1 (45.49981637318482,-73.28605907900507)
1 (45.325286232094804,-73.30077879734463)
1 (45.51832312197497,-73.66189512304547)
1 (45.62570362864504,-73.39962609430033)
1 (45.2783158898596,-73.55174905144321)
1 (45.620426155904696,-73.60279501172272)
1 (45.72670173055906,-73.25561818913111)
1 (45.41146275928057,-73.36620730757089)
1 (45.42042212081705,-73.25073154897252)
1 (45.28899798371941,-73.52979042837478)
1 (45.47394755419362,-73.27458178674237)
1 (45.545187491722395,-73.70882057321205)
1 (45.72366115766443,-73.39902635097535)
1 (45.588224079678696,-73.46423032133839)
1 (45.45179773440315,-73.38889978397366)
1 (45.33435058639463,-73.74429715538768)
1 (45.38028076496851,-73.28262181515971)
1 (45.48098456904092,-73.66385977448604)
1 (45.653100563464506,-73.51070405038782)
1 (45.28023239644571,-73.74531435300207)
1 (45.67480250663295,-73.4808508290754)
1 (45.33880926586448,-73.2881238519105)
1 (45.46220513658014,-73.40551794758723)
1 (45.267744500897074,-73.56042824588208)
1 (45.59664360195338,-73.72933591811497)
1 (45.693239981675646,-73.51757473518408)
1 (45.43483479490475,-73.32972223988922)
1 (45.71866277739289,-73.74799197017431)
1 (45.447886349182745,-73.71430029568045)
1 (45.396891360757465,-73.32681286043835)
1 (45.410022201914586,-73.72341044454797)
1 (45.632097990336256,-73.72200641713633)
1 (45.651273515095525,-73.26504172128944)
1 (45.68053829269928,-73.34650881067658)
1 (45.72168439666004,-73.36293054224534)
1 (45.56103207636798,-73.28295011352853)
1 (45.58850754700989,-73.28636613484048)
1 (45.71755807391873,-73.6250529552873)
1 (45.40241587128157,-73.25240966123594)
1 (45.6987481843471,-73.28163527091822)
1 (45.42393194242644,-73.64777783967932)
1 (45.432055409773994,-73.4753796033471)
1 (45.39707770713061,-73.40855897996907)
1 (45.373982715119105,-73.53913678817925)
1 (45.49367285998533,-73.62122316915813)
1 (45.411998462505544,-73.46751261425224)
1 (45.42876108882164,-73.56805543549602)
1 (45.37862733999973,-73.52084115352085)
1 (45.46531893809661,-73.33418450246165)
1 (45.41369390624025,-73.5023792955974)
1 (45.28470311507306,-73.72179717328609)
1 (45.6768092246342,-73.63766211601049)
1 (45.59821766944127,-73.57992146380968)
1 (45.56892933213272,-73.2774395430165)
1 (45.41473319958608,-73.25532979887177)
1 (45.66917755264352,-73.42246994998976)
1 (45.559466338676046,-73.70165625649116)
1 (45.53111093879967,-73.32967696622278)
1 (45.359828051599735,-73.34974000559332)
1 (45.311224460233746,-73.70478120097492)
1 (45.37567562939547,-73.64249993976247)
1 (45.42172473563832,-73.71649899694096)
1 (45.65335348094243,-73.67231365748945)
1 (45.50946853205927,-73.28175586682579)
1 (45.7255840976741,-73.62791654418602)
1 (45.56344935437191,-73.27009277884795)
1 (45.462571043295235,-73.2612552033531)
1 (45.344328965790666,-73.45854875003809)
1 (45.40360159961609,-73.32252191167241)
1 (45.61124861818245,-73.73578381658884)
1 (45.36298776676203,-73.38376517689869)
1 (45.29351852960112,-73.70606200572335)
1 (45.40935973984961,-73.67801415207724)
1 (45.31777190789431,-73.47994406850029)
1 (45.26312696428576,-73.52177277454365)
1 (45.25478346100025,-73.55914563230714)
1 (45.743347640735024,-73.56403250203303)
1 (45.29439059005272,-73.32799653833928)
1 (45.62229830967605,-73.51462026947618)
1 (45.291818397701654,-73.25329285127891)
1 (45.61371089433333,-73.64874158590067)
1 (45.254198535185104,-73.46806324063915)
1 (45.72894537177725,-73.26299628703946)
1 (45.6521844852277,-73.47287727576106)
1 (45.384292112387726,-73.37093786824603)
1 (45.348304816000464,-73.73080319638487)
1 (45.43214859455237,-73.2734147187308)
1 (45.731058755663284,-73.45897860933938)
1 (45.718990977343054,-73.72047521949527)
1 (45.3317468708599,-73.430987650279)
1 (45.34386197349118,-73.69753607260323)
1 (45.27964304519647,-73.59984396491245)
1 (45.50252197496258,-73.41880641025142)
1 (45.420352039734226,-73.33135911041109)
1 (45.65446143474453,-73.39562836891876)
1 (45.28206028036234,-73.5020314444194)
1 (45.74264803566736,-73.46643745220045)
1 (45.32487579895992,-73.66432125631556)
1 (45.329183208371454,-73.42846423355473)
1 (45.54956657571643,-73.41528302822499)
1 (45.28396809751928,-73.39909173892518)
1 (45.5737446951417,-73.52200651367123)
1 (45.578030101517946,-73.25695111547302)
1 (45.70590711814053,-73.25917356775886)
1 (45.28833668013748,-73.46938061770781)
1 (45.36073215177599,-73.3002681963412)
1 (45.61672400389248,-73.30379162720547)
1 (45.36264388190107,-73.37458280725305)
1 (45.561993814020134,-73.34577761013524)
1 (45.27889522717471,-73.25714407733622)
1 (45.361282617038746,-73.40647071487356)
1 (45.40828348121375,-73.49803723189973)
1 (45.43448312771367,-73.29569281945555)
1 (45.427100538241824,-73.62133824842205)
1 (45.32379858703365,-73.5658666306183)
1 (45.460033200709404,-73.33196866454854)
1 (45.519436537884545,-73.69444467171915)
1 (45.50046741005567,-73.56126826033895)
1 (45.601999162496426,-73.26978258904705)
1 (45.65201326841072,-73.45893655355121)
1 (45.31230340806546,-73.57692567393958)
1 (45.60105632797368,-73.70022413885854)
1 (45.480164471855005,-73.54569586823183)
1 (45.55875355690133,-73.72286067643263)
1 (45.70510248329532,-73.32375914631766)
1 (45.63013094220238,-73.73818658529561)
1 (45.283982590184436,-73.272021419405)
1 (45.677802885330145,-73.57531126532626)
1 (45.623274656414786,-73.448743861358)
1 (45.74832167547228,-73.61585072945716)
1 (45.25691953054165,-73.65218669000747)
1 (45.52027897009681,-73.25990336453444)
1 (45.61471459383979,-73.32938330477825)
1 (45.515019031023606,-73.5314027771745)
1 (45.35068212522033,-73.63081462365257)
1 (45.48318716333352,-73.58284231066744)
1 (45.34605959322469,-73.59729659907325)
1 (45.443324804279285,-73.49559609548892)
1 (45.447352241049344,-73.40631166459517)
1 (45.3023360978095,-73.39266720905212)
1 (45.58631349594636,-73.28030788286534)
1 (45.33188920227904,-73.48567376098681)
1 (45.65577008926751,-73.56915772654408)
1 (45.50967842580235,-73.26723930058884)
1 (45.382884052897936,-73.66301099691374)
1 (45.35996221953728,-73.6336844533569)
1 (45.44974502566943,-73.27019485282435)
1 (45.443904707232434,-73.2810220517696)
1 (45.260111644754694,-73.70760640029889)
1 (45.55698712166171,-73.25973851477397)
1 (45.54067185114947,-73.69821162831035)
1 (45.48811861597815,-73.60069988066265)
1 (45.39536766951897,-73.25180723098482)
1 (45.38306430716421,-73.43575103110464)
1 (45.502130714040845,-73.52112000680638)
1 (45.333421515942995,-73.53218240745535)
1 (45.35280056928722,-73.57561123683521)
1 (45.28161370054947,-73.64021889337585)
1 (45.28904884416901,-73.32002167762562)
1 (45.692234646572686,-73.5170409821736)
1 (45.579807708463285,-73.30373563657214)
1 (45.69056377202439,-73.43957869177574)
1 (45.41900212688386,-73.42046059406582)
1 (45.51018696566806,-73.45142460541213)
1 (45.496311242998935,-73.48551167773165)
1 (45.62339519162719,-73.50669221063809)
1 (45.7082347283637,-73.40015870185108)
1 (45.35039678860916,-73.57550184940749)
1 (45.63191600289606,-73.56903570896135)
1 (45.5563674552633,-73.66200655921925)
1 (45.57997482888427,-73.42753173983255)
1 (45.74897529791314,-73.55647584685948)
1 (45.391027628134374,-73.3613738503636)
1 (45.48325644201807,-73.4979357327955)
1 (45.5876246641697,-73.46028184926857)
1 (45.46558022242908,-73.26321909266856)
1 (45.651009013786535,-73.44161688178922)
1 (45.62393108749657,-73.52201043399911)
1 (45.420402935244184,-73.70836406141797)
1 (45.677847577552946,-73.60557508501662)
1 (45.523453226253636,-73.3685824365105)
1 (45.398097300198565,-73.629343116559)
1 (45.284017723571246,-73.6406233438873)
1 (45.29352973968881,-73.68637349507948)
1 (45.73365100226214,-73.39996125056389)
1 (45.40053727215116,-73.58995510744111)
1 (45.67394809483388,-73.68939929409227)
1 (45.67916798103296,-73.3892058806226)
1 (45.69833089942306,-73.31470437265163)
1 (45.73917216552118,-73.61151260936721)
1 (45.68391242755976,-73.68239508204316)
1 (45.72912750321353,-73.40000876315348)
1 (45.506750370181905,-73.30544820782713)
1 (45.72227656112283,-73.41301858499337)
1 (45.617101623867654,-73.4061078686502)
1 (45.3238231517418,-73.53550097584878)
1 (45.63521570502559,-73.2827743259309)
1 (45.506172557410466,-73.62000723904511)
1 (45.29275539872673,-73.58011715647218)
1 (45.350963980192795,-73.62652209820448)
1 (45.350109090697885,-73.3081008148693)
1 (45.439731693530625,-73.6667881332184)
1 (45.565659652268074,-73.39652836243448)
1 (45.58864466353236,-73.57931890325335)
1 (45.37950089692759,-73.7470021283292)
1 (45.4670129538267,-73.26628674327534)
1 (45.701143140166366,-73.65386817747307)
1 (45.374112015189766,-73.6128266891777)
1 (45.55842526233234,-73.60975424154863)
1 (45.57436482993017,-73.38302823609881)
1 (45.37315153231296,-73.38972877538787)
1 (45.607034648271274,-73.54499235038087)
1 (45.27789710417819,-73.42090203865959)
1 (45.39331963450169,-73.51981153318023)
1 (45.677976951863634,-73.29145757369801)
1 (45.261103964733344,-73.37618607102151)
1 (45.692748790295894,-73.33464585325625)
1 (45.6956081284378,-73.50362038242504)
1 (45.681221259970705,-73.53918969446383)
1 (45.7027945240866,-73.29274849979929)
1 (45.268364474899414,-73.58784387336333)
1 (45.641622726386956,-73.33131838926597)
1 (45.64057095104041,-73.610519645329)
1 (45.74111202387814,-73.58872032997424)
1 (45.37139024347543,-73.25742743304065)
1 (45.26865723435719,-73.51067482210142)
1 (45.67196210636424,-73.45110939482473)
1 (45.45715688019325,-73.37880113223267)
1 (45.73449819142384,-73.6640260545356)
1 (45.33025134328107,-73.70726813932326)
1 (45.25171324488818,-73.29052958943196)
1 (45.48733164414955,-73.3505842414472)
1 (45.250282726904366,-73.63859902852629)
1 (45.7229680074087,-73.38281407157803)
1 (45.572204343879804,-73.2576307399917)
1 (45.559020395361415,-73.67911472748294)
1 (45.674366853765605,-73.74387048204858)
1 (45.36193180100948,-73.48546511339364)
1 (45.39368019235761,-73.32474137455381)
1 (45.70256806895093,-73.601817180317)
1 (45.4427969895072,-73.4173648296834)
1 (45.49145637852795,-73.62762838075001)
1 (45.6597560333927,-73.48498995917723)
1 (45.68838803962255,-73.52684030609578)
1 (45.433804137481324,-73.37783933780534)
1 (45.54208911304796,-73.561848588143)
1 (45.26920382578534,-73.44204746083753)
1 (45.363026005059304,-73.42286504577052)
1 (45.629009621832296,-73.51191089490939)
1 (45.270401258002714,-73.64030309054401)
1 (45.521597055149456,-73.4665873949329)
1 (45.68300824256325,-73.61342328371656)
1 (45.25415360298645,-73.33267369173949)
1 (45.542851397785824,-73.3184559784983)
1 (45.37939238392936,-73.44876040663311)
1 (45.37030244883615,-73.47377392130606)
1 (45.60442434749794,-73.47710472914753)
1 (45.25005067003658,-73.63841777315793)
1 (45.31402616351412,-73.55097999386933)
1 (45.73821926290015,-73.4033831183446)
1 (45.38446649613947,-73.58405406229723)
1 (45.46275758858452,-73.50255802614213)
1 (45.628603967588646,-73.74031641748391)
1 (45.36158257402086,-73.32205574183678)
1 (45.51814642697829,-73.26961669541609)
1 (45.56593089394735,-73.4229173076913)
1 (45.27476125556856,-73.35479574533956)
1 (45.38999671835795,-73.31276479146351)
1 (45.5081527822379,-73.29168280101693)
1 (45.732168182135844,-73.30696576507272)
1 (45.30627332153263,-73.73290064004803)
1 (45.428038804041584,-73.40922569595016)
1 (45.5505103115649,-73.37046342738628)
1 (45.720858831792334,-73.71525487253965)
1 (45.73699264867582,-73.31057002710747)
1 (45.53120413056385,-73.40126232048829)
1 (45.734085268139765,-73.50678834963487)
1 (45.61437909590036,-73.40150943931842)
1 (45.69569172411375,-73.4649944356479)
1 (45.49143297571115,-73.40601164272046)
1 (45.280160245755255,-73.51497298596374)
1 (45.72765748693642,-73.32070668691466)
1 (45.39538958679859,-73.25950374996785)
1 (45.71104671220153,-73.32801394862656)
1 (45.40215685348864,-73.36205139579408)
1 (45.552438765011225,-73.66568921261877)
1 (45.5597400553438,-73.618844503063)
1 (45.588921627835646,-73.70623529347952)
1 (45.49058413471809,-73.2801719647648)
1 (45.72257446043078,-73.36785879578838)
1 (45.574059867539454,-73.33914338699995)
1 (45.46772820643448,-73.321069373507)
1 (45.453290929668846,-73.49395292363123)
1 (45.6116681992466,-73.37249786006225)
1 (45.25357491304888,-73.71185388409333)
1 (45.31606444081274,-73.30936533363457)
1 (45.666100434691586,-73.27959442900325)
1 (45.29940375950011,-73.37426555180913)
1 (45.746462489319974,-73.4159829656854)
1 (45.44431087173124,-73.41052875752999)
1 (45.6139048110067,-73.44754408101029)
1 (45.26788429436855,-73.57341521443783)
1 (45.71426793729032,-73.70789475131072)
1 (45.6780357862415,-73.34174239140094)
1 (45.42729825630418,-73.71551279582121)
1 (45.31431052698289,-73.38828014064143)
1 (45.55727355339206,-73.31298782545026)
1 (45.53777857856475,-73.67535366522681)
1 (45.644826455262915,-73.31363794163408)
1 (45.29132623019045,-73.43457459454315)
1 (45.57739817541372,-73.29854327229597)
1 (45.599039375367944,-73.4664758795265)
1 (45.655930572784655,-73.53859048097534)
1 (45.41135907542959,-73.45705682562941)
1 (45.59620521579046,-73.582040293368)
1 (45.33130308876639,-73.2538498046929)
1 (45.404664134414695,-73.3484231732096)
1 (45.47628495164753,-73.27410104036062)
1 (45.67059765536391,-73.60423611450291)
1 (45.33992606969608,-73.43201275098632)
1 (45.559260469731605,-73.46495653912127)
1 (45.51874392411034,-73.67072518373014)
1 (45.67377776745766,-73.57130727429822)
1 (45.559713364797844,-73.3678217481836)
1 (45.47762935002546,-73.32549957813961)
1 (45.466435855805194,-73.5506214407831)
1 (45.634050007078635,-73.5453490042564)
1 (45.574014827687584,-73.50937805316308)
1 (45.4238605966296,-73.60070209280507)
1 (45.56572399911948,-73.53273619488091)
1 (45.34904488351918,-73.53752965487821)
1 (45.35816809893051,-73.61039941953094)
1 (45.61581285536649,-73.37033545086098)
1 (45.425874487364716,-73.55294655761455)
1 (45.4179422697964,-73.63319706048775)
1 (45.3711167167695,-73.56808744815183)
1 (45.30886579403519,-73.42379868054701)
1 (45.67025998540114,-73.4063801140201)
1 (45.45927194112666,-73.55323360704905)
1 (45.5440312872439,-73.74753653837145)
1 (45.745913713509935,-73.52714686731379)
1 (45.30585552206303,-73.54092489741669)
1 (45.40686977724535,-73.43095704104317)
1 (45.33976209868337,-73.54073153900124)
1 (45.42867870644285,-73.37343847558903)
1 (45.54735477481658,-73.28747638280669)
1 (45.4015675064514,-73.45886375013795)
1 (45.68195099372923,-73.28318089825015)
1 (45.29042161118532,-73.3081988357609)
1 (45.45723472876761,-73.58746846472954)
1 (45.421194236196975,-73.43451147548816)
1 (45.677630924845936,-73.52623210247428)
1 (45.475128652777094,-73.29679633432727)
1 (45.38809704378074,-73.65323522713564)
1 (45.41646791259732,-73.60983827207995)
1 (45.68214116666269,-73.5381165270296)
1 (45.55325220115692,-73.47552833503472)
1 (45.33861410025617,-73.37175040039088)
1 (45.34535480094435,-73.62321465088041)
1 (45.3801861976007,-73.2817701873502)
1 (45.62908350491627,-73.5032137824636)
1 (45.45940793439113,-73.63729133905548)
1 (45.623475014114995,-73.66852576018417)
1 (45.681866697237844,-73.49247773332928)
1 (45.419835625858745,-73.30508915452965)
1 (45.57019015640656,-73.6735744863283)
1 (45.63313243055222,-73.43058044678568)
1 (45.3575104371729,-73.35338608199305)
1 (45.51151480149077,-73.67580486809524)
1 (45.67449093218121,-73.28090918487712)
1 (45.55854696537991,-73.69114408789683)
1 (45.460131455961935,-73.64193502036898)
1 (45.621658121704456,-73.58331875573235)
1 (45.58330531176326,-73.31891653545041)
1 (45.439867286735094,-73.3848921201198)
1 (45.70934543372463,-73.59525119216495)
1 (45.32401592186706,-73.39048383331391)
1 (45.38398477286023,-73.6103604572894)
1 (45.46354227242936,-73.25958104836198)
1 (45.635569578762,-73.61755284858953)
1 (45.31525678230322,-73.58612683118956)
1 (45.61570239316242,-73.32663762565862)
1 (45.63162921334154,-73.66973390198066)
1 (45.4083349976628,-73.32761172850121)
1 (45.42877340599909,-73.49241472724897)
1 (45.63781953822707,-73.29047318346845)
1 (45.57761683141057,-73.40813692476956)
1 (45.39753979045937,-73.31931934018327)
1 (45.72566743215277,-73.29030587756306)
1 (45.3024823111405,-73.5063692338594)
1 (45.42134144273097,-73.35444447725112)
1 (45.6414709056403,-73.38340433403256)
1 (45.61799136426782,-73.57988284507073)
1 (45.66777587792801,-73.60435282073128)
1 (45.68057415853117,-73.59518890435866)
1 (45.52042293325063,-73.3133477951491)
1 (45.60432563688667,-73.56736358533146)