1300 1300
101 (45.5,-73.5)
1 (45.612764777093176,-73.25757031095476)
1 (45.38185739120721,-73.54449237304956)
1 (45.55974194166752,-73.29354355117161)
1 (45.32276907044113,-73.34558808608588)
1 (45.34074731608037,-73.50927520189846)
1 (45.63816876308305,-73.46977741430709)
1 (45.41112251765572,-73.74275008965253)
1 (45.25142079419643,-73.60977710846885)
1 (45.38205223382264,-73.3197560407661)
1 (45.585990509981215,-73.7017732001489)
1 (45.68598605941126,-73.36088118404284)
1 (45.511431652072346,-73.52536013779313)
1 (45.33270571354247,-73.51875137134351)
1 (45.699362562956914,-73.68311427147374)
1 (45.43976852317605,-73.50218198276785)
1 (45.35270343581371,-73.3396692103747)
1 (45.69029684673627,-73.72389870384923)
1 (45.62349735185041,-73.38482873618807)
1 (45.73094569920871,-73.37283749282624)
1 (45.52731386716158,-73.70429559393222)
1 (45.27336982250001,-73.66076423349837)
1 (45.29553453263728,-73.49501271677438)
1 (45.30362420651856,-73.42606028317368)
1 (45.3807455729144,-73.54990627487959)
1 (45.33567068608191,-73.69500026994626)
1 (45.74501372320956,-73.6589879512589)
1 (45.56752621136756,-73.70270433559864)
1 (45.6159970974651,-73.73031688359181)
1 (45.61157707120455,-73.26217718890312)
1 (45.591643393688074,-73.42523941987244)
1 (45.67419612972744,-73.7404518869776)
1 (45.31065418552758,-73.5276182233046)
1 (45.654038917680545,-73.25583688671236)
1 (45.382943984723,-73.42642986783495)
1 (45.613257359675394,-73.54962011238635)
1 (45.39199935356157,-73.48515309705806)
1 (45.45135826966504,-73.30931448585436)
1 (45.539343470663525,-73.6997881822387)
1 (45.37754721078298,-73.52863465314239)
1 (45.40023788947685,-73.4101402965963)
1 (45.43413628900365,-73.28187527589326)
1 (45.299303422427215,-73.42616828856998)
1 (45.37095806530579,-73.5672166343636)
1 (45.49491851146755,-73.26274275683232)
1 (45.60871567960201,-73.63471365645528)
1 (45.68205366401539,-73.74207569993293)
1 (45.35781302391043,-73.4603302618003)
1 (45.28462665046891,-73.52337665410853)
1 (45.67844657159389,-73.2573610257777)
1 (45.61051379729714,-73.65395841804278)
1 (45.37760414152659,-73.63093781761424)
1 (45.68502860571339,-73.50505832892745)
1 (45.63910402025583,-73.68004958630802)
1 (45.46197952137031,-73.45905908435903)
1 (45.673921152158336,-73.53460881331111)
1 (45.63534466826401,-73.45258595666925)
1 (45.4597852392258,-73.48257866444075)
1 (45.43915201739684,-73.45212536727303)
1 (45.311399253903716,-73.49403034674255)
1 (45.62832926456126,-73.64535273893782)
1 (45.585614696896684,-73.58523070586071)
1 (45.279088485408145,-73.57227528628013)
1 (45.27951360342224,-73.58646540275777)
1 (45.63383638995001,-73.59558869923866)
1 (45.623585221619244,-73.48228368886676)
1 (45.442651899087004,-73.51931450002941)
1 (45.50704896816481,-73.58220607364046)
1 (45.62104828364015,-73.30882766564095)
1 (45.69786314400257,-73.35366683029774)
1 (45.552038217758614,-73.74380238956569)
1 (45.33607250970597,-73.30706850969162)
1 (45.50944562624306,-73.44839655765485)
1 (45.58588579703516,-73.36530647172054)
1 (45.46895907316846,-73.59016369171103)
1 (45.62923789689849,-73.67697643825794)
1 (45.50359729701943,-73.62072377231753)
1 (45.371579249577856,-73.34370903912861)
1 (45.53105809949905,-73.74714281564908)
1 (45.30924880042134,-73.52768030371051)
1 (45.39184780434246,-73.3732634849708)
1 (45.47702462002875,-73.3853279749868)
1 (45.58913904713785,-73.53489743002108)
1 (45.25431000841921,-73.73765864688139)
1 (45.51398061650168,-73.37183280500997)
1 (45.5589009462941,-73.33626137568322)
1 (45.612783785318584,-73.43302838281633)
1 (45.59839410677129,-73.51724880999012)
1 (45.727935346163974,-73.5991587250213)
1 (45.381032843381576,-73.45282743066464)
1 (45.256938322972246,-73.62884280586205)
1 (45.610152071720705,-73.6120537681073)
1 (45.33065714600238,-73.2914315092902)
1 (45.399370943375956,-73.42856434788706)
1 (45.4070449417341,-73.74014720169926)
1 (45.4492957072267,-73.5436719235927)
1 (45.51315615332492,-73.70466174694442)
1 (45.42073340499329,-73.34820178362686)
1 (45.34529868592713,-73.7418674130786)
1 (45.72428017418799,-73.3857967725883)
1 (45.5548554566983,-73.6776375257246)
1 (45.32163649119886,-73.504150479911)
1 (45.30560610602784,-73.50079248520443)
1 (45.4001146668338,-73.44873335823505)
1 (45.587305277112335,-73.33327901497672)
1 (45.438542401501834,-73.38605715368838)
1 (45.30982465317155,-73.6977390415641)
1 (45.730129412650896,-73.62037830420985)
1 (45.38234197451561,-73.63518703679306)
1 (45.36585242074238,-73.52897150863882)
1 (45.302860639829795,-73.29143326170194)
1 (45.510527062318616,-73.48671039167978)
1 (45.74476959834543,-73.39118261214783)
1 (45.52297361941251,-73.28067203003714)
1 (45.72920395932595,-73.55340730901746)
1 (45.58154667954796,-73.72983843974306)
1 (45.71464230603497,-73.67063439250495)
1 (45.476787141249474,-73.42369770551493)
1 (45.318477795971184,-73.57820689834165)
1 (45.62406834141746,-73.67665355303635)
1 (45.40922577417752,-73.47737075885308)
1 (45.630846175307404,-73.46263240291779)
1 (45.47258122418914,-73.54820718292103)
1 (45.425486592629404,-73.74613232148909)
1 (45.45971563948343,-73.39497354707414)
1 (45.51763189784023,-73.26218882830881)
1 (45.27200302899426,-73.40733352762938)
1 (45.413680805257364,-73.4183381811912)
1 (45.6227911947922,-73.29625024493053)
1 (45.55519526886022,-73.59663882884341)
1 (45.743884761676,-73.47298429960769)
1 (45.382910549572856,-73.72316756233262)
1 (45.272082351198556,-73.58368143703788)
1 (45.254513076738476,-73.54613715355626)
1 (45.65941122521824,-73.39045236608693)
1 (45.46046421751189,-73.62188780593846)
1 (45.59962813998372,-73.30264066720888)
1 (45.488886082184194,-73.55048524679566)
1 (45.253106444284384,-73.70914225550561)
1 (45.48788887398411,-73.52951367279883)
1 (45.48240467972881,-73.3441831331818)
1 (45.56170766614479,-73.30588224322526)
1 (45.381613250967284,-73.73487988401799)
1 (45.615629566409325,-73.60106943004202)
1 (45.59400099033523,-73.32920060291151)
1 (45.43393079943619,-73.56520977265629)
1 (45.264534753476326,-73.68761166566968)
1 (45.53490616081645,-73.27978321581581)
1 (45.46652051599904,-73.64073896371119)
1 (45.59756183177762,-73.27739766539892)
1 (45.57491552466268,-73.56878987480837)
1 (45.39565588646092,-73.480260723405)
1 (45.33278665318229,-73.44627561833383)
1 (45.70650876530322,-73.37641730423188)
1 (45.27194096754483,-73.51774120194126)
1 (45.5843696386691,-73.6546849611288)
1 (45.70393036542058,-73.42675343358)
1 (45.70111264061012,-73.40544955349121)
1 (45.69343272081265,-73.31131533807934)
1 (45.66065026284389,-73.36508905111566)
1 (45.262438005921304,-73.30416816122259)
1 (45.28768970414043,-73.53677407470747)
1 (45.550718401284435,-73.5361104356476)
1 (45.37632078365843,-73.3597488419255)
1 (45.275737426066286,-73.63450614486868)
1 (45.25941284712115,-73.42292704497378)
1 (45.59345365432858,-73.33757235178224)
1 (45.32591094765852,-73.52674236889699)
1 (45.360400583905665,-73.70782936293439)
1 (45.26986015249746,-73.68967397944061)
1 (45.33697482785092,-73.52526459287412)
1 (45.402349920365914,-73.47272279190412)
1 (45.5520407270315,-73.27230440901135)
1 (45.29555888734656,-73.25634462569101)
1 (45.369760199881185,-73.68860570599206)
1 (45.35669356943307,-73.34995201948799)
1 (45.26098227823617,-73.67397262743854)
1 (45.64885295974671,-73.54407686608546)
1 (45.38357800457887,-73.35237116643064)
1 (45.385714096710544,-73.42964149631123)
1 (45.318781509519944,-73.37905788242368)
1 (45.527421965246994,-73.507516301532)
1 (45.69389940648438,-73.57625645858714)
1 (45.296180536459154,-73.2946474113299)
1 (45.445676240886236,-73.72060921950612)
1 (45.711779957396615,-73.30051865021129)
1 (45.6431543660871,-73.27779838823638)
1 (45.41965793099693,-73.3995669563669)
1 (45.59404259360955,-73.58627501318942)
1 (45.6470821829632,-73.2614016458883)
1 (45.404408758877764,-73.43295136438644)
1 (45.57665348122083,-73.62128256093114)
1 (45.74793689657893,-73.63900562484224)
1 (45.27056766670443,-73.2782933420971)
1 (45.32804073938566,-73.68361562545397)
1 (45.51393773288773,-73.29800103471499)
1 (45.38380100264451,-73.53748139193829)
1 (45.57096597200411,-73.47012380857939)
1 (45.598994462773426,-73.25641421127197)
1 (45.36386890610482,-73.62983445793249)
1 (45.42240901298725,-73.49806283489862)
1 (45.491196242029254,-73.49380692137224)
1 (45.59718932312825,-73.47201560724014)
1 (45.29954859655192,-73.68896968760092)
1 (45.62713360310955,-73.4150599510354)
1 (45.41068647891547,-73.66315928135427)
1 (45.4786629216049,-73.49929894036161)
1 (45.68463685530321,-73.66247338325815)
1 (45.528610026697784,-73.6311174781353)
1 (45.56864147483634,-73.4401030632286)
1 (45.620025666514415,-73.38365853054174)
1 (45.64165477518783,-73.32577933453676)
1 (45.580875964877514,-73.32451303070921)
1 (45.414587169924815,-73.73369961741037)
1 (45.6938053787014,-73.25374476257419)
1 (45.58760286250312,-73.61990512447262)
1 (45.379065360442354,-73.35516486851198)
1 (45.49751992168289,-73.31756081678694)
1 (45.26725985273251,-73.48593808591552)
1 (45.41072307987614,-73.5804448476385)
1 (45.3937342667415,-73.28614636799679)
1 (45.62998850927636,-73.55118496709323)
1 (45.44223559450211,-73.48085304434369)
1 (45.587232894966526,-73.74138490580503)
1 (45.301896966290826,-73.6725038706262)
1 (45.68843719716334,-73.46576409033116)
1 (45.67865077891004,-73.58116925808511)
1 (45.66185936609262,-73.51178957414253)
1 (45.619850355265065,-73.58417493027582)
1 (45.53613784164099,-73.65000956761347)
1 (45.56918068919566,-73.5350861226706)
1 (45.641001416934834,-73.39840338674263)
1 (45.46786488991411,-73.70480371188354)
1 (45.680039323780804,-73.74654300674058)
1 (45.457723551197795,-73.28469816573097)
1 (45.47234831277159,-73.32221716485883)
1 (45.421819968126314,-73.72325058965761)
1 (45.397862273710444,-73.74439904894452)
1 (45.419225139609,-73.73358798617997)
1 (45.40978271764455,-73.65204442744559)
1 (45.53186212041306,-73.60959258896277)
1 (45.69676729148156,-73.62818722970268)
1 (45.74344003596594,-73.52293356425886)
1 (45.68739614001761,-73.45315533149532)
1 (45.71316401392247,-73.74241176862662)
1 (45.58992481947115,-73.31945959688)
1 (45.690207867015644,-73.72042683336225)
1 (45.55144520220552,-73.32401473646681)
1 (45.33886236435996,-73.7291682362143)
1 (45.30231468156625,-73.72083102601347)
1 (45.40882249633164,-73.70130043250487)
1 (45.324076567213844,-73.56917143972119)
1 (45.49025300901774,-73.63645482968359)
1 (45.642083559563474,-73.54839907383322)
1 (45.53907241958864,-73.37575948937065)
1 (45.29764890238668,-73.33134541940325)
1 (45.44432110540594,-73.72193025110074)
1 (45.398788418307795,-73.51301030610907)
1 (45.63653037734806,-73.29211528202346)
1 (45.383479836438404,-73.68075994169428)
1 (45.603684697511575,-73.63472748093845)
1 (45.25485401216658,-73.28591990738894)
1 (45.68967037988344,-73.5199177223528)
1 (45.56384608437493,-73.53476539495105)
1 (45.69902972221142,-73.4261344635269)
1 (45.321572696704614,-73.55939149754222)
1 (45.621390251030675,-73.59238343110286)
1 (45.32106490922227,-73.65580178588863)
1 (45.71911464943626,-73.58734391080588)
1 (45.5359745328698,-73.38778396639981)
1 (45.29251779245956,-73.66241641833892)
1 (45.34248497958397,-73.35074668954063)
1 (45.64842273548027,-73.70606900260749)
1 (45.27989595598423,-73.3696722998326)
1 (45.649878783385105,-73.40151809077045)
1 (45.42521476586805,-73.36969559933095)
1 (45.7175401612842,-73.70882195355178)
1 (45.707574948421374,-73.60654919738448)
1 (45.28650476437819,-73.54588361841152)
1 (45.62941664968909,-73.37722156212257)
1 (45.49633815802054,-73.53065235517016)
1 (45.3931010590446,-73.7486543318667)
1 (45.306558943228644,-73.36898137827251)
1 (45.35399479615388,-73.7441608247853)
1 (45.28503712731394,-73.42914199139277)
1 (45.53404821201316,-73.31347824847035)
1 (45.51255817524555,-73.7349124889373)
1 (45.633504974712004,-73.28297161184156)
1 (45.38323104096407,-73.53445325580654)
1 (45.5726185399974,-73.33748762341854)
1 (45.557469262815616,-73.26184718724755)
1 (45.580114396906374,-73.42471265269846)
1 (45.44195013868013,-73.60222779803988)
1 (45.72062527754153,-73.29661888344029)
1 (45.32925756758267,-73.4998350721242)
1 (45.51943976043037,-73.71068861155307)
1 (45.72884007085861,-73.31113245690008)
1 (45.49964298314335,-73.60608698431886)
1 (45.46046624339891,-73.40228590341759)
1 (45.49409158645287,-73.34680892299482)
1 (45.26153567255139,-73.32184926035625)
1 (45.53265302520652,-73.38505630136767)
1 (45.48040404988352,-73.74541799944309)
1 (45.433752968837496,-73.44370736148099)
1 (45.38930734056713,-73.6893063823559)
1 (45.448512581808174,-73.54672030715213)
1 (45.252519924354026,-73.52497103657758)
1 (45.415620855745,-73.44066878437897)
1 (45.52805838239239,-73.59494696695305)
1 (45.385575331581435,-73.64933732086116)
1 (45.464542469406425,-73.73448005242966)
1 (45.5640380753772,-73.58641031342145)
1 (45.37875119339136,-73.74083265385678)
1 (45.70579173920358,-73.3187686432938)
1 (45.56396246312887,-73.304407713004)
1 (45.263144058713394,-73.72476339054298)
1 (45.584340567640744,-73.62237868235022)
1 (45.65561731768049,-73.4280664922495)
1 (45.656436530598626,-73.35643153733943)
1 (45.481372579031195,-73.50830411823007)
1 (45.40529224845304,-73.27151747101902)
1 (45.33505682679724,-73.59465824227775)
1 (45.509689997965324,-73.3021830469088)
1 (45.631624464787855,-73.53797824957333)
1 (45.61876471474573,-73.43708760611885)
1 (45.46117262973828,-73.43067401477148)
1 (45.4304972503094,-73.69073567109585)
1 (45.51594357212648,-73.30176805561405)
1 (45.47153253655239,-73.54424490132716)
1 (45.537385156071025,-73.35696444646041)
1 (45.407317506545425,-73.58413836486167)
1 (45.528523954956746,-73.66044771457067)
1 (45.64172919525022,-73.64969269640244)
1 (45.66489392033899,-73.66635552210121)
1 (45.5361643362845,-73.61529169913487)
1 (45.41587653005037,-73.50347429035023)
1 (45.28948771297611,-73.48452802396858)
1 (45.35754686936974,-73.39668738510228)
1 (45.37228685800236,-73.25746335396144)
1 (45.51798327568381,-73.57306107531512)
1 (45.40155705758603,-73.55150066666106)
1 (45.34648642186205,-73.44918384424204)
1 (45.47524085774576,-73.70973995003699)
1 (45.53926710853155,-73.32948007786318)
1 (45.259972477640176,-73.6184819238425)
1 (45.4859002080509,-73.26269969510945)
1 (45.53992796516416,-73.67771198846978)
1 (45.523205518320545,-73.60564077624318)
1 (45.48985799826432,-73.3249399722885)
1 (45.49620466067298,-73.7293925259969)
1 (45.631180891406004,-73.70368880832027)
1 (45.329416183180456,-73.67399175152576)
1 (45.26643904237984,-73.49321865122737)
1 (45.40598966992258,-73.41236596668666)
1 (45.66447305565641,-73.57574048450226)
1 (45.537042604221924,-73.72379229507499)
1 (45.38634341932883,-73.61141665671704)
1 (45.67905224127878,-73.50083128455447)
1 (45.400330429766846,-73.71986346755854)
1 (45.32326791894751,-73.62180067422089)
1 (45.53326876832144,-73.32966391986403)
1 (45.63784748437779,-73.31333413369417)
1 (45.34502409539179,-73.35456695122532)
1 (45.490785010258875,-73.70442606579664)
1 (45.69309458324771,-73.68659206073505)
1 (45.419684882987376,-73.53459335776228)
1 (45.57512130210472,-73.56217664636421)
1 (45.44305104458764,-73.72439100887864)
1 (45.2985169249074,-73.65779583775252)
1 (45.32699810347669,-73.74649874537812)
1 (45.62847333091856,-73.30615308501169)
1 (45.53115453728701,-73.44995115915053)
1 (45.308283980728106,-73.49308239129246)
1 (45.55801640732227,-73.68881462760275)
1 (45.72921829813505,-73.2987211144984)
1 (45.32112316449335,-73.28971939366998)
1 (45.55111056684882,-73.68430532421053)
1 (45.42916579465855,-73.56013608594726)
1 (45.73937691710065,-73.49810760480531)
1 (45.4555002594074,-73.6911409180737)
1 (45.28934972146359,-73.28058019822248)
1 (45.325528000292934,-73.54464477591735)
1 (45.354619401222344,-73.38968415204351)
1 (45.40801830533638,-73.43566647342867)
1 (45.582499510379506,-73.64267861925013)
1 (45.740685487820166,-73.62521118297391)
1 (45.686781708360215,-73.58031167083999)
1 (45.5551975087331,-73.32867038044652)
1 (45.65562312290302,-73.60339767319816)
1 (45.392280537179175,-73.61839017063001)
1 (45.50070908270729,-73.61018382615367)
1 (45.61369746282491,-73.657160298477)
1 (45.60276047214121,-73.37570148666684)
1 (45.52461661226516,-73.74185670834444)
1 (45.49800518740586,-73.26146605201815)
1 (45.61725015270642,-73.66332568659185)
1 (45.380409374106506,-73.42543193111118)
1 (45.63463001825846,-73.39982869481177)
1 (45.665264810087905,-73.51802717106514)
1 (45.732002390720126,-73.65697166163591)
1 (45.671154352073714,-73.40038535298469)
1 (45.482560120964706,-73.747023700979)
1 (45.32936845321517,-73.70556031389624)
1 (45.33409578771257,-73.26488528898547)
1 (45.32252139762267,-73.5825520168278)
1 (45.37364614155304,-73.46669647760822)
1 (45.68741664612011,-73.71639025274011)
1 (45.3983124123199,-73.69018116852864)
1 (45.69113656717736,-73.7053153934333)
1 (45.322178668601765,-73.57330422680423)
1 (45.70388244336044,-73.59826377023136)
1 (45.37161422524418,-73.72967302750784)
1 (45.34726673429895,-73.35240793162008)
1 (45.33423405357513,-73.42534638919393)
1 (45.39255994256294,-73.66142011441842)
1 (45.33040445930073,-73.67231839508035)
1 (45.719820536731085,-73.53042036751663)
1 (45.670419813014036,-73.50892586794568)
1 (45.62588714108302,-73.63323836572755)
1 (45.34533902847255,-73.57678313356709)
1 (45.38688764101449,-73.38166139242468)
1 (45.57495911043225,-73.42757856424973)
1 (45.73922119189848,-73.26475854719823)
1 (45.6025161330268,-73.30117269635481)
1 (45.34189440464742,-73.3791644239653)
1 (45.582442467277986,-73.40891812682163)
1 (45.32264406141419,-73.66837341175045)
1 (45.454872155105264,-73.5329770550596)
1 (45.69045426349997,-73.7206386182276)
1 (45.63857487653509,-73.51364268946695)
1 (45.71787701094933,-73.54098777132687)
1 (45.70261197086558,-73.44227605788366)
1 (45.35799065996318,-73.51316073723709)
1 (45.39624638264211,-73.6074506445553)
1 (45.36288169224239,-73.30194218618615)
1 (45.526501807112815,-73.45625221765256)
1 (45.51321094757433,-73.71540489398004)
1 (45.67325422307248,-73.5314121556617)
1 (45.2517262377673,-73.54999800957577)
1 (45.62285279457515,-73.52805773244314)
1 (45.53750911367648,-73.67920703889513)
1 (45.683004807595516,-73.28134337899205)
1 (45.40229425167997,-73.61868047567549)
1 (45.714023297334506,-73.64808259945356)
1 (45.49537569997419,-73.50726099027669)
1 (45.27452347037397,-73.38173023468653)
1 (45.34941512316676,-73.38427691917174)
1 (45.73326818174169,-73.72067078521299)
1 (45.68589284822521,-73.31874298798485)
1 (45.54310025229152,-73.51474858958437)
1 (45.30599339292556,-73.35578687023389)
1 (45.607763137854604,-73.30433120474919)
1 (45.480392720544934,-73.38966153192865)
1 (45.2978997566992,-73.33992787508282)
1 (45.25971569513378,-73.45112087110853)
1 (45.688632123596825,-73.58849049888855)
1 (45.276357366849666,-73.5097294809922)
1 (45.497863332249025,-73.31500469992544)
1 (45.39791312111792,-73.7388450598512)
1 (45.50180620486241,-73.35483441818593)
1 (45.52263812127746,-73.2725552148481)
1 (45.39223149561846,-73.70351367154228)
1 (45.37815724768236,-73.29976814761967)
1 (45.61854171647816,-73.54628467972452)
1 (45.396072819904745,-73.39094977844879)
1 (45.72701489622288,-73.32966207890925)
1 (45.58716789610402,-73.73766792818058)
1 (45.56942602842497,-73.44165825056939)
1 (45.334578709255915,-73.50414687497009)
1 (45.50374193316015,-73.51603544565852)
1 (45.655610883377115,-73.74345397213035)
1 (45.350699002416846,-73.30905580863075)
1 (45.25679942360573,-73.31873254131597)
1 (45.40181104708745,-73.51468067718743)
1 (45.621363678977616,-73.49206355134991)
1 (45.6967181959967,-73.28602639805074)
1 (45.423383956451154,-73.30008145764016)
1 (45.600775875505796,-73.61711388127851)
1 (45.25882728461113,-73.52638748717271)
1 (45.41739603708324,-73.60955506339727)
1 (45.519975911020154,-73.50609669146647)
1 (45.3638914692409,-73.50379952264814)
1 (45.71686232099428,-73.65752304601617)
1 (45.72443697024855,-73.69392028233835)
1 (45.666991025974625,-73.53004982413786)
1 (45.36924950155085,-73.26864794995808)
1 (45.73292754600093,-73.28565049772521)
1 (45.595202913144725,-73.42946826792789)
1 (45.686261197845,-73.39431824154968)
1 (45.399830827836716,-73.42907810099393)
1 (45.31599889625695,-73.42083035234474)
1 (45.34803486417187,-73.45035080743922)
1 (45.57962300752965,-73.61181652572141)
1 (45.62880332366126,-73.60719221220317)
1 (45.41584710887669,-73.55801819231769)
1 (45.72785904823439,-73.49427365299833)
1 (45.299529095331124,-73.50691888934966)
1 (45.36139325101844,-73.44260958789107)
1 (45.7212522426675,-73.43559379172598)
1 (45.425905519908916,-73.35230219428291)
1 (45.51676018697144,-73.26266931050004)
1 (45.71965825564758,-73.67250603547522)
1 (45.354732905901194,-73.58170166681319)
1 (45.582367517738845,-73.28177152167112)
1 (45.71531623799302,-73.53607656662574)
1 (45.381490010641535,-73.68940606307531)
1 (45.35636867016615,-73.42769961902118)
1 (45.44582958956137,-73.63034748717202)
1 (45.569564517613934,-73.35829064253103)
1 (45.61017484383602,-73.26227465817992)
1 (45.47429354072884,-73.6430124110545)
1 (45.488292577691176,-73.29428580819147)
1 (45.68372302866353,-73.4114578418529)
1 (45.43584024874554,-73.48145541956714)
1 (45.40443869842304,-73.72068733464475)
1 (45.39962379306571,-73.5089360710599)
1 (45.39875714799708,-73.64905100589846)
1 (45.475115560653556,-73.36300211826588)
1 (45.747102677793315,-73.71794852368176)
1 (45.51026021013118,-73.34453745213297)
1 (45.49676779833381,-73.60147217313647)
1 (45.50033488761226,-73.42295030699738)
1 (45.57292697671886,-73.4310469539228)
1 (45.31599309725592,-73.65535306182042)
1 (45.25794914395036,-73.58372413160964)
1 (45.49461029111226,-73.4070761023128)
1 (45.61585544478367,-73.6587029494191)
1 (45.40366193307663,-73.60518974798059)
1 (45.450194057844115,-73.3969480746313)
1 (45.55410364517882,-73.73668885944923)
1 (45.73565528543156,-73.58343813314555)
1 (45.70158600493775,-73.26735041677259)
1 (45.456425311820276,-73.49062405417692)
1 (45.62382488925833,-73.60600461452572)
1 (45.41757809740305,-73.67509354884072)
1 (45.60356159570886,-73.67206542055656)
1 (45.369730852601116,-73.4272311256847)
1 (45.67828519678386,-73.5416473233003)
1 (45.70173877186627,-73.39583112623632)
1 (45.640252987502144,-73.54945017896728)
1 (45.51138107443302,-73.36616412081925)
1 (45.58333289771801,-73.60982455876837)
1 (45.55979070426644,-73.3609149745392)
1 (45.49680540836713,-73.39103575784)
1 (45.4518062836518,-73.6587038711321)
1 (45.50050041991691,-73.33172463349369)
1 (45.36147514103147,-73.48456970242236)
1 (45.30050802009952,-73.32791933742088)
1 (45.73961258978211,-73.52083778564577)
1 (45.32019035955987,-73.74268216285442)
1 (45.69862298977296,-73.51521249153174)
1 (45.72733504716419,-73.69858143982698)
1 (45.66871412433343,-73.62572760901993)
1 (45.73502877039967,-73.40565867374255)
1 (45.459187118011165,-73.73935582001658)
1 (45.60119326035331,-73.55441673170408)
1 (45.53865994480307,-73.33262133410744)
1 (45.6897137858035,-73.56458533077873)
1 (45.66888330142522,-73.50847770092633)
1 (45.28470384439906,-73.72602540243271)
1 (45.48823357347762,-73.64400600242601)
1 (45.56868782352691,-73.49811463417491)
1 (45.74301796959154,-73.61815632080562)
1 (45.285346844535525,-73.4483117959948)
1 (45.60740341305899,-73.35779844458473)
1 (45.60796123759629,-73.5093278223056)
1 (45.41608075002451,-73.44376600666023)
1 (45.62579623240498,-73.41743743468699)
1 (45.65770211909174,-73.25637063831184)
1 (45.6424159242875,-73.36194511251684)
1 (45.74168014847195,-73.6120313283948)
1 (45.65227382728149,-73.52767507926552)
1 (45.35611297377767,-73.54920671004564)
1 (45.42491653423423,-73.34858531579343)
1 (45.68040033275193,-73.36273614941092)
1 (45.57975013908401,-73.41121078116946)
1 (45.302541575847314,-73.6609884104723)
1 (45.37855791313811,-73.55162208919853)
1 (45.418157101038496,-73.62988471186307)
1 (45.69782020896436,-73.27894082100165)
1 (45.255950790491674,-73.3319058999822)
1 (45.26837652369677,-73.73218334307984)
1 (45.68263139303813,-73.74661140162324)
1 (45.286082666679256,-73.43531047028766)
1 (45.589237165990454,-73.37199077501164)
1 (45.40385408006636,-73.65784087696653)
1 (45.45035815301854,-73.55313625337457)
1 (45.41285009170762,-73.71524123599892)
1 (45.37792695102978,-73.28626819731863)
1 (45.6085416503891,-73.554537129955)
1 (45.562049003714364,-73.5620628595112)
1 (45.41601878183833,-73.46619369994878)
1 (45.70276979641117,-73.36252494912598)
1 (45.318132119700756,-73.74329580285794)
1 (45.38872654379659,-73.71031581404517)
1 (45.48992603481607,-73.5734127429331)
1 (45.371308278870096,-73.68849033205997)
1 (45.29330941403508,-73.39726329379414)
1 (45.31624861244638,-73.60201437382419)
1 (45.427023206958005,-73.4014019267225)
1 (45.38850143128863,-73.44022687065338)
1 (45.55870229980895,-73.72962787958197)
1 (45.44080058331456,-73.52157927827129)
1 (45.68819243453668,-73.39967409572401)
1 (45.63148025683304,-73.65852745894448)
1 (45.304271163030506,-73.2979633946244)
1 (45.49293372220829,-73.3713695924891)
1 (45.60053538987542,-73.4958249304413)
1 (45.30851358638958,-73.60511613073291)
1 (45.61045573515098,-73.4855443359233)
1 (45.632727935281785,-73.5631464590608)
1 (45.60646205108383,-73.2739763543636)
1 (45.40726209664172,-73.66544904359523)
1 (45.48341189070574,-73.59517937315309)
1 (45.383656774434634,-73.2676606718191)
1 (45.612907615235756,-73.31163673130334)
1 (45.46239896364619,-73.6399127491876)
1 (45.311665762962015,-73.36610993538704)
1 (45.597733052771595,-73.30166083398052)
1 (45.61450573880839,-73.42302469893359)
1 (45.59767492827276,-73.64021655228004)
1 (45.48051314998184,-73.59952091673591)
1 (45.4695130821136,-73.30661905489497)
1 (45.38954623145943,-73.43190338555519)
1 (45.422506192485855,-73.682775803807)
1 (45.50549246104306,-73.45321028797613)
1 (45.741537658171325,-73.7484711303467)
1 (45.69254522677365,-73.47197219484613)
1 (45.488163105372216,-73.44588306821429)
1 (45.67125921680521,-73.34096458564706)
1 (45.368787958107845,-73.64266790361178)
1 (45.492256064089176,-73.68786262622667)
1 (45.63363772634164,-73.532463969409)
1 (45.28719031963524,-73.74718696511134)
1 (45.534734442574155,-73.28383484534044)
1 (45.42894899816693,-73.5847853789221)
1 (45.676268637912536,-73.45521469657082)
1 (45.29604620806299,-73.6423249417949)
1 (45.53655690831766,-73.63433663515106)
1 (45.2897877957251,-73.64987538989622)
1 (45.527200808661725,-73.4359178959)
1 (45.597018959044384,-73.55964448847439)
1 (45.682113824425464,-73.4010436302673)
1 (45.426131384030796,-73.7432817370878)
1 (45.43675881542042,-73.48573396308808)
1 (45.56949449298042,-73.26889745264064)
1 (45.46623900517053,-73.7045971568219)
1 (45.66158868880178,-73.63204929281622)
1 (45.69981161645127,-73.60826450356497)
1 (45.40885705320338,-73.357429226302)
1 (45.41894386800638,-73.62047046073013)
1 (45.364654740928835,-73.41483904761277)
1 (45.276206793532886,-73.34218494923121)
1 (45.510664058998955,-73.40427334540863)
1 (45.64310330360136,-73.7461220935687)
1 (45.48475625260157,-73.46053385895856)
1 (45.40635254036848,-73.73524310245463)
1 (45.26451934368828,-73.30778016360296)
1 (45.68420331332596,-73.3235388348589)
1 (45.47553469391944,-73.35877662341669)
1 (45.427025490333584,-73.71642048055588)
1 (45.74397316368582,-73.7023262588513)
1 (45.49972851931538,-73.32146480325491)
1 (45.654195111549,-73.2554876825191)
1 (45.617482508242674,-73.70805345880493)
1 (45.403776777715734,-73.27465152022125)
1 (45.42076774349881,-73.25661372765138)
1 (45.67074863482745,-73.32140838266439)
1 (45.530954498171404,-73.6947109771196)
1 (45.52082000817947,-73.66537085275645)
1 (45.62341566758546,-73.40816131010757)
1 (45.38597702635752,-73.47671752115609)
1 (45.39160051965236,-73.34062564830076)
1 (45.74007975149542,-73.51620725772382)
1 (45.25254882627835,-73.45481443180998)
1 (45.5819472038674,-73.36976784823221)
1 (45.2620001338959,-73.6224753421943)
1 (45.711907570006645,-73.59849323736076)
1 (45.465553941980275,-73.43875414514713)
1 (45.55390395999528,-73.48298914487374)
1 (45.31126226862871,-73.31931184892119)
1 (45.43198455206952,-73.33348744903519)
1 (45.28858678248263,-73.33574935585482)
1 (45.257369004213,-73.61400502016616)
1 (45.638828638685524,-73.57643369929104)
1 (45.520271561743485,-73.39005328599988)
1 (45.30293970263846,-73.38573797811823)
1 (45.309274356107785,-73.35501016034307)
1 (45.73404988056162,-73.63499998023386)
1 (45.30028284490261,-73.42024655179792)
1 (45.3040958838722,-73.71317258207321)
1 (45.266958381874524,-73.56845502799962)
1 (45.27661250139147,-73.69418191416628)
1 (45.6650114745424,-73.36835882726953)
1 (45.70104853311041,-73.64142720110918)
1 (45.73385243245731,-73.732084680275)
1 (45.607894811736905,-73.74764923011662)
1 (45.34083429290337,-73.66396355938134)
1 (45.54846308106299,-73.48056240409737)
1 (45.46568634166485,-73.40137881997566)
1 (45.32832988677089,-73.61118809179999)
1 (45.28572485926175,-73.48451172787354)
1 (45.729260496152854,-73.44274534092544)
1 (45.276040761325056,-73.41243981921906)
1 (45.60085381092199,-73.73324748008247)
1 (45.58310235530708,-73.64802395130766)
1 (45.43019986205696,-73.71462167647218)
1 (45.66507462533102,-73.32337557252438)
1 (45.365517187235675,-73.25521092541078)
1 (45.31764458815308,-73.57142585498305)
1 (45.67803843573947,-73.59093636354699)
1 (45.720255790424126,-73.46722416107421)
1 (45.295338103187476,-73.66319050627304)
1 (45.54439319563837,-73.6050736405358)
1 (45.32884709179615,-73.44870003209265)
1 (45.46292285871921,-73.36446706958947)
1 (45.44847473909529,-73.74813985652992)
1 (45.58747930944776,-73.4290168175239)
1 (45.528059507826526,-73.71619788184553)
1 (45.43950662097301,-73.61817800832188)
1 (45.69679558362304,-73.46608320571528)
1 (45.5297976279735,-73.57154468290979)
1 (45.28383307488389,-73.36613804574202)
1 (45.48123884620405,-73.28985394377091)
1 (45.635925602710515,-73.66525720632168)
1 (45.37995708366681,-73.48556376578915)
1 (45.421299705180516,-73.33723617342935)
1 (45.68117688274212,-73.62897555826738)
1 (45.306846225838676,-73.5219625535431)
1 (45.52783633619579,-73.4933529089589)
1 (45.31028469618694,-73.66353318354307)
1 (45.26237200865718,-73.40434371595353)
1 (45.684127536943535,-73.40192212541326)
1 (45.72507202656563,-73.28524288802328)
1 (45.3840716333126,-73.46574310919841)
1 (45.63600968744677,-73.46023893550966)
1 (45.510870574866075,-73.73894258548226)
1 (45.4518081091989,-73.53276748922573)
1 (45.59179171754963,-73.33392769105933)
1 (45.573349923976636,-73.4954508308622)
1 (45.68543803006841,-73.39767640321223)
1 (45.65603418595598,-73.5518328759247)
1 (45.55201532517842,-73.50579497398358)
1 (45.54029574616857,-73.43822413651817)
1 (45.53005137288893,-73.36228104424511)
1 (45.476841200071505,-73.32645221332999)
1 (45.30012419709238,-73.61991833436495)
1 (45.3684180111555,-73.66516850600391)
1 (45.396332517527256,-73.46777222239338)
1 (45.68792243261342,-73.5785922435821)
1 (45.647042210127275,-73.69817317554438)
1 (45.5612646247278,-73.68717874848146)
1 (45.68786830662634,-73.26586816294706)
1 (45.72264792474731,-73.44467886647266)
1 (45.29190297521522,-73.38668799780802)
1 (45.65978230946078,-73.30041241262383)
1 (45.504875671048026,-73.49212169091685)
1 (45.267040622314966,-73.69430853337258)
1 (45.45623224827655,-73.3596067189908)
1 (45.71567906622672,-73.57537168457134)
1 (45.741045894995686,-73.47613707518018)
1 (45.53198219092139,-73.30171226752202)
1 (45.43222339494442,-73.66495918689658)
1 (45.54655540860217,-73.43213633396108)
1 (45.58764584480562,-73.71166836391905)
1 (45.44097672725863,-73.55551936039274)
1 (45.562684070123794,-73.66693669622384)
1 (45.57163252604967,-73.42479469347863)
1 (45.524954476076815,-73.67839628760268)
1 (45.59480038564113,-73.26736733003428)
1 (45.29523202192896,-73.6138694102298)
1 (45.651905503813346,-73.73311956611127)
1 (45.50611264509871,-73.38218049843142)
1 (45.49936522371212,-73.5149053736536)
1 (45.578318415694554,-73.7362025855033)
1 (45.483549729330534,-73.73453575870457)
1 (45.66346434925695,-73.45558392819711)
1 (45.66812517081172,-73.72973788916396)
1 (45.49165659878001,-73.65376840694728)
1 (45.71840856467018,-73.40442634834311)
1 (45.4924676049158,-73.53546635757658)
1 (45.33535248629623,-73.31585508561088)
1 (45.62863454167499,-73.74665040212167)
1 (45.61039045577827,-73.66782439878371)
1 (45.59325299432511,-73.50944387077992)
1 (45.64161254796933,-73.35909752915738)
1 (45.37328904376377,-73.51893723832235)
1 (45.6116036288216,-73.70053704347215)
1 (45.67490804162164,-73.59801121033937)
1 (45.27776540869513,-73.36320152905225)
1 (45.33941983122266,-73.35966278586513)
1 (45.46705637677205,-73.55274884236134)
1 (45.65256550535193,-73.61412379164187)
1 (45.69882198743099,-73.32297216928526)
1 (45.36442163913388,-73.4802293291815)
1 (45.48175122435844,-73.34315124338058)
1 (45.29237390032362,-73.61703635101311)
1 (45.643983127858874,-73.320130886628)
1 (45.57541251332313,-73.68261087997588)
1 (45.25900100805577,-73.64664505204833)
1 (45.48442801211197,-73.55219505028596)
1 (45.324189700052344,-73.70238457585256)
1 (45.67023628616885,-73.48763329896218)
1 (45.33379492454555,-73.57366275125403)
1 (45.3487379293701,-73.34397991107826)
1 (45.26351176601653,-73.28126287323276)
1 (45.680917517769494,-73.52762821395709)
1 (45.2500428711644,-73.41415762313041)
1 (45.5043143833467,-73.28309447249363)
1 (45.405705010614966,-73.3592707369555)
1 (45.612146934947994,-73.4827576978931)
1 (45.255526016290744,-73.59430643681029)
1 (45.45644879682524,-73.42539955664569)
1 (45.72226249224844,-73.27190306122853)
1 (45.47237544713834,-73.71530630337304)
1 (45.41338174809795,-73.5689726279126)
1 (45.68226592502058,-73.59398796493919)
1 (45.68328991107441,-73.50506817076659)
1 (45.3400950808323,-73.6312376594729)
1 (45.553951300977,-73.6479769384427)
1 (45.619627427317084,-73.45129708264062)
1 (45.57753251991261,-73.32346715968433)
1 (45.73288463223458,-73.67331224604148)
1 (45.615817943561495,-73.62922219335685)
1 (45.38946429336247,-73.48305609918775)
1 (45.29288166328386,-73.72047596990693)
1 (45.6717984803873,-73.72506335376302)
1 (45.54986400903146,-73.48671929050965)
1 (45.70661644377486,-73.61086491490293)
1 (45.293689341673904,-73.37507695333494)
1 (45.45867641629138,-73.57992811717757)
1 (45.58517487142101,-73.73656112121249)
1 (45.55925746250495,-73.52520144528494)
1 (45.656218589029,-73.676386891105)
1 (45.30895287440633,-73.50483037933087)
1 (45.280617876660095,-73.47889139753873)
1 (45.36198271033031,-73.7056543525659)
1 (45.64855809410249,-73.25132834456824)
1 (45.60754343323202,-73.30251234602888)
1 (45.41092459657106,-73.48891524889044)
1 (45.41263885475477,-73.47017787473014)
1 (45.46632896169263,-73.30599118094301)
1 (45.68038693037565,-73.65191197835883)
1 (45.3611042469121,-73.60499836652153)
1 (45.60797303226226,-73.27016586736288)
1 (45.36051192145643,-73.46623115198885)
1 (45.599221129587995,-73.38088280205486)
1 (45.32801661161133,-73.53690175597269)
1 (45.498179637219934,-73.32314170989912)
1 (45.518722988372915,-73.67805237983436)
1 (45.66217025909521,-73.70055319040354)
1 (45.252932467020464,-73.59219873827746)
1 (45.38542301670986,-73.549861150663)
1 (45.686265662748696,-73.60332075124019)
1 (45.31772233263312,-73.30562189985045)
1 (45.533909703045545,-73.6939213232243)
1 (45.29641404695759,-73.65762475344314)
1 (45.6382880128406,-73.321354891891)
1 (45.4246745762356,-73.61988679951882)
1 (45.69181324301706,-73.43748259925981)
1 (45.28411890416461,-73.58659707587395)
1 (45.739372463492494,-73.5219417331732)
1 (45.365624965316364,-73.34130354772459)
1 (45.288806880925804,-73.30992218508644)
1 (45.63867788992894,-73.41092915668686)
1 (45.451886726993585,-73.25032355537373)
1 (45.65658799765515,-73.31587124238044)
1 (45.523145186315695,-73.56952154772739)
1 (45.7126127320943,-73.66148152033225)
1 (45.27942366602748,-73.63970327016283)
1 (45.32031292661992,-73.64464186915357)
1 (45.54909355448154,-73.65883602722153)
1 (45.690400210036145,-73.41194420525572)
1 (45.2566585882493,-73.4418149864828)
1 (45.41588243494972,-73.30315032467578)
1 (45.69580454108722,-73.39919054035836)
1 (45.25749047679643,-73.34515109511004)
1 (45.721951728832536,-73.54110648487037)
1 (45.74217000695732,-73.42756199140688)
1 (45.383978711589194,-73.58968575518767)
1 (45.74884799785574,-73.39138499585614)
1 (45.734024334841315,-73.5130808492258)
1 (45.357734094960435,-73.29683482398963)
1 (45.66413791733799,-73.50876163048255)
1 (45.48209337837187,-73.40547073430965)
1 (45.61903631266061,-73.6623436314614)
1 (45.68472704350258,-73.4151925176407)
1 (45.42533933677603,-73.69136521247324)
1 (45.60532409180574,-73.72445289617472)
1 (45.2593936250974,-73.35090298058223)
1 (45.58939721362448,-73.47420602761456)
1 (45.44815825693447,-73.72976957185489)
1 (45.41469237803844,-73.32265514012026)
1 (45.360613522319994,-73.30226913025797)
1 (45.456762088207704,-73.34877997675727)
1 (45.600767840515125,-73.72109068025384)
1 (45.72181819351517,-73.65591801513946)
1 (45.557575804424204,-73.4419004044924)
1 (45.4020307596734,-73.65634105999996)
1 (45.60194386493588,-73.35954924699199)
1 (45.47611567150957,-73.66181211716483)
1 (45.34648816626616,-73.7095425638582)
1 (45.38635376359704,-73.2835251429961)
1 (45.39982269725228,-73.54652426690465)
1 (45.47211091916498,-73.25762342649796)
1 (45.45389378882273,-73.6540082309453)
1 (45.629478402476806,-73.65966012277403)
1 (45.340240569564806,-73.26644511006157)
1 (45.596829411965686,-73.55290777751034)
1 (45.37904927614809,-73.49594348198643)
1 (45.33688777281117,-73.43134119173004)
1 (45.423482206482795,-73.35156926549992)
1 (45.697331143845425,-73.36841130589973)
1 (45.47100109101164,-73.71912834703329)
1 (45.38400149443701,-73.5673956287123)
1 (45.573267074145704,-73.63369232022447)
1 (45.273471521640204,-73.52815366477053)
1 (45.52668862181335,-73.62585807095346)
1 (45.72501642606419,-73.29853377714758)
1 (45.46680129119668,-73.35583725950661)
1 (45.32596632973067,-73.26647102246136)
1 (45.521401963081274,-73.66695212721633)
1 (45.418965272825666,-73.67098320357593)
1 (45.59972330357101,-73.59196987462838)
1 (45.31483863809702,-73.46681565201436)
1 (45.70792250861953,-73.73193775850694)
1 (45.290571440559795,-73.36840293868907)
1 (45.38477153113267,-73.29778717411342)
1 (45.30832603551119,-73.32410895757131)
1 (45.445674644502716,-73.45995491320113)
1 (45.36847809852303,-73.3313745297422)
1 (45.70800200233972,-73.49062561811871)
1 (45.52732612441912,-73.39744484072348)
1 (45.74621648824801,-73.50692961623683)
1 (45.368429704666866,-73.57876692936928)
1 (45.49138425575227,-73.43153619496346)
1 (45.61545851395157,-73.39494032288088)
1 (45.64639780117334,-73.57956236401819)
1 (45.61398391419921,-73.51027206515556)
1 (45.43560340907992,-73.55757302908376)
1 (45.58982134074858,-73.40753021120366)
1 (45.64551341142864,-73.4216787271733)
1 (45.41233230065247,-73.34440785795277)
1 (45.741896790066185,-73.28734256546677)
1 (45.552520535409485,-73.68350278004077)
1 (45.56777998041032,-73.31348875452787)
1 (45.52780771704637,-73.72128571582948)
1 (45.736753011280534,-73.69786003102854)
1 (45.36804989778129,-73.41057325169334)
1 (45.336464453771505,-73.5193023360384)
1 (45.520656588532056,-73.37443929026855)
1 (45.4483017974338,-73.44576023661571)
1 (45.63660018027087,-73.34729200746965)
1 (45.27099227188193,-73.49424709197022)
1 (45.34365426585399,-73.6510113166136)
1 (45.308222518068035,-73.68090948342548)
1 (45.41837513436023,-73.52058440598154)
1 (45.643363349399145,-73.53553594978925)
1 (45.71414141436657,-73.53459561967395)
1 (45.27799977521497,-73.57546540283045)
1 (45.288992887148595,-73.58121905396722)
1 (45.3552041334984,-73.43883110643796)
1 (45.40405983243746,-73.70003092395085)
1 (45.32335389084053,-73.46643175789838)
1 (45.43105061427624,-73.28400139541469)
1 (45.72178370944447,-73.5952512804194)
1 (45.715565476534316,-73.50444344136119)
1 (45.28567468464778,-73.48475491265913)
1 (45.59193058920654,-73.43448960210637)
1 (45.47432218482188,-73.33956917860255)
1 (45.53479714270623,-73.69383516276866)
1 (45.32428650253992,-73.41900902348553)
1 (45.362925914222636,-73.51902944136924)
1 (45.71691943659052,-73.73514602629321)
1 (45.481378741943956,-73.47951465856052)
1 (45.72837265162222,-73.43671659531068)
1 (45.359763919982754,-73.60990518238252)
1 (45.69943228464536,-73.35615003705534)
1 (45.29623336208532,-73.51366728105243)
1 (45.52238743673789,-73.66135152782914)
1 (45.50960535645159,-73.51240333976135)
1 (45.392628373487504,-73.50260562984866)
1 (45.735287131980904,-73.66836160748707)
1 (45.41378383148218,-73.47807135773391)
1 (45.27459761909665,-73.49558611832829)
1 (45.47694468039881,-73.65882043015466)
1 (45.36164128547749,-73.39728913189299)
1 (45.25688493771155,-73.31622563214742)
1 (45.267059980430155,-73.32357145092361)
1 (45.48117897270584,-73.38073676952513)
1 (45.25379016153737,-73.33453390673361)
1 (45.33172741922911,-73.53168726458449)
1 (45.336379037257664,-73.67911648198985)
1 (45.43244222565733,-73.67275462709259)
1 (45.272463623732875,-73.65966908673366)
1 (45.36170492582724,-73.38705382723185)
1 (45.33269259330861,-73.4463014819142)
1 (45.50370012606075,-73.28957288021383)
1 (45.65367180307228,-73.63347733285774)
1 (45.318839749248276,-73.50276546324427)
1 (45.37743976665211,-73.69411083252264)
1 (45.27023182593887,-73.27359578915963)
1 (45.32053037545005,-73.58359174943168)
1 (45.69051070116685,-73.52718659263398)
1 (45.59585596998142,-73.57770825124832)
1 (45.311334097429146,-73.41345143773526)
1 (45.431444482568814,-73.4943544576678)
1 (45.50646551063431,-73.64869794271662)
1 (45.39149034082914,-73.74920286829146)
1 (45.518598907900376,-73.68416923728427)
1 (45.30722941449366,-73.73018954191438)
1 (45.54994569756107,-73.44784610276706)
1 (45.46782416921343,-73.7447032311608)
1 (45.597092652191066,-73.604563137729)
1 (45.50474615896076,-73.29678722974687)
1 (45.30175215634743,-73.46259721207997)
1 (45.4270681866249,-73.68945596639779)
1 (45.37076510192236,-73.32236756741864)
1 (45.42963006598615,-73.41939626946373)
1 (45.291079469568736,-73.71474182835118)
1 (45.401216969556415,-73.53786604993923)
1 (45.62841622310809,-73.612672972681)
1 (45.50569052800588,-73.59252135492845)
1 (45.65194730130922,-73.32049780536693)
1 (45.295438563629276,-73.4401955612057)
1 (45.37154897789426,-73.35020769200142)
1 (45.5435600023241,-73.63032241603464)
1 (45.309056662807876,-73.68335800712504)
1 (45.34887741388016,-73.70273777178849)
1 (45.45043623557345,-73.39101322571489)
1 (45.57617039903514,-73.62201268061474)
1 (45.3418994484394,-73.6422297730566)
1 (45.3429487333391,-73.68326344009753)
1 (45.69972994223409,-73.67405966966224)
1 (45.553635030811016,-73.5715524266522)
1 (45.70094925448567,-73.32291301735178)
1 (45.41220250349635,-73.33853616656793)
1 (45.309940603409586,-73.72834819860806)
1 (45.4151141216431,-73.37593527473851)
1 (45.57476162167582,-73.31596386588221)
1 (45.537835160557506,-73.51569384097513)
1 (45.29611529241709,-73.64604750570675)
1 (45.680242201314904,-73.67136380924953)
1 (45.3318118145331,-73.67899058333859)
1 (45.42892706050157,-73.45429275705989)
1 (45.55004225737749,-73.45721100558333)
1 (45.32769522995759,-73.45161156817232)
1 (45.585898282232,-73.63642880955999)
1 (45.621483951930294,-73.3408115563977)
1 (45.58731029862815,-73.71662177809607)
1 (45.353475947103234,-73.73786812672718)
1 (45.558939940080904,-73.72484287629973)
1 (45.25036058325088,-73.63241175925351)
1 (45.7255508963876,-73.48831205662196)
1 (45.52649512940008,-73.45436423648475)
1 (45.539995308300036,-73.50680022712989)
1 (45.57414431927784,-73.74175173515721)
1 (45.55519148762671,-73.28830411499777)
1 (45.484027359438144,-73.53907386060713)
1 (45.36433179249666,-73.3513655142886)
1 (45.45807737435871,-73.54965098642435)
1 (45.68904774907065,-73.42111954694754)
1 (45.43461895632179,-73.6937900035828)
1 (45.46137307172653,-73.65426165221757)
1 (45.64509520555824,-73.58740173519394)
1 (45.40208309529655,-73.52060361704034)
1 (45.3610265996572,-73.55287115745773)
1 (45.64535280031257,-73.7457443680662)
1 (45.27005970653378,-73.6055244972175)
1 (45.39766362510543,-73.48061178504284)
1 (45.74076451738338,-73.42495533371321)
1 (45.44750272714551,-73.60923726441399)
1 (45.69726501758234,-73.62076472610359)
1 (45.56163649044,-73.33610507898513)
1 (45.4268384226627,-73.63693844691335)
1 (45.41360340510971,-73.40877431819277)
1 (45.38629413428148,-73.40812721497737)
1 (45.690559894950006,-73.53020135547428)
1 (45.45624442416218,-73.38451400064628)
1 (45.41572552357863,-73.69829655166353)
1 (45.61630456606353,-73.27974524612699)
1 (45.30541285666396,-73.37772914865138)
1 (45.6788108602482,-73.36857092756362)
1 (45.65199004779883,-73.5608498702099)
1 (45.52382094774837,-73.3673813506854)
1 (45.28711276678048,-73.41083120220564)
1 (45.7239613224041,-73.37174647071267)
1 (45.633175313591096,-73.3007308810342)
1 (45.53411299321014,-73.5003565459842)
1 (45.69516899452204,-73.66716431506092)
1 (45.44797695622897,-73.30443093188818)
1 (45.57999915315405,-73.68662758693523)
1 (45.39123669792834,-73.64570479714452)
1 (45.255800581240194,-73.35624258397235)
1 (45.62933616004093,-73.62452125243001)
1 (45.279904174321885,-73.61880185493541)
1 (45.6168169672572,-73.25234990209246)
1 (45.63084615823105,-73.71447079658299)
1 (45.3047097284649,-73.41022018141258)
1 (45.57717435474324,-73.46836047570535)
1 (45.35264992361562,-73.71610125971638)
1 (45.70379426928593,-73.7344148756391)
1 (45.2631897435674,-73.74017804508114)
1 (45.29521109940987,-73.71166168747646)
1 (45.66720285709025,-73.55726576878263)
1 (45.74426210205059,-73.32885630300231)
1 (45.341330152885,-73.41027387620633)
1 (45.51479677026525,-73.35790418528057)
1 (45.531089972071044,-73.27767243281092)
1 (45.43725093215281,-73.36517727142058)
1 (45.28657728848014,-73.39133280917854)
1 (45.25717392200343,-73.54294526941509)
1 (45.29160217380853,-73.73890678814067)
1 (45.38850620594044,-73.38062364543323)
1 (45.5816683669538,-73.30707670440438)
1 (45.745768390623994,-73.53739514279683)
1 (45.60136888732483,-73.27855187567607)
1 (45.342310562064384,-73.66399234898655)
1 (45.74757616121885,-73.58660469548526)
1 (45.54538424161081,-73.29203426814792)
1 (45.38123004453421,-73.65623267610057)
1 (45.47303775872702,-73.26429029466289)
1 (45.267577902589906,-73.32070072332355)
1 (45.50269872057506,-73.51860049292877)
1 (45.52239651885246,-73.29626089668676)
1 (45.73679583290732,-73.36191152797934)
1 (45.400026674774075,-73.72626482141624)
1 (45.53688555968222,-73.67899302804959)
1 (45.6579768414024,-73.66867698851406)
1 (45.394487350349976,-73.31287969048283)
1 (45.27240313852642,-73.49816505629454)
1 (45.45419435429522,-73.63093996219892)
1 (45.45894869043644,-73.5254862486927)
1 (45.442615113607744,-73.55170237451482)
1 (45.27422612795113,-73.7028069954028)
1 (45.58531453824194,-73.5531763493917)
1 (45.53465292475352,-73.58388583797753)
1 (45.31316134711202,-73.41338456650497)
1 (45.39139980447533,-73.74271756539666)
1 (45.66935180997508,-73.6481795925533)
1 (45.642888529796636,-73.6232797211069)
1 (45.32886846951575,-73.31014779264497)
1 (45.749575853597264,-73.29644023648383)
1 (45.533245303339385,-73.49550915701732)
1 (45.53968651915469,-73.33787830437126)
1 (45.52524959521817,-73.57340204086724)
1 (45.25910863767849,-73.5130382952049)
1 (45.74045347814857,-73.30379734047823)
1 (45.423840880758036,-73.66167960265753)
1 (45.5756569386456,-73.64651712140866)
1 (45.37918146578145,-73.61550321205767)
1 (45.507736990759554,-73.68443805504594)
1 (45.55627475577761,-73.65762893026633)
1 (45.68073615516418,-73.68894062556576)
1 (45.643682188120096,-73.44236485518682)
1 (45.313866627879804,-73.44502053048262)
1 (45.25931989853903,-73.43775397382522)
1 (45.408594833177105,-73.52720903688768)
1 (45.71640615319028,-73.33180053791578)
1 (45.74908432910176,-73.2755546968282)
1 (45.625987713494936,-73.45607193984615)
1 (45.597013197359196,-73.26339913578742)
1 (45.36816470162004,-73.62753966996915)
1 (45.2791456011927,-73.57553523372617)
1 (45.394309705225304,-73.39106598170267)
1 (45.55402517425151,-73.72656639710375)
1 (45.39337723108121,-73.46086097408558)
1 (45.72277133845789,-73.54489111543674)
1 (45.56682576044367,-73.70952741603573)
1 (45.41819798820215,-73.32771741356079)
1 (45.608725159039246,-73.33797907884741)
1 (45.36633711751205,-73.53686748611173)
1 (45.480298220913596,-73.3785608998359)
1 (45.66493829358971,-73.25386295897616)
1 (45.70144565749543,-73.43711744570201)
1 (45.264628275075225,-73.54588686195649)
1 (45.65572987940584,-73.56754927565142)
1 (45.37015310444774,-73.31169896630846)
1 (45.319843452970545,-73.39456435531922)
1 (45.40148867694022,-73.57843637936948)
1 (45.38376410719522,-73.5568750438281)
1 (45.467593546053195,-73.6064618816581)
1 (45.423598793127006,-73.73400901929313)
1 (45.50919153515663,-73.53002806705791)
1 (45.625545166996304,-73.44519524746194)
1 (45.36120962626729,-73.6165055165754)
1 (45.53644963858518,-73.46845453860777)
1 (45.4703601182489,-73.56627902885835)
1 (45.43411682670479,-73.62206670289315)
1 (45.37884409962034,-73.59914623604413)
1 (45.66882625211146,-73.27900465194003)
1 (45.351266812095844,-73.38115832527095)
1 (45.726437488031245,-73.34771855141227)
1 (45.678593573500464,-73.63832330274604)
1 (45.30301635176718,-73.5498211777584)
1 (45.74033830550888,-73.58044746651318)
1 (45.36108982990987,-73.65676873345653)
1 (45.34416494806414,-73.51962129320573)
1 (45.45843884000846,-73.41354891820278)
1 (45.69069532460878,-73.31346150254205)