1350 1350
101 (45.5,-73.5)
1 (45.60176320684623,-73.67768161056114)
1 (45.53055540255826,-73.4932014250476)
1 (45.479604361007915,-73.33650500693459)
1 (45.69055488747835,-73.65107732855279)
1 (45.671586857965785,-73.33476325811299)
1 (45.646383919088926,-73.36018873704151)
1 (45.314340687012084,-73.64792953972308)
1 (45.71032317164022,-73.58311639629403)
1 (45.7283920588938,-73.27449157594006)
1 (45.68420264220855,-73.69306189783877)
1 (45.6748611971817,-73.29259433957195)
1 (45.5002072750362,-73.38312843853147)
1 (45.71598138771257,-73.73297800427976)
1 (45.43511595732258,-73.37559268565805)
1 (45.59925442365164,-73.46106679573504)
1 (45.437173802869864,-73.46362326661502)
1 (45.671483173796396,-73.43635766060865)
1 (45.449035694321275,-73.522881724833)
1 (45.55597295433438,-73.6269255203916)
1 (45.34508262431874,-73.7197973490641)
1 (45.69386922253938,-73.50090477800893)
1 (45.72690037296534,-73.717037711471)
1 (45.35889958152247,-73.39522487036349)
1 (45.336823645796144,-73.7348022572032)
1 (45.40371415672246,-73.67467048034652)
1 (45.25618669153969,-73.36904672531047)
1 (45.285569175803516,-73.44150510372198)
1 (45.35228506025305,-73.59460162988314)
1 (45.34927413598408,-73.63743954769302)
1 (45.626041365294256,-73.39237860298161)
1 (45.41612399925444,-73.69564500632448)
1 (45.69098086332059,-73.43546368744059)
1 (45.43896341062485,-73.45080317373912)
1 (45.5833615124606,-73.7488773162095)
1 (45.335580911351684,-73.29985401517439)
1 (45.463165987750195,-73.7221361145693)
1 (45.605306698453205,-73.62514460332497)
1 (45.51615155652759,-73.30248206566905)
1 (45.466988453510204,-73.7451005507097)
1 (45.50826714870057,-73.62975018951904)
1 (45.53044544229659,-73.64533442459206)
1 (45.47548495059831,-73.2913261569654)
1 (45.4280518745324,-73.46527353648445)
1 (45.454457427228164,-73.27750101282315)
1 (45.388276246084025,-73.67193249701485)
1 (45.472398718588494,-73.60376032102016)
1 (45.428804392078945,-73.54337391148138)
1 (45.71820278511315,-73.43715078375075)
1 (45.68329941673956,-73.50969335314632)
1 (45.41104896635173,-73.41884762356875)
1 (45.35290268911285,-73.55903312469553)
1 (45.36760866876277,-73.7144018771025)
1 (45.39125591351773,-73.31017187279643)
1 (45.644455577283914,-73.64687652546569)
1 (45.290124765339925,-73.48165531664415)
1 (45.398394720235515,-73.5761867542272)
1 (45.73163073260337,-73.35022629472076)
1 (45.264164070403446,-73.48043923477825)
1 (45.41264834748796,-73.38848021842117)
1 (45.596325868611835,-73.47192144225136)
1 (45.52710083116648,-73.60321517454788)
1 (45.36015282428391,-73.74162209490467)
1 (45.712687952370864,-73.66186355118248)
1 (45.28492777877667,-73.67176948501454)
1 (45.73000580123373,-73.69468545460619)
1 (45.61231384972658,-73.5858548628495)
1 (45.74406868364539,-73.69507182629519)
1 (45.38231489731205,-73.31996337164836)
1 (45.32091941619383,-73.70934825810365)
1 (45.69983510220805,-73.49796588638824)
1 (45.63531493443784,-73.51088845942223)
1 (45.31595908374076,-73.57623007434573)
1 (45.4093999585497,-73.6911394429361)
1 (45.63981260267188,-73.39098987406639)
1 (45.2668321028254,-73.57232800564326)
1 (45.46922721210566,-73.59336783909424)
1 (45.491997865241984,-73.55316179207344)
1 (45.29142031672151,-73.49327530029252)
1 (45.629759458821844,-73.4397554102567)
1 (45.458515481531265,-73.4540208869971)
1 (45.447598379364734,-73.48930561130314)
1 (45.38696613156377,-73.58443818044861)
1 (45.5090722884788,-73.30370722765035)
1 (45.664808958587926,-73.56469901721866)
1 (45.47517766636661,-73.35434466716049)
1 (45.57616186213367,-73.51570920984877)
1 (45.25851139787284,-73.29771156504954)
1 (45.56849417578681,-73.3800889815195)
1 (45.30405028099889,-73.35430439601203)
1 (45.594935577321365,-73.32522105734876)
1 (45.559918158469074,-73.37040365510138)
1 (45.56125310413508,-73.70570443142834)
1 (45.63168630526787,-73.26389915693407)
1 (45.29511416655573,-73.63378275155802)
1 (45.68455322506021,-73.37123408605059)
1 (45.533866484267065,-73.70192140114796)
1 (45.3691761293347,-73.26283544817726)
1 (45.3963045084461,-73.38168794673146)
1 (45.39897690288077,-73.37906623211195)
1 (45.66375475584955,-73.58744615331938)
1 (45.39942110248775,-73.35777801259552)
1 (45.446301187813795,-73.34210406962266)
1 (45.28306959684395,-73.67796018474137)
1 (45.45108465545878,-73.41526230231291)
1 (45.678128059658476,-73.73177559909382)
1 (45.601348999880145,-73.72158907104564)
1 (45.352770092258176,-73.65943965662981)
1 (45.67726957734091,-73.66910395648837)
1 (45.632686088441396,-73.73794341350644)
1 (45.46258820656926,-73.53328283185576)
1 (45.50511010369613,-73.30553903618764)
1 (45.58469189018817,-73.30350202878654)
1 (45.43900331484648,-73.62919885832174)
1 (45.33001093642912,-73.30331993592108)
1 (45.42812301646177,-73.28192728413588)
1 (45.70147532296885,-73.72545023730203)
1 (45.38138215097579,-73.49084784426012)
1 (45.360256562744006,-73.54601074431062)
1 (45.74320506733852,-73.54540560782765)
1 (45.36013544530525,-73.59073800852944)
1 (45.625510920688164,-73.71781809803215)
1 (45.73957439546263,-73.3183377254147)
1 (45.272507026899824,-73.74507584706073)
1 (45.5839365454277,-73.66299689061488)
1 (45.35965014625662,-73.25333674555853)
1 (45.60828168915293,-73.53931378523411)
1 (45.44893453693291,-73.57147630956369)
1 (45.639782852967535,-73.35850754401817)
1 (45.38409143070841,-73.68084873281423)
1 (45.59804516477213,-73.6347495488281)
1 (45.51133516153181,-73.58298207559827)
1 (45.681472353737796,-73.4748140622042)
1 (45.353967267281355,-73.63597315868782)
1 (45.468314140595396,-73.44297646009204)
1 (45.25245040599319,-73.4137665508389)
1 (45.53214128905092,-73.47619249977915)
1 (45.50548977401637,-73.38029426455762)
1 (45.45323336205826,-73.69207257262428)
1 (45.712210698741146,-73.64262119383952)
1 (45.27972737438061,-73.58402067733927)
1 (45.320696465127455,-73.25378412144774)
1 (45.55536380094467,-73.73413786532505)
1 (45.33395157178811,-73.47693021587503)
1 (45.48428005715989,-73.29509577164471)
1 (45.710781284412036,-73.59765364398184)
1 (45.64753924918025,-73.59716603371801)
1 (45.72612902378209,-73.28109728005067)
1 (45.420945747939626,-73.32594698762858)
1 (45.423088978815144,-73.61442906513)
1 (45.369187242158446,-73.29005960181343)
1 (45.297112342125615,-73.35372088943299)
1 (45.40745622176495,-73.35618979477643)
1 (45.50185083251939,-73.50705055684573)
1 (45.428442066078375,-73.67133513041468)
1 (45.655632461348844,-73.7328155022714)
1 (45.389948366137894,-73.31896890145221)
1 (45.25774008926873,-73.6137899704012)
1 (45.546378171880534,-73.56706561628168)
1 (45.29446388462782,-73.68337511249327)
1 (45.58594329733477,-73.36153673655305)
1 (45.32632503486913,-73.63078456405674)
1 (45.40469208926078,-73.69860672766764)
1 (45.699918398367096,-73.39657626276068)
1 (45.608313114579026,-73.47401419111104)
1 (45.52049787758435,-73.38898351678414)
1 (45.58316096590822,-73.35565389241187)
1 (45.654728781826556,-73.30491735865685)
1 (45.6190631760024,-73.65938072822581)
1 (45.30695766286558,-73.52730416646045)
1 (45.598205769568054,-73.6251770666439)
1 (45.62690035800659,-73.29259112835611)
1 (45.68675833353304,-73.39274058041859)
1 (45.36182518504449,-73.27879494634023)
1 (45.278887445713096,-73.36178004009456)
1 (45.2621088299153,-73.455387055367)
1 (45.646421014368784,-73.492911893197)
1 (45.28546815850546,-73.46160162667223)
1 (45.341663982743405,-73.46003122155305)
1 (45.62222231176207,-73.43942078143937)
1 (45.385729336579786,-73.40438579096626)
1 (45.681614689197644,-73.64153401035713)
1 (45.65023664397004,-73.36431268968505)
1 (45.437525794309934,-73.26298728859867)
1 (45.606343448247245,-73.26270222035082)
1 (45.43083321587039,-73.30802981244676)
1 (45.27181341888527,-73.62673448627879)
1 (45.26522609176691,-73.40083468230932)
1 (45.73418811004431,-73.49128931981942)
1 (45.61345704757434,-73.28031260043535)
1 (45.56611780023836,-73.69866086635344)
1 (45.57181545356946,-73.2851555598195)
1 (45.27751976654526,-73.55281339046967)
1 (45.662031573679435,-73.43554078963896)
1 (45.66847111450782,-73.51639563493355)
1 (45.3818719443175,-73.25259274471078)
1 (45.556606092641495,-73.35308619078812)
1 (45.44836228412812,-73.72574436572233)
1 (45.353276411706496,-73.31657313963778)
1 (45.26087466718077,-73.34155631582537)
1 (45.353846286427384,-73.67057644025213)
1 (45.635241843812956,-73.32534639199952)
1 (45.389232101132194,-73.4918020675121)
1 (45.524612124025694,-73.71914878982604)
1 (45.65816009120924,-73.35957255633801)
1 (45.74793414645536,-73.62606614120553)
1 (45.62260346193471,-73.67210873073937)
1 (45.692761575241114,-73.39199533713224)
1 (45.302473829176435,-73.45004326765782)
1 (45.545493580698896,-73.67100059271577)
1 (45.649880144331526,-73.5927268071167)
1 (45.329217748391336,-73.73027590911406)
1 (45.41813137350837,-73.64224318366881)
1 (45.39699772064119,-73.49468135470232)
1 (45.566147734463655,-73.68378041737269)
1 (45.53674895611517,-73.70925610040841)
1 (45.25505836753355,-73.56911007171121)
1 (45.4927713568681,-73.71090377083071)
1 (45.40050164401022,-73.69240736738001)
1 (45.49855865574991,-73.6476137471733)
1 (45.54150775555009,-73.57450077653186)
1 (45.34568012864305,-73.56512514060076)
1 (45.474831267168085,-73.52286940380824)
1 (45.58433072344031,-73.59685793985848)
1 (45.68221469923069,-73.63031263363256)
1 (45.6625719825144,-73.54322886881455)
1 (45.54730266984044,-73.35519652361354)
1 (45.66333644913452,-73.41113756679242)
1 (45.71878900755126,-73.39053723336932)
1 (45.29094428213456,-73.50345149935242)
1 (45.7268679212787,-73.47791195866768)
1 (45.39218148424894,-73.40173607088887)
1 (45.60117335905724,-73.25529348772426)
1 (45.570914991994165,-73.67326942266244)
1 (45.27012908342714,-73.64538494670335)
1 (45.36977067762332,-73.35554930107995)
1 (45.443995187361885,-73.6928867337418)
1 (45.54757589770095,-73.72804223077132)
1 (45.49688512840214,-73.64535802536228)
1 (45.67706925879081,-73.57184355428612)
1 (45.56664059437194,-73.44294094848539)
1 (45.62380603591194,-73.5432094607931)
1 (45.685689817981974,-73.63719571837946)
1 (45.44423807694155,-73.44659034307813)
1 (45.740878232915826,-73.59865070147312)
1 (45.35862347908797,-73.58683775662278)
1 (45.43574867770317,-73.69640164498738)
1 (45.71272136578051,-73.50867508542385)
1 (45.694861452489036,-73.44120001258061)
1 (45.74115354014562,-73.29431523077008)
1 (45.60648324472573,-73.37595067943037)
1 (45.4848650071536,-73.68727634480759)
1 (45.547336631165415,-73.27439467803971)
1 (45.39529158315396,-73.64198985112866)
1 (45.57109067363451,-73.46998329970597)
1 (45.47864336503678,-73.46471267927903)
1 (45.47088605071911,-73.38255519899357)
1 (45.29513850142571,-73.51154890658276)
1 (45.64542674150323,-73.5404087263464)
1 (45.730072971961356,-73.44405382830206)
1 (45.50803320447811,-73.6097170279738)
1 (45.69628709012842,-73.31193622350972)
1 (45.678540630686456,-73.6419640611377)
1 (45.310891113392984,-73.73579321772982)
1 (45.58903889122887,-73.43318512992431)
1 (45.613037303984925,-73.7006041162993)
1 (45.41618926617027,-73.55627591855622)
1 (45.55407729038923,-73.44287862725986)
1 (45.42521602567122,-73.27948955451122)
1 (45.29661865326552,-73.620896963741)
1 (45.37365966417821,-73.7204717188417)
1 (45.30479605681328,-73.39839787031096)
1 (45.57659139580847,-73.70578913927801)
1 (45.294497747267684,-73.7473632491136)
1 (45.57922716944594,-73.41088746703734)
1 (45.33933887242712,-73.68521633440056)
1 (45.61774249521217,-73.44476996960465)
1 (45.295849234760475,-73.30579288504767)
1 (45.67457784042086,-73.61741869145303)
1 (45.71964354637306,-73.34186341450363)
1 (45.45063748545789,-73.68608565170017)
1 (45.59326816176521,-73.60977683608405)
1 (45.48352307959228,-73.41906169743233)
1 (45.475969094906006,-73.53396447513036)
1 (45.43830649490266,-73.34238623692872)
1 (45.61580185831394,-73.5305857519655)
1 (45.28533460802084,-73.54619182105553)
1 (45.63530428613691,-73.34551542203229)
1 (45.65817232027612,-73.4229824923456)
1 (45.613379661404686,-73.49216463576045)
1 (45.65402792225109,-73.69012568592268)
1 (45.73808789309017,-73.71929664220902)
1 (45.69886868137676,-73.51319280650333)
1 (45.69771835110152,-73.45804032318578)
1 (45.349922381104484,-73.49551413647262)
1 (45.61081893901125,-73.45072327019015)
1 (45.54937415867525,-73.73241903424888)
1 (45.5697815585698,-73.25193867429346)
1 (45.37480602700931,-73.54611300371911)
1 (45.287134870545714,-73.51442851318782)
1 (45.25428992313803,-73.41899872230884)
1 (45.38887132474312,-73.42890836192096)
1 (45.427033248386536,-73.52947834333243)
1 (45.5949358793958,-73.37787712347979)
1 (45.634089361996175,-73.66488020192304)
1 (45.36342978901555,-73.28874812454264)
1 (45.617883451077944,-73.64113315666104)
1 (45.55213358747278,-73.3313056798375)
1 (45.49416783270711,-73.6981675842667)
1 (45.268629235084425,-73.49853441635123)
1 (45.435508804357454,-73.66375234265548)
1 (45.33860198460024,-73.73828670302956)
1 (45.37152048119634,-73.48658247647245)
1 (45.72082860372248,-73.66604613221638)
1 (45.56779930774308,-73.53191297697032)
1 (45.73690900887505,-73.48621340505049)
1 (45.49287645720954,-73.30988940556357)
1 (45.663974554318266,-73.58088359739449)
1 (45.320493106314636,-73.56795649856848)
1 (45.55940665501618,-73.2910019741709)
1 (45.74311748893911,-73.42433160047158)
1 (45.64802529299699,-73.715078384153)
1 (45.4918603640846,-73.44950991127986)
1 (45.70425796728024,-73.38530824388742)
1 (45.567809064073984,-73.31712431689024)
1 (45.60447511132513,-73.44999108930391)
1 (45.6902887311607,-73.34421283023254)
1 (45.607978850702715,-73.49455569629743)
1 (45.35867219061261,-73.42405226200638)
1 (45.44905805085115,-73.37129369813945)
1 (45.706098583862364,-73.52219711925561)
1 (45.48707289705654,-73.38007153249313)
1 (45.49582407026956,-73.5582182256289)
1 (45.466708484748914,-73.3488336650397)
1 (45.6739160176504,-73.6318661391619)
1 (45.386337379078775,-73.6036278610825)
1 (45.34561562428815,-73.67298965729547)
1 (45.55885701318965,-73.49317637722298)
1 (45.38693197692289,-73.6995204759438)
1 (45.67641854602721,-73.54268474860766)
1 (45.637894074104196,-73.45719020274582)
1 (45.558139623896466,-73.45562299407324)
1 (45.7493753562504,-73.28837688194335)
1 (45.2681941915786,-73.56063200042914)
1 (45.271518736465616,-73.6355828834622)
1 (45.44059833941872,-73.41350051105455)
1 (45.47852843847703,-73.62752748901968)
1 (45.4365619214281,-73.61132673994663)
1 (45.721958052913735,-73.72269193639087)
1 (45.39045147766885,-73.45752088045924)
1 (45.292612649546655,-73.39638603050004)
1 (45.27121086435888,-73.43222334552563)
1 (45.34979610636305,-73.35301020988669)
1 (45.29751151256565,-73.47300612368157)
1 (45.44587281294183,-73.72516802290421)
1 (45.39695533237273,-73.35539289123184)
1 (45.53397664096036,-73.68563886104876)
1 (45.39232887366818,-73.48177630079115)
1 (45.597187954375045,-73.34695176716305)
1 (45.73120820717816,-73.64072888543569)
1 (45.67861279698159,-73.25640629891788)
1 (45.3491396530179,-73.2864971491633)
1 (45.62353697000504,-73.71186696758427)
1 (45.671172502747496,-73.61063606223381)
1 (45.267190573221896,-73.52551331614399)
1 (45.311695390435,-73.63428438732578)
1 (45.61464706353157,-73.74895804062744)
1 (45.72832895201986,-73.74049930659669)
1 (45.26299432176988,-73.7437511710552)
1 (45.42205307312469,-73.49136139519631)
1 (45.410153157407876,-73.33626869939987)
1 (45.252797907274235,-73.73422944956326)
1 (45.27958220193962,-73.63533951430797)
1 (45.55740347241067,-73.39556730039783)
1 (45.665596462920995,-73.41469500887011)
1 (45.51515363694275,-73.48918280205004)
1 (45.57013981256962,-73.27043116419378)
1 (45.60501589012156,-73.72851226750754)
1 (45.55859029889525,-73.55615347908417)
1 (45.53826913329954,-73.72975139828854)
1 (45.50954019395825,-73.37533037518726)
1 (45.73037758273376,-73.62417688209115)
1 (45.371481198482655,-73.67161135785341)
1 (45.69676955477387,-73.46392073177745)
1 (45.36793818395127,-73.70347171929546)
1 (45.71860576070808,-73.60575244500457)
1 (45.31183357633482,-73.41952573117757)
1 (45.72667244339959,-73.29209192123513)
1 (45.29972733062685,-73.46520625087005)
1 (45.594210539156805,-73.41751924390333)
1 (45.55706599189485,-73.25023852954213)
1 (45.41279284487497,-73.47246516767044)
1 (45.59668754353437,-73.6894420185626)
1 (45.349286770806245,-73.39355937529798)
1 (45.634567068762195,-73.39687415638647)
1 (45.34649140841528,-73.52228128732034)
1 (45.379151421436454,-73.26518556155754)
1 (45.7352129548523,-73.58010129212911)
1 (45.37361942996923,-73.49828672884887)
1 (45.27134370190525,-73.50921837156206)
1 (45.52401765085217,-73.28603155434553)
1 (45.69793543207069,-73.70329270607988)
1 (45.290459481879886,-73.41460371786536)
1 (45.65930871150054,-73.56224028776788)
1 (45.253439335119936,-73.69564721854532)
1 (45.66191577293212,-73.44919897862101)
1 (45.392801335768475,-73.670912921849)
1 (45.284974779811805,-73.50619403123207)
1 (45.43301554769497,-73.60729852820124)
1 (45.492819796326756,-73.39782353687448)
1 (45.5151530462411,-73.33963959455423)
1 (45.69046105240326,-73.3994525862587)
1 (45.25331420409326,-73.54546501705421)
1 (45.594025995263095,-73.32794757867558)
1 (45.421253124007,-73.54716064272641)
1 (45.558552571255376,-73.62890049652954)
1 (45.593554281701245,-73.73259012853165)
1 (45.717031758716786,-73.4845855544908)
1 (45.53495558039314,-73.6652028296253)
1 (45.63664715570413,-73.59155873206049)
1 (45.49127570165535,-73.41901384617363)
1 (45.690835452841945,-73.27585370174755)
1 (45.28589152443955,-73.6225716653291)
1 (45.47909208657183,-73.36714581072172)
1 (45.26682477162528,-73.62913470542824)
1 (45.40037235211434,-73.74104808570492)
1 (45.68123558114451,-73.64775808009556)
1 (45.400488953794024,-73.6608722123901)
1 (45.47648349252949,-73.57184777924724)
1 (45.46908277791701,-73.506729359092)
1 (45.33990512561996,-73.62796959521407)
1 (45.65754450816904,-73.67076463020183)
1 (45.49307078075363,-73.3383058017446)
1 (45.725690319653665,-73.32261098149027)
1 (45.350520501143485,-73.64513301684502)
1 (45.502045866358586,-73.40881730931558)
1 (45.63784372636096,-73.38505006332757)
1 (45.66026846982338,-73.6440476897285)
1 (45.43945435370306,-73.6244153039503)
1 (45.372538069953585,-73.38026702882983)
1 (45.41252703944869,-73.67555809627639)
1 (45.699673678527084,-73.602921358873)
1 (45.560298180240224,-73.4058097810974)
1 (45.617282194996726,-73.40028883197829)
1 (45.50529876416079,-73.72825496672134)
1 (45.257423028454305,-73.58372072843206)
1 (45.641074301419096,-73.42433426155952)
1 (45.26607203885285,-73.70240921298401)
1 (45.36956047584118,-73.69403512866361)
1 (45.63809453954582,-73.49661230099507)
1 (45.350521285346325,-73.55938821796644)
1 (45.49348766650051,-73.36793374276175)
1 (45.29931995515642,-73.4613415181529)
1 (45.501328360260025,-73.71429896615668)
1 (45.369780917585416,-73.58881570376433)
1 (45.541163764904645,-73.48068600948694)
1 (45.55001458819905,-73.66184903325772)
1 (45.7155069254194,-73.51446337009895)
1 (45.280815023287325,-73.55822099510114)
1 (45.49165108381826,-73.28635463642878)
1 (45.67860355718149,-73.32479906676572)
1 (45.55619213267359,-73.74459285562804)
1 (45.30788009894484,-73.25108373462689)
1 (45.41144895265154,-73.51074537600061)
1 (45.40175691799472,-73.30303203980976)
1 (45.32939779264442,-73.30098295951089)
1 (45.27338788450434,-73.32022062505659)
1 (45.50578711822847,-73.36623510575465)
1 (45.395969781978316,-73.46876480079706)
1 (45.62477537871223,-73.38871608701712)
1 (45.25448012764005,-73.51614026399527)
1 (45.552734948948725,-73.65072460979053)
1 (45.58842964229709,-73.55215986391431)
1 (45.52879118622233,-73.40441260010668)
1 (45.55164551073705,-73.3228383429615)
1 (45.50921619429578,-73.71838698993103)
1 (45.6124649840395,-73.37073308709068)
1 (45.25297316921519,-73.65855083113455)
1 (45.705707040816996,-73.68657978348257)
1 (45.30650728932936,-73.47650861621163)
1 (45.72640334881827,-73.5726470505388)
1 (45.2573054191726,-73.52915313557841)
1 (45.42450775746858,-73.39821485810879)
1 (45.477797545840204,-73.4377194945647)
1 (45.61966693710932,-73.39193667242544)
1 (45.57384845330062,-73.5136348123107)
1 (45.405623256457396,-73.56457612626535)
1 (45.38538919372834,-73.73190991281618)
1 (45.6549338706803,-73.28871411045108)
1 (45.660663526436004,-73.52061267336975)
1 (45.66642877604357,-73.47950300554645)
1 (45.44011536468824,-73.35713019444707)
1 (45.72019328402664,-73.72239980998971)
1 (45.74111895900833,-73.61847027429074)
1 (45.6178492654507,-73.58004098345859)
1 (45.33055437291757,-73.32377056652358)
1 (45.48952228148492,-73.68102653522672)
1 (45.70865671377096,-73.33247655342372)
1 (45.74312034270225,-73.54836220453635)
1 (45.40461809063498,-73.72131784831383)
1 (45.516413051875766,-73.4646632476718)
1 (45.30209727706284,-73.45725482796921)
1 (45.36788845323522,-73.4949543894086)
1 (45.471092843904266,-73.6119859856214)
1 (45.70847800225752,-73.5960057541659)
1 (45.381561013984665,-73.7263990627969)
1 (45.63297821473835,-73.5336249213213)
1 (45.413710786737624,-73.53051719323294)
1 (45.35736134047883,-73.60618102228709)
1 (45.260084064426884,-73.55603413998583)
1 (45.4061550845363,-73.43386701571669)
1 (45.6353298846775,-73.74445064482848)
1 (45.522685009089294,-73.31881188783392)
1 (45.67100702011385,-73.45411713828366)
1 (45.49421162926472,-73.411134834452)
1 (45.47480070797384,-73.30415555098276)
1 (45.69385714325145,-73.63038924973146)
1 (45.57621433411765,-73.5622765031606)
1 (45.641705313365605,-73.49057437457601)
1 (45.36409813202815,-73.28692558323266)
1 (45.27857126441237,-73.65999842115943)
1 (45.645302758884945,-73.67198583725852)
1 (45.4276760153674,-73.25475704167508)
1 (45.61829596268234,-73.51443130975038)
1 (45.59182422964111,-73.51644668381846)
1 (45.360756872264126,-73.43186935954898)
1 (45.296671482777164,-73.66096286064159)
1 (45.375962833618196,-73.39782784274132)
1 (45.64428112976393,-73.30583875511256)
1 (45.32920971562971,-73.33793578162746)
1 (45.585408684954686,-73.4885600140846)
1 (45.33255725560946,-73.4398142625236)
1 (45.653815212082876,-73.37764721143823)
1 (45.503866875537575,-73.47353756377528)
1 (45.53139936792828,-73.35202775436755)
1 (45.53440014626608,-73.29794182841812)
1 (45.329051009633744,-73.68232459598467)
1 (45.64817193242509,-73.340852377448)
1 (45.37486775189566,-73.59016950987822)
1 (45.62580282804607,-73.68846791766065)
1 (45.598738726691955,-73.48850419835658)
1 (45.49579155936092,-73.50068362878835)
1 (45.29028867164422,-73.71706298937167)
1 (45.56692864063527,-73.28505241561736)
1 (45.58578808110891,-73.58283627540177)
1 (45.68699827258969,-73.61237701510863)
1 (45.508874141612516,-73.49529432478377)
1 (45.46496645721886,-73.64159354694418)
1 (45.7497897090666,-73.45050670428058)
1 (45.686529031194745,-73.34064982365439)
1 (45.618336597398255,-73.56702287381667)
1 (45.28619388194128,-73.54350001625757)
1 (45.746852172645625,-73.30948487068683)
1 (45.51299779565734,-73.47113006752889)
1 (45.65125678425891,-73.45342389778239)
1 (45.34150866767296,-73.56669622071436)
1 (45.68058285088305,-73.74654761561942)
1 (45.73494017185515,-73.4514021047603)
1 (45.69838457793791,-73.60805563542331)
1 (45.56300614255615,-73.49865756325605)
1 (45.543040706286384,-73.57812627830742)
1 (45.31356825400381,-73.44935577951179)
1 (45.4082007940439,-73.58469787271135)
1 (45.71418097210679,-73.65077264754127)
1 (45.26948910689739,-73.4340235655555)
1 (45.49731377445765,-73.39563593630714)
1 (45.359068051524254,-73.25520888324755)
1 (45.30133127258763,-73.46632924548629)
1 (45.45577684115829,-73.4370471174746)
1 (45.59823773720356,-73.35198905942504)
1 (45.41529893644999,-73.38794743320706)
1 (45.57874327204405,-73.70342093392121)
1 (45.412175405091155,-73.7266068239649)
1 (45.605384646689295,-73.42230407087388)
1 (45.30346946087265,-73.27230694524334)
1 (45.66523462039962,-73.34707122795172)
1 (45.35250071766968,-73.44932251232143)
1 (45.7151593933361,-73.29814409497932)
1 (45.270306081596914,-73.44990855627482)
1 (45.414634422068396,-73.27987217831479)
1 (45.64234741467442,-73.71468905660433)
1 (45.48380500050936,-73.40556605535859)
1 (45.308474292255895,-73.48800001828148)
1 (45.30777820796471,-73.61543418208684)
1 (45.65526377632803,-73.38884576383711)
1 (45.43205931292356,-73.49502493839066)
1 (45.56159691569712,-73.60560720311165)
1 (45.25859587193895,-73.47394399265929)
1 (45.41069547997974,-73.47449683063009)
1 (45.55706882007932,-73.39115974169346)
1 (45.64483033730888,-73.33798526845992)
1 (45.35187084439928,-73.35412773421947)
1 (45.29252628901486,-73.70002986312807)
1 (45.33163757177429,-73.49425781878232)
1 (45.742326646107514,-73.29991622738999)
1 (45.65524842756496,-73.63091584332177)
1 (45.272043701620596,-73.31587916819755)
1 (45.39588950967078,-73.50019459744286)
1 (45.46790995774275,-73.48339976622177)
1 (45.37307158373779,-73.58310676141345)
1 (45.684157935079575,-73.47118093913812)
1 (45.27142227999542,-73.68064549102586)
1 (45.60029491231895,-73.40028436235566)
1 (45.734622209070594,-73.7303263046253)
1 (45.7307020419796,-73.41876689854658)
1 (45.553030504901585,-73.4403669243179)
1 (45.42917558766165,-73.25538532706139)
1 (45.634346098537755,-73.6335795682193)
1 (45.50964155263745,-73.67154354769558)
1 (45.65807689421963,-73.7433433341737)
1 (45.57351283210298,-73.71063691048558)
1 (45.6666396234107,-73.6886921839699)
1 (45.49402166736813,-73.60830380484774)
1 (45.33858911179582,-73.37459695853028)
1 (45.25834829839375,-73.67582514978524)
1 (45.32277633811932,-73.31693793315732)
1 (45.50948001664288,-73.40201779071118)
1 (45.28616058815497,-73.37945739692366)
1 (45.66147309713409,-73.4364484002008)
1 (45.742551578780315,-73.33214947011977)
1 (45.38415336666994,-73.5186498303049)
1 (45.28473346563416,-73.39708777475451)
1 (45.566279474264896,-73.30425244976777)
1 (45.53822321439424,-73.63860906591076)
1 (45.56980617295755,-73.40954839591241)
1 (45.49134170753482,-73.48006428208208)
1 (45.6821232708245,-73.35098707924998)
1 (45.33332669867385,-73.28901625739324)
1 (45.6580091172491,-73.39545596725976)
1 (45.54989256116592,-73.36680619113886)
1 (45.618525692447534,-73.66093087486085)
1 (45.28394246057074,-73.30682935229517)
1 (45.34019598860079,-73.61518560437686)
1 (45.368064462204984,-73.54865294080611)
1 (45.62454216543674,-73.41273130809284)
1 (45.47499381499095,-73.55227744831558)
1 (45.48542669008901,-73.28701116829994)
1 (45.51239948456785,-73.34838545557278)
1 (45.32962663924661,-73.47610680453963)
1 (45.70915359940413,-73.28634011424602)
1 (45.63468478779718,-73.40581798879957)
1 (45.30166861320388,-73.60198829839374)
1 (45.34731936180415,-73.58395781230588)
1 (45.33093742353923,-73.4619913874711)
1 (45.335537536306276,-73.37406102232536)
1 (45.303587672061134,-73.41044979889261)
1 (45.728086208108834,-73.51543358816411)
1 (45.35356202471869,-73.64700509797753)
1 (45.365986607348816,-73.43957708701016)
1 (45.5649623969799,-73.30339677495198)
1 (45.37263784558208,-73.60050182008678)
1 (45.28114639623182,-73.35761834087315)
1 (45.521337638389824,-73.68829839301361)
1 (45.53034040007747,-73.53136092580604)
1 (45.642056686223086,-73.73156759197131)
1 (45.643834259530585,-73.45734993990732)
1 (45.26291666015653,-73.71491394387205)
1 (45.72924850420649,-73.57847368976705)
1 (45.52605980845868,-73.44268904387997)
1 (45.388415707835875,-73.65027086928076)
1 (45.652461598111344,-73.46952588184814)
1 (45.437093309533935,-73.36238636530423)
1 (45.35572610049239,-73.49193611812792)
1 (45.392026252936134,-73.47302342780716)
1 (45.62101697021986,-73.65334755038783)
1 (45.639803221228554,-73.46321255310173)
1 (45.67201548394012,-73.25743961415627)
1 (45.491501397064226,-73.56488606193417)
1 (45.7461598083703,-73.41149018649024)
1 (45.257290116953456,-73.59828963213279)
1 (45.486408652097055,-73.63267727407455)
1 (45.54596486105177,-73.37018073226903)
1 (45.336385108335406,-73.44588509432938)
1 (45.70580864100785,-73.43455618954093)
1 (45.294995192798794,-73.48154379025814)
1 (45.67522857202023,-73.30231967168761)
1 (45.746478727599836,-73.54638827626337)
1 (45.50429141184807,-73.70534235205862)
1 (45.33233834768231,-73.58875163197419)
1 (45.441582493379215,-73.27378842594683)
1 (45.47270603221868,-73.41311416022806)
1 (45.25473809630423,-73.47336975621502)
1 (45.676444505052345,-73.4161095861464)
1 (45.367552568029424,-73.37136208075867)
1 (45.70164430516244,-73.51804558219044)
1 (45.451736633497305,-73.25675819819551)
1 (45.44116560737834,-73.35022580864985)
1 (45.30720473460605,-73.33085143586034)
1 (45.611487086928975,-73.62896672598838)
1 (45.701194617652476,-73.60983566707698)
1 (45.41736246259412,-73.50218232967461)
1 (45.313573239231346,-73.34067619022665)
1 (45.34964856891116,-73.49376589983538)
1 (45.55335906693406,-73.62554875387275)
1 (45.64915720355531,-73.49472790268166)
1 (45.26979129574432,-73.57856181327722)
1 (45.73549613206955,-73.55815512376311)
1 (45.280202568871466,-73.7012703301011)
1 (45.55660300031079,-73.54753599520386)
1 (45.67650235040404,-73.26065714014753)
1 (45.36203924453128,-73.46485326944469)
1 (45.552254092831404,-73.28480119401311)
1 (45.34109912425672,-73.54607484454255)
1 (45.61312990345158,-73.35736945155837)
1 (45.395402717532036,-73.45727978255066)
1 (45.59495241912762,-73.69236282778839)
1 (45.534879465104304,-73.65463647719591)
1 (45.515584139801724,-73.50521396086843)
1 (45.495912581751114,-73.68580568810268)
1 (45.52960047149809,-73.46537787815264)
1 (45.680902715213676,-73.409071521937)
1 (45.53798343673365,-73.5189745992298)
1 (45.4096225350278,-73.2896089276032)
1 (45.72899858822261,-73.60783542549461)
1 (45.25447223654348,-73.59977671910308)
1 (45.390968922620424,-73.28347298790358)
1 (45.40410928683889,-73.50218073958193)
1 (45.64283480626915,-73.42103782157443)
1 (45.562913843395016,-73.63048194483832)
1 (45.67419012848964,-73.67924232846806)
1 (45.34736479895426,-73.40353009135946)
1 (45.67291047313875,-73.5275259634604)
1 (45.48463951247511,-73.41338373853297)
1 (45.34553993998258,-73.57140332721895)
1 (45.35361355021017,-73.31713301150408)
1 (45.303279063356904,-73.55098000357849)
1 (45.53392525718201,-73.73617209632197)
1 (45.59471692503175,-73.2660388137137)
1 (45.54488296265278,-73.7246735588366)
1 (45.31537654780873,-73.29389214371935)
1 (45.362731181363614,-73.41149747790764)
1 (45.51369321129677,-73.7133640393749)
1 (45.602155210123755,-73.44662352705322)
1 (45.54322129344889,-73.62980862092076)
1 (45.43589199788124,-73.39442482309735)
1 (45.58166594770016,-73.6119895135441)
1 (45.404928356550926,-73.71170760964544)
1 (45.74876165159359,-73.70193765600453)
1 (45.74100588194188,-73.4284215811999)
1 (45.607070594883446,-73.44357324741779)
1 (45.683015093444304,-73.6133009043951)
1 (45.32244943211787,-73.39492014113527)
1 (45.519350037664324,-73.65542648634158)
1 (45.39423406774932,-73.34215923717989)
1 (45.729407124443455,-73.32580571681665)
1 (45.63911732118263,-73.4215602134342)
1 (45.62915106018373,-73.50054603341707)
1 (45.52724591903104,-73.57749916479516)
1 (45.34803339563603,-73.32905447104433)
1 (45.524238279627035,-73.74131226377271)
1 (45.2775379464941,-73.51692554792349)
1 (45.28862565783511,-73.30665405464659)
1 (45.33524016361399,-73.26378557950301)
1 (45.4106453186523,-73.40232147935015)
1 (45.48250633279684,-73.25134164420534)
1 (45.35536432876866,-73.62317292781047)
1 (45.41882124527372,-73.41623925494878)
1 (45.39078947014035,-73.2738147485772)
1 (45.25122169607073,-73.5660630212378)
1 (45.53991845677331,-73.30814512137184)
1 (45.70342625133673,-73.70492003053648)
1 (45.49461425510098,-73.51063875492333)
1 (45.58598982568554,-73.72752643890516)
1 (45.46873459876101,-73.5624233704534)
1 (45.29617536738935,-73.4175728485659)
1 (45.64812475443847,-73.46674215157944)
1 (45.55422268647931,-73.44737476802251)
1 (45.715882446986264,-73.3743143315366)
1 (45.411308279527,-73.32141980766363)
1 (45.39272934338746,-73.64939872927577)
1 (45.28372769972483,-73.43640391607896)
1 (45.534374736425754,-73.55203359631896)
1 (45.37769590153381,-73.64470408260078)
1 (45.57043228694108,-73.68096841322716)
1 (45.3696487533952,-73.40696570448999)
1 (45.452752046386514,-73.32522190076338)
1 (45.59804260126601,-73.3025882592402)
1 (45.30495526879724,-73.60999294566619)
1 (45.30438679306521,-73.33437321248984)
1 (45.62951062567885,-73.2948195227045)
1 (45.633607326124775,-73.61545367704434)
1 (45.73386603251957,-73.28842326502478)
1 (45.66682841289206,-73.66285589814478)
1 (45.482951298047496,-73.38559575520657)
1 (45.71327155998028,-73.64264785399979)
1 (45.571792181361786,-73.40677519608124)
1 (45.43221036879244,-73.51661103024459)
1 (45.739027767187245,-73.33063019944386)
1 (45.59078246300383,-73.62972669442269)
1 (45.7097983564302,-73.65401062232067)
1 (45.38894818366517,-73.35149846215629)
1 (45.664772180595946,-73.59204289468312)
1 (45.29899904108825,-73.44223857312748)
1 (45.68100483590797,-73.34394079580363)
1 (45.27375705362384,-73.35792559804736)
1 (45.379876260415266,-73.49727007756762)
1 (45.474969700038535,-73.73409688839016)
1 (45.44752571168578,-73.7249487658017)
1 (45.36139303509867,-73.30046940747351)
1 (45.26400611755726,-73.74518251005159)
1 (45.55466922865341,-73.47358824796848)
1 (45.58880483140877,-73.56482776403378)
1 (45.37034280745379,-73.35478239461786)
1 (45.60242876296905,-73.31134312720629)
1 (45.26122326413136,-73.32506293649004)
1 (45.59642744994314,-73.47753244207989)
1 (45.670789964902184,-73.37732932974758)
1 (45.737528562718985,-73.65670106718076)
1 (45.43544851116436,-73.25935469063485)
1 (45.60548600551466,-73.33363980998266)
1 (45.406186098836855,-73.41850175720852)
1 (45.61879169918521,-73.51901879356087)
1 (45.382536660119506,-73.64097654590711)
1 (45.51757777453281,-73.4713168051404)
1 (45.26475471749259,-73.6646569794904)
1 (45.26883672484258,-73.4413292420241)
1 (45.533710376254604,-73.41513973299438)
1 (45.595512913485166,-73.29959124737005)
1 (45.262256141122485,-73.36962846835293)
1 (45.308069490721074,-73.56671992132584)
1 (45.34667918988395,-73.39264241358555)
1 (45.73481074249843,-73.26072326198059)
1 (45.52234157234042,-73.71125468939299)
1 (45.30554037584397,-73.60374071797581)
1 (45.49372361846211,-73.50567515541503)
1 (45.74206247720224,-73.4934737590972)
1 (45.66582430472501,-73.38347301909708)
1 (45.34858205129033,-73.74173243522277)
1 (45.51123564479992,-73.2825900891411)
1 (45.57523855033954,-73.41406717401146)
1 (45.545196369919026,-73.60952573703388)
1 (45.34880589517982,-73.6703728343327)
1 (45.70954350612615,-73.66468046428692)
1 (45.626018696232066,-73.30664504562166)
1 (45.685718634748646,-73.63682497712179)
1 (45.727035199092086,-73.73273701133839)
1 (45.26684911564949,-73.66301768468786)
1 (45.74922277190658,-73.39000748500206)
1 (45.41941252566197,-73.6490234827909)
1 (45.74475326359229,-73.61616917899397)
1 (45.5561061570159,-73.72839253694808)
1 (45.36942059602391,-73.70243936075931)
1 (45.32328147769268,-73.40583805369954)
1 (45.374644422792294,-73.36026251947439)
1 (45.37866689391928,-73.58240752471231)
1 (45.619798835295676,-73.521418100478)
1 (45.698090259171444,-73.29617249529706)
1 (45.72780637501574,-73.33624403226686)
1 (45.40352604445961,-73.63276721969592)
1 (45.59336314129982,-73.409999886485)
1 (45.449030258215,-73.36508711908043)
1 (45.68021160990209,-73.72706141904872)
1 (45.7359895352637,-73.47081353110339)
1 (45.41155354875325,-73.3566812905205)
1 (45.354598930644194,-73.25016143719857)
1 (45.46599633509492,-73.41246859844803)
1 (45.66459659299625,-73.32435265164148)
1 (45.44035141638378,-73.35053301751233)
1 (45.33502137987707,-73.33779711787817)
1 (45.630154934993435,-73.53840700051445)
1 (45.26012300690272,-73.71382065998823)
1 (45.6089558432287,-73.60840286637134)
1 (45.45654245843801,-73.32500793845719)
1 (45.358217943754674,-73.42497926732464)
1 (45.625493904527744,-73.43483463105625)
1 (45.41110788248032,-73.54598452212481)
1 (45.53291720889206,-73.74724377642295)
1 (45.32549195618078,-73.34231249092309)
1 (45.720434004635784,-73.36517610352644)
1 (45.29414052668396,-73.45954930593251)
1 (45.31042797796622,-73.40779525975674)
1 (45.333439276139714,-73.55860760384672)
1 (45.30968363359832,-73.4692537597159)
1 (45.26583269327641,-73.2601375382803)
1 (45.347756256360064,-73.51932626971907)
1 (45.62577571497783,-73.43967203480797)
1 (45.70860840594436,-73.74809234234448)
1 (45.674145269952255,-73.47700663072008)
1 (45.3270374252705,-73.74308087639893)
1 (45.40186441780374,-73.25423230811437)
1 (45.625030985723846,-73.25789443602153)
1 (45.739917303559565,-73.62213248321993)
1 (45.65742642115489,-73.68631173997407)
1 (45.66998405187097,-73.71432359136595)
1 (45.52111275860008,-73.69522219389633)
1 (45.54760064905732,-73.38256134347137)
1 (45.357502510933315,-73.29347688955622)
1 (45.70804930571912,-73.65505301529504)
1 (45.54411378289194,-73.4218458198329)
1 (45.32411095734535,-73.48240883560295)
1 (45.327841379143834,-73.44175161827044)
1 (45.52436198487243,-73.63303365480533)
1 (45.69985896496621,-73.67730562205742)
1 (45.46087332222419,-73.4313030650523)
1 (45.25008252926178,-73.42640241761852)
1 (45.33597068628302,-73.59778598389941)
1 (45.567738734068385,-73.6022346162767)
1 (45.359140565878675,-73.25106874918991)
1 (45.47382012246594,-73.39656994682035)
1 (45.707217281438304,-73.66540385373894)
1 (45.48107214336581,-73.57048845323791)
1 (45.30366239001031,-73.64744915006175)
1 (45.37764554290987,-73.67700771058895)
1 (45.61604824619932,-73.39878162398712)
1 (45.72166079522613,-73.70312968970605)
1 (45.69478349494674,-73.46866265081036)
1 (45.31566957808804,-73.28632346711017)
1 (45.34066907101461,-73.37369950040346)
1 (45.40236146162567,-73.31231302509256)
1 (45.59404876346842,-73.66759112094529)
1 (45.38585255178371,-73.33727025202398)
1 (45.68411976349948,-73.68506393608288)
1 (45.33650565242418,-73.39811867544873)
1 (45.663393630307105,-73.35939652831775)
1 (45.38147036896876,-73.37963367137506)
1 (45.67934965094823,-73.42259988481355)
1 (45.31799424454459,-73.69638059273831)
1 (45.70299778993555,-73.4413630584542)
1 (45.41204479151612,-73.62126272558356)
1 (45.542369535747284,-73.52029184962723)
1 (45.36089530185963,-73.65055634720098)
1 (45.617880434383764,-73.61676130713727)
1 (45.3050657513578,-73.33779062741398)
1 (45.26605940008107,-73.25887057089598)
1 (45.572373135493834,-73.55568574207419)
1 (45.268314916656024,-73.53953173610813)
1 (45.52483424719215,-73.65659279776237)
1 (45.372209776228416,-73.5756423231259)
1 (45.45777684237659,-73.4974848704513)
1 (45.28414127362784,-73.67158391680059)
1 (45.46975356804328,-73.2755287592841)
1 (45.464374803752726,-73.71095747481182)
1 (45.58171636802903,-73.5846225829609)
1 (45.54805449282136,-73.31950876315695)
1 (45.63439719233582,-73.55201483973687)
1 (45.349115272422864,-73.59561547794438)
1 (45.633954268090704,-73.34722608722117)
1 (45.67794673714615,-73.69250037901847)
1 (45.74768142988849,-73.27297453544607)
1 (45.61820960138756,-73.25850289310435)
1 (45.57394121829421,-73.54966285264501)
1 (45.46338171375235,-73.69828453115105)
1 (45.62347089099368,-73.29121348029464)
1 (45.709411042264406,-73.40876150125165)
1 (45.65282351817402,-73.5406453962634)
1 (45.33627915893931,-73.5688506453449)
1 (45.58494497292131,-73.58876585946909)
1 (45.588329082743165,-73.72178332048559)
1 (45.736750559986746,-73.63870591825206)
1 (45.5808877109485,-73.2827840423509)
1 (45.44905345173951,-73.70275905317594)
1 (45.31901324523234,-73.73332941124563)
1 (45.48031054910719,-73.42608779123691)
1 (45.61312424316636,-73.62599544147784)
1 (45.682389269207285,-73.32434356190187)
1 (45.41581746949027,-73.62106926215222)
1 (45.52392248090507,-73.69910057031511)
1 (45.28435770977396,-73.60764459389908)
1 (45.464806762819514,-73.2562349202011)
1 (45.49412308377976,-73.52783780014431)
1 (45.51401257468511,-73.69798558374639)
1 (45.289715811062464,-73.32305481644823)
1 (45.52211329837409,-73.28941458725274)
1 (45.36249851250941,-73.4559067686847)
1 (45.36980317342064,-73.61433881222978)
1 (45.38599236281304,-73.73041541833743)
1 (45.714162571767964,-73.43453665155731)
1 (45.323873952143444,-73.63656733515022)
1 (45.34554242534738,-73.74913809809387)
1 (45.749233695586746,-73.68306877295122)
1 (45.48967762507382,-73.31858717782752)
1 (45.578309047859044,-73.65432097292651)
1 (45.56200274497171,-73.56942141094227)
1 (45.42708215086226,-73.43417909047969)
1 (45.444131705768044,-73.43234314147577)
1 (45.744931642545566,-73.47997522973013)
1 (45.30607606781164,-73.28666318500538)
1 (45.46595471301966,-73.70557957276331)
1 (45.34201515944841,-73.2891778271825)
1 (45.64562588021915,-73.44194147610632)
1 (45.52229436953653,-73.45489542121223)
1 (45.41813501174611,-73.28759492788215)
1 (45.589816369427886,-73.43075947676013)
1 (45.61804765721594,-73.54003148031865)
1 (45.545103154624755,-73.46162064746511)
1 (45.55885679719163,-73.51163608604907)
1 (45.27104504157644,-73.5901902006327)
1 (45.25054561755577,-73.38104953477473)
1 (45.74571639638126,-73.65956346365797)
1 (45.26845696226338,-73.31236410551577)
1 (45.47962565035704,-73.69813183011232)
1 (45.55656573426832,-73.39047714784284)
1 (45.39238080107215,-73.26230753767868)
1 (45.65967627771647,-73.47121987535806)
1 (45.312989653626566,-73.29246587007883)
1 (45.731117743854014,-73.32954720874258)
1 (45.64787767312748,-73.50186503598121)
1 (45.65518596285853,-73.50811683854207)
1 (45.511194050004136,-73.267034098859)
1 (45.25688138999022,-73.52200430781329)
1 (45.25309044415898,-73.42122529163795)
1 (45.34541821654796,-73.56309326390699)
1 (45.35339480069583,-73.2700069786365)
1 (45.252530747380085,-73.5698483470867)
1 (45.57046596765539,-73.54992955562243)
1 (45.58177881267647,-73.48472126438925)
1 (45.54800317759139,-73.43742651632142)
1 (45.580854674986846,-73.71235805268653)
1 (45.28619780974017,-73.58571880187043)
1 (45.3853199332447,-73.71706918325543)
1 (45.477852915046505,-73.52247069723248)
1 (45.359251449758965,-73.35769147555276)
1 (45.6949595000185,-73.5803013536393)
1 (45.375951250089386,-73.45201434077825)
1 (45.286706655574875,-73.35598606819055)
1 (45.64017598399142,-73.6913602522011)
1 (45.6160160362282,-73.50228730543823)
1 (45.55226761090981,-73.38870300526669)
1 (45.41842948118181,-73.44883565570677)
1 (45.654117345877616,-73.64087449967354)
1 (45.614541632798684,-73.42533651922517)
1 (45.37707112086005,-73.31695449520289)
1 (45.345157979585395,-73.42160881449024)
1 (45.63268508698016,-73.35085525422626)
1 (45.32697191390022,-73.46456718777)
1 (45.74866608338832,-73.616406160913)
1 (45.34579257372715,-73.32224015843092)
1 (45.354382204208385,-73.69791133163626)
1 (45.31421865657153,-73.45927165074696)
1 (45.56300469217243,-73.63819627545887)
1 (45.321141679302045,-73.26708410595282)
1 (45.68064313944794,-73.74957743299117)
1 (45.49157522862886,-73.27498662409421)
1 (45.69676168078779,-73.31098164650815)
1 (45.25704544478695,-73.71599234463005)
1 (45.47471466305691,-73.44661040737115)
1 (45.30914074126262,-73.47296440526905)
1 (45.366416101353934,-73.68808675907735)
1 (45.57180745615815,-73.56694062402623)
1 (45.420957981043735,-73.66294061077157)
1 (45.48159125846535,-73.4700921516064)
1 (45.44341823390471,-73.52758145089503)
1 (45.70926234331618,-73.63075218537506)
1 (45.387150057427796,-73.67257503053132)
1 (45.69112592300949,-73.68730602165205)
1 (45.43051990576167,-73.37208388930176)
1 (45.46380756237522,-73.42146435254652)
1 (45.5973624133668,-73.42774936420984)
1 (45.31241638209686,-73.55954704943561)
1 (45.429346196578855,-73.4700857955547)
1 (45.64872738396756,-73.57288537312454)
1 (45.5079953088701,-73.42762559924344)
1 (45.333387353772075,-73.65530565703847)
1 (45.55428678971193,-73.2555967264313)
1 (45.34413722388458,-73.56688835814073)
1 (45.404545728869735,-73.33183221899368)
1 (45.270656810353834,-73.52880164934471)
1 (45.372784934404066,-73.4779043329233)
1 (45.5858765436453,-73.333989062838)
1 (45.36168697143471,-73.34814375660733)
1 (45.503463549195935,-73.30284659260515)
1 (45.57710235022196,-73.44824749159703)
1 (45.48167823752164,-73.66175455444912)
1 (45.334238263625714,-73.29859668446475)
1 (45.57491047429501,-73.35543546913108)
1 (45.7176380270587,-73.74519910547649)
1 (45.36594284909552,-73.72158952053992)
1 (45.27160234061153,-73.64333837181218)
1 (45.634351794915766,-73.3581143719121)
1 (45.45287907704793,-73.59555554080609)
1 (45.7294456493609,-73.3994471782204)
1 (45.27324914904861,-73.61650618403645)
1 (45.319751954386064,-73.28917130656349)
1 (45.396061856201925,-73.52252948537333)
1 (45.28530461024691,-73.49101159365293)
1 (45.42782382268678,-73.50343338539703)
1 (45.50384476717862,-73.41969674146263)
1 (45.26362137428219,-73.72804320592422)
1 (45.657537622224716,-73.69689830883082)
1 (45.60345710982895,-73.46347887769575)
1 (45.452920633311216,-73.64556108151358)
1 (45.65550715483562,-73.55091894937368)
1 (45.303536814785645,-73.7284201632875)
1 (45.58185624787075,-73.67777756708433)
1 (45.57207012564287,-73.41335552386)
1 (45.422443753895074,-73.71776349887118)
1 (45.40678835453037,-73.70946516673148)
1 (45.55375449062517,-73.47620830580837)
1 (45.53571193458186,-73.363343683327)
1 (45.70021381988027,-73.4783436927539)
1 (45.60116565043699,-73.43503332889375)
1 (45.618297458746774,-73.47287614520836)
1 (45.72723337265088,-73.68747033042831)
1 (45.31604218259469,-73.59224970510607)
1 (45.51312419576167,-73.42197929140681)
1 (45.55394431406947,-73.61440596971141)
1 (45.53657165066773,-73.57547459619147)
1 (45.39715873837061,-73.50864317535353)
1 (45.73312615122823,-73.56250759722168)
1 (45.25346197660121,-73.42034425185908)
1 (45.68956374428217,-73.49715415427575)
1 (45.63661849632305,-73.45588681797406)
1 (45.45262280582809,-73.56596761747055)
1 (45.34059050047374,-73.56996577831299)
1 (45.40789345378268,-73.44382747013978)
1 (45.29645681726064,-73.53285253642281)
1 (45.62792295655709,-73.74949481854458)
1 (45.61095771955719,-73.36478235883015)
1 (45.32346325612154,-73.6270408847785)
1 (45.65325796061964,-73.26870489214522)
1 (45.657275518499134,-73.61304542282221)
1 (45.56482124551006,-73.47105029736869)
1 (45.696019511094086,-73.50756749240155)
1 (45.716215116255306,-73.49295681494115)
1 (45.6824942091428,-73.50937115699313)
1 (45.424215999755,-73.72157345477677)
1 (45.60785888511577,-73.40274460564946)
1 (45.672759965676626,-73.73259428261814)
1 (45.25145277852855,-73.59448116749057)
1 (45.65208544038185,-73.63109896162261)
1 (45.43444420063058,-73.29519671184055)
1 (45.64184005014113,-73.72806715049519)
1 (45.702778558331886,-73.61913778580103)
1 (45.61597447547875,-73.65460219827625)
1 (45.51475786889239,-73.34099085168059)
1 (45.439921837459124,-73.53494266870543)
1 (45.25907273815024,-73.49693314493301)
1 (45.6638623095743,-73.59275814177946)
1 (45.57022096886621,-73.45027118609241)
1 (45.68979784315506,-73.55301878217723)
1 (45.43998531718776,-73.45949351235318)
1 (45.50471333762617,-73.42389588660429)
1 (45.54600612626594,-73.6884197161252)
1 (45.72727578351705,-73.69969403808962)
1 (45.53147294216518,-73.48435809107701)
1 (45.411324113447186,-73.71673305513167)
1 (45.67357233370645,-73.62079001473269)
1 (45.38582795599481,-73.31939093863629)
1 (45.472567717484694,-73.55607935166275)
1 (45.38804461503746,-73.6531873333589)
1 (45.6782498101074,-73.59906080499513)
1 (45.36427893996099,-73.29582957507027)
1 (45.64598515749896,-73.69609161326811)
1 (45.570951964098874,-73.56556156082011)
1 (45.680702999348334,-73.3622562845523)
1 (45.50760974996624,-73.70894862300707)
1 (45.68389932593592,-73.57189483593575)
1 (45.25305455770502,-73.26739962885515)
1 (45.466099966499925,-73.70048010160274)
1 (45.45595657548129,-73.25327027791359)
1 (45.52521335840549,-73.37110048755316)
1 (45.552104877436,-73.33230984345332)
1 (45.419816079289504,-73.30440980400583)
1 (45.74188222808027,-73.50950625918925)
1 (45.58565350617213,-73.50088630981743)
1 (45.36359915374355,-73.35005271250996)
1 (45.55350034860955,-73.29859867801747)
1 (45.540998411432355,-73.53620160705299)
1 (45.52701474438254,-73.54840690998034)
1 (45.36654177460157,-73.5641899888106)
1 (45.67033243121143,-73.33163181682237)
1 (45.406016923879946,-73.62321321065289)
1 (45.736886131361125,-73.31270705113303)
1 (45.474552828548994,-73.67059190250362)
1 (45.34329833684214,-73.47118330931684)
1 (45.43930802445444,-73.4238199294475)
1 (45.2551840180418,-73.59368449702524)
1 (45.74989675686172,-73.43109938829939)
1 (45.50531318941843,-73.52702148988801)
1 (45.4840438821182,-73.55726119039662)
1 (45.508821297874306,-73.29864928045293)
1 (45.42301020321212,-73.63163824488191)
1 (45.57501896156132,-73.30000894220267)
1 (45.539005462018075,-73.64850086713113)
1 (45.340840665888216,-73.30202627728663)
1 (45.28510741180719,-73.28908204294687)
1 (45.66708536444748,-73.63014438029104)
1 (45.727130794616336,-73.64701349127766)
1 (45.44534023744032,-73.36874802595442)
1 (45.34644098296691,-73.38616075287966)
1 (45.560842114048974,-73.49169305151024)
1 (45.27288287345083,-73.64138944937072)
1 (45.444519409646986,-73.32688450681408)
1 (45.27779634830998,-73.28871177810223)
1 (45.7260705433762,-73.25845269899037)
1 (45.568515242874334,-73.26155618945118)
1 (45.46917331230185,-73.55005692926188)
1 (45.277798024102765,-73.37457053274026)
1 (45.329782822773836,-73.63720186598424)
1 (45.534313391139605,-73.63541228077355)
1 (45.72896380951148,-73.68518232669373)
1 (45.63360571809133,-73.27839722356275)
1 (45.27281679886268,-73.6423774642397)
1 (45.60289011821364,-73.7416711383792)
1 (45.683795223760775,-73.43609582462742)
1 (45.36757847130703,-73.53173676995414)
1 (45.430074680649774,-73.3600284595957)
1 (45.28261298996233,-73.37571144594801)
1 (45.552622978334064,-73.5885974081785)
1 (45.487484966044796,-73.25260881616929)
1 (45.393233631828274,-73.62409254849263)
1 (45.38024202201194,-73.32023088379451)
1 (45.52102317706664,-73.33747025163899)
1 (45.48283805111948,-73.41392459454275)
1 (45.6397563823056,-73.60304272702675)
1 (45.58785561924699,-73.68750036305899)
1 (45.63385135088044,-73.3510172761638)
1 (45.334931701281086,-73.59502757527613)
1 (45.67703010797105,-73.66995057781043)
1 (45.264143022284316,-73.27501537668506)
1 (45.48431835655095,-73.38366288283022)
1 (45.43315846561947,-73.49565481421199)
1 (45.335461442146965,-73.3040132395979)
1 (45.3651413576635,-73.65134148569494)
1 (45.43581172048894,-73.62216677666993)
1 (45.41518561066355,-73.36661576657976)
1 (45.509356094977456,-73.64659076945435)
1 (45.60449530840002,-73.56395071899183)
1 (45.737790401808304,-73.32599672835565)
1 (45.573567942225054,-73.38648555635355)
1 (45.26941089576982,-73.70980100026394)
1 (45.548317721433584,-73.635845894025)
1 (45.5220812339359,-73.69740714071354)
1 (45.59637561227468,-73.38860949528423)
1 (45.39564659670707,-73.61071853257356)
1 (45.47472909038686,-73.69276959556854)
1 (45.29090505256238,-73.29177028536965)
1 (45.53441486882364,-73.71771574066273)
1 (45.50460935352941,-73.57922496729377)
1 (45.453154129584064,-73.43779476407019)
1 (45.632960683508244,-73.65370712513045)
1 (45.512620021570925,-73.37043307586676)
1 (45.569669270031994,-73.36255702942933)
1 (45.72345360498759,-73.56509374630537)
1 (45.528894936139686,-73.73956455387798)
1 (45.328194592465124,-73.44901043825243)
1 (45.258243925702054,-73.52459962603065)
1 (45.57996944056164,-73.27968267411055)
1 (45.732486742381006,-73.56178595840392)
1 (45.70307993511683,-73.33253538333393)
1 (45.63477502374811,-73.51297060402308)
1 (45.59056127689683,-73.56493814686638)
1 (45.33887344167182,-73.36572192278719)
1 (45.58332932573837,-73.34494810608719)
1 (45.403286462549566,-73.74194423992907)
1 (45.6057126607923,-73.41468284881101)
1 (45.276147504652684,-73.52442810267394)
1 (45.50296569406266,-73.57414802578167)
1 (45.488351725635226,-73.31426005950199)
1 (45.63778490479359,-73.62163726684385)