1400 1400
101 (45.5,-73.5)
1 (45.581651729454975,-73.71199689262424)
1 (45.65490116455607,-73.37148976006732)
1 (45.378298859691625,-73.37986417947461)
1 (45.315496746954004,-73.5890342032303)
1 (45.44930100593834,-73.29097001446702)
1 (45.43649644599202,-73.43596539413767)
1 (45.27948112569948,-73.50462981041883)
1 (45.74370806960971,-73.50719299927312)
1 (45.65925890154364,-73.72437874295993)
1 (45.36233827322758,-73.26236989677332)
1 (45.25544143996211,-73.29710393038042)
1 (45.72358555039158,-73.61185035435084)
1 (45.62629696666425,-73.69795869180471)
1 (45.36181292062357,-73.60774657046038)
1 (45.64979876835543,-73.41632693592364)
1 (45.413228649550085,-73.6160446228612)
1 (45.428165218094684,-73.51308603650232)
1 (45.604054121335544,-73.50540938366271)
1 (45.71668452723331,-73.45877213496303)
1 (45.63383386269559,-73.28235042504127)
1 (45.3003015606237,-73.68598208592215)
1 (45.61784322192622,-73.73083915067366)
1 (45.50755716549382,-73.59745207800724)
1 (45.651475415787885,-73.47726051753226)
1 (45.70820855690199,-73.56373298593776)
1 (45.599039962406245,-73.49875023948816)
1 (45.688223096724094,-73.72123840220192)
1 (45.38958062577502,-73.42451173358347)
1 (45.733825465839054,-73.64267147817925)
1 (45.423121826637804,-73.54562493330823)
1 (45.58489198829134,-73.69744225557768)
1 (45.65217783176914,-73.74915186798312)
1 (45.63722387397792,-73.6496677021454)
1 (45.50541027497681,-73.6270121596505)
1 (45.38309461727593,-73.2557020541208)
1 (45.56299525799518,-73.27914443209424)
1 (45.579954843827345,-73.32187561727389)
1 (45.27656168860432,-73.33388745562368)
1 (45.52829144540032,-73.36622550123698)
1 (45.55048884378525,-73.44630813545702)
1 (45.62137587007258,-73.69548234986259)
1 (45.6659014976102,-73.5073711180378)
1 (45.50199992540942,-73.36043271535843)
1 (45.33387704050135,-73.50338791875309)
1 (45.724285616073324,-73.58900683654885)
1 (45.61017940796156,-73.40610141063861)
1 (45.27226878418848,-73.41704739153877)
1 (45.49026096456193,-73.64905449517569)
1 (45.631194747646724,-73.34169514747114)
1 (45.73032378591168,-73.65555963929327)
1 (45.34232730624984,-73.41168280180831)
1 (45.307907738816795,-73.52762919892449)
1 (45.59756075086247,-73.74255896140293)
1 (45.44377363279718,-73.38364400094801)
1 (45.446237859149406,-73.50296951915573)
1 (45.25577537791831,-73.4453310866929)
1 (45.593315106727275,-73.46060425933311)
1 (45.40496589958032,-73.32178911031643)
1 (45.56537963603546,-73.70327185244793)
1 (45.52435724737371,-73.51984308714145)
1 (45.70901072811209,-73.66179714464207)
1 (45.29155651075397,-73.52592805423967)
1 (45.56459190531937,-73.5570397020657)
1 (45.71792417252976,-73.354994170302)
1 (45.6279179684695,-73.37331350989572)
1 (45.578953230671274,-73.74659384414957)
1 (45.37180472404436,-73.42484278258848)
1 (45.40324243951619,-73.70735429837902)
1 (45.65039714867288,-73.53061957389066)
1 (45.57073826880548,-73.35245712775188)
1 (45.74998539376608,-73.74613419425218)
1 (45.34484571597017,-73.48653914106822)
1 (45.38187591524992,-73.5179300723023)
1 (45.577559028948286,-73.58659709369036)
1 (45.33522868630166,-73.52878995796253)
1 (45.38193907023849,-73.30602138763956)
1 (45.320759380067535,-73.38759101753618)
1 (45.26206494728096,-73.30980239678176)
1 (45.73981898777572,-73.68847171537996)
1 (45.52701318020962,-73.67624544891494)
1 (45.70760132866361,-73.31893391916762)
1 (45.29246860453425,-73.26019892954857)
1 (45.6440925187053,-73.735859175331)
1 (45.49124686949408,-73.30684260863039)
1 (45.62186443610679,-73.25214827998687)
1 (45.5723092397109,-73.7335014799811)
1 (45.425927685419914,-73.68479936277575)
1 (45.46677613288577,-73.35974331673026)
1 (45.43759783345918,-73.50771927766161)
1 (45.438996764904815,-73.46318595597009)
1 (45.50169178388853,-73.42941951608205)
1 (45.62090771059172,-73.36998361330257)
1 (45.37435990784363,-73.57697753271546)
1 (45.3487144571196,-73.35487915301061)
1 (45.677472055370465,-73.71325039453806)
1 (45.38235534708583,-73.42600246883548)
1 (45.50471474252062,-73.6443077946034)
1 (45.690258355839994,-73.60426295050996)
1 (45.43441938574232,-73.68840708399765)
1 (45.72457693190961,-73.57622703322912)
1 (45.70463004644862,-73.27656346520918)
1 (45.49539164284176,-73.60278980526681)
1 (45.6970325696871,-73.43787390240277)
1 (45.27629058749533,-73.3037425755176)
1 (45.658104812095004,-73.59023375056724)
1 (45.438291917509524,-73.4105063343219)
1 (45.25821147257563,-73.70894059366024)
1 (45.71424777839977,-73.28584396144909)
1 (45.652354957027995,-73.58191041601384)
1 (45.64166976708268,-73.45028197868238)
1 (45.65990708945756,-73.48083634083653)
1 (45.51834171191495,-73.53026570047314)
1 (45.524884863956466,-73.68260099889982)
1 (45.43213645196674,-73.45273955874625)
1 (45.45319656949657,-73.36460883557655)
1 (45.294128966608355,-73.35488724909577)
1 (45.748772974165185,-73.47143526407962)
1 (45.3123990869036,-73.55618458999453)
1 (45.38661152191652,-73.70829493843551)
1 (45.4928427044407,-73.55271056117338)
1 (45.267499777420795,-73.35931191649672)
1 (45.54286132067745,-73.34083031506404)
1 (45.696547623364665,-73.65543005899664)
1 (45.48397535458502,-73.4589067471943)
1 (45.31564603664644,-73.42803230020083)
1 (45.35020761575299,-73.45161516058094)
1 (45.29858351865815,-73.27994300280483)
1 (45.56050902401216,-73.51172865803076)
1 (45.58678950475852,-73.48546810184193)
1 (45.40554933541366,-73.3389096978022)
1 (45.30353742597558,-73.29548316439501)
1 (45.581871772561044,-73.27408637814456)
1 (45.734928340767404,-73.27230985130684)
1 (45.339710713719505,-73.52140983407187)
1 (45.40708932297578,-73.71222704068794)
1 (45.58469786227236,-73.25758232824518)
1 (45.32075915843524,-73.63094304010285)
1 (45.68823284507184,-73.65051316140256)
1 (45.32679695726753,-73.68921081364685)
1 (45.316469980868376,-73.26580308531817)
1 (45.439138000274355,-73.32199891464944)
1 (45.28367380223201,-73.53047533447477)
1 (45.58533379985624,-73.70523588333566)
1 (45.27212176894971,-73.3486646013962)
1 (45.38905230056453,-73.54912658999451)
1 (45.73778305310896,-73.62364337828808)
1 (45.56377697264971,-73.54639440947099)
1 (45.43867866196741,-73.33460772409957)
1 (45.37243190293004,-73.62753357464345)
1 (45.281128221833065,-73.4450627418771)
1 (45.373773480990785,-73.48326149301455)
1 (45.57801516419987,-73.28244102441886)
1 (45.33312736379269,-73.60684138554494)
1 (45.35275242776066,-73.62575502440322)
1 (45.7224126295617,-73.38580097021628)
1 (45.502806703628565,-73.56962767457902)
1 (45.67238362586825,-73.53380331784514)
1 (45.457440192047706,-73.29896321611244)
1 (45.568632889298364,-73.39903180455728)
1 (45.42575419611798,-73.70881326597349)
1 (45.702137132835,-73.41543108198151)
1 (45.43317020876666,-73.3386613469422)
1 (45.494991350704275,-73.67750178450765)
1 (45.58715944916735,-73.35939152234945)
1 (45.32246456992467,-73.31807724979338)
1 (45.39633290687514,-73.3546254709496)
1 (45.34362381141014,-73.55161542686629)
1 (45.490929515013036,-73.37590466784737)
1 (45.53451139469674,-73.41302046436452)
1 (45.257291096285286,-73.72336268935385)
1 (45.290223689248336,-73.37386310279682)
1 (45.70408814942626,-73.61007545350475)
1 (45.52522811550362,-73.65410012058135)
1 (45.323861754727396,-73.30919530055301)
1 (45.65486784221579,-73.66799810378792)
1 (45.29987236305042,-73.55826760555276)
1 (45.685242701699835,-73.64794752700149)
1 (45.63529702141415,-73.40479682833654)
1 (45.37351743071524,-73.57920854916773)
1 (45.64949252337119,-73.32117162088429)
1 (45.546196967618755,-73.65236033424749)
1 (45.29434267399099,-73.29547680431212)
1 (45.67902195932754,-73.49833115414927)
1 (45.392633632810536,-73.71751280340743)
1 (45.748875303194176,-73.51336724424543)
1 (45.6899520392952,-73.72651125320867)
1 (45.66545468193406,-73.60815348063991)
1 (45.54177646828055,-73.26857835117883)
1 (45.278453634228306,-73.72652969239127)
1 (45.62823361068374,-73.42781561923857)
1 (45.53460728764945,-73.47485179782521)
1 (45.30041615925931,-73.64536045881147)
1 (45.328197078315895,-73.68302745363472)
1 (45.51421037833182,-73.72525722746684)
1 (45.44847227117607,-73.68261124554047)
1 (45.30025684129614,-73.54511221152387)
1 (45.27793396708447,-73.53607515886102)
1 (45.35196910428405,-73.64290391778768)
1 (45.53654093111743,-73.38447528215424)
1 (45.5874600774923,-73.33911326140193)
1 (45.39863477154085,-73.49821637081246)
1 (45.45577757473732,-73.27550585977473)
1 (45.73174511301442,-73.51747123291166)
1 (45.313025442720686,-73.70844199891081)
1 (45.519423865679656,-73.2550423735677)
1 (45.38974803525997,-73.58550741324763)
1 (45.73387097964332,-73.30505890928579)
1 (45.70738132448366,-73.3595513033602)
1 (45.518352199482564,-73.55588218698509)
1 (45.27862481534956,-73.65388588263407)
1 (45.524272742799965,-73.54494891784482)
1 (45.54426402597361,-73.2864445518327)
1 (45.62325915546553,-73.41701113521677)
1 (45.25727444861661,-73.28911407094823)
1 (45.48071461303205,-73.55533797563488)
1 (45.42396328111461,-73.42124885479487)
1 (45.63405164127624,-73.74792438756734)
1 (45.451456246567744,-73.27354344793675)
1 (45.26616903937978,-73.52760763079455)
1 (45.331012501843034,-73.38998245494535)
1 (45.302728495058574,-73.58622271512235)
1 (45.50745152424233,-73.4015048791917)
1 (45.29039933539933,-73.40853357501545)
1 (45.5464015060526,-73.46531299302441)
1 (45.73247840137284,-73.50165705650899)
1 (45.31312960331397,-73.33842373450705)
1 (45.66815496842017,-73.31005234517106)
1 (45.61939028115457,-73.68310366282071)
1 (45.2821794577183,-73.60487902073015)
1 (45.67802868287772,-73.70524632600282)
1 (45.72280734381532,-73.31963221702347)
1 (45.72900160245948,-73.46454411928715)
1 (45.58762840690762,-73.4714439614126)
1 (45.36502979666637,-73.66747442351361)
1 (45.70925455122523,-73.45929524851734)
1 (45.390270707428314,-73.46066291240739)
1 (45.43582777592256,-73.66661369453092)
1 (45.49120180163058,-73.68310487599643)
1 (45.55492297529487,-73.41633736870334)
1 (45.58533025850676,-73.71101841130734)
1 (45.353658984929375,-73.43150560198137)
1 (45.4403957395607,-73.43877109017966)
1 (45.54269389886346,-73.54379322765638)
1 (45.52440857579851,-73.58336508438583)
1 (45.39726960375328,-73.4661350552319)
1 (45.55516653531143,-73.37838326482323)
1 (45.48458338487115,-73.50369292322286)
1 (45.36681932386219,-73.33609201427694)
1 (45.253502778512186,-73.61989806906006)
1 (45.500600235471595,-73.6035644112086)
1 (45.56000336003119,-73.30115722683028)
1 (45.35702085368016,-73.52023042028586)
1 (45.38969704668735,-73.67504092216491)
1 (45.31762485162291,-73.30017867452342)
1 (45.617432212608946,-73.332378420468)
1 (45.45582311213763,-73.31282726455117)
1 (45.61318471606803,-73.28366381485222)
1 (45.30838301575527,-73.72024930340935)
1 (45.36332284598274,-73.44453343785294)
1 (45.67182051750062,-73.74848158419061)
1 (45.52681669429688,-73.49380526705127)
1 (45.521244523158344,-73.62356274881043)
1 (45.48707648915195,-73.3806762617016)
1 (45.423128716956505,-73.69084064430902)
1 (45.491842208948896,-73.6751542560822)
1 (45.72803687722486,-73.45825593764162)
1 (45.395910254296254,-73.35765646011211)
1 (45.384503442166505,-73.26085262490652)
1 (45.33447130114526,-73.52993685331134)
1 (45.41107195246339,-73.4346836084719)
1 (45.35844661961667,-73.40011071339465)
1 (45.3999195763342,-73.31357274657582)
1 (45.657448364996846,-73.74952434048734)
1 (45.4025469981895,-73.52186254985033)
1 (45.480852995200514,-73.42857421807935)
1 (45.66568850345316,-73.43031983487369)
1 (45.74296469410999,-73.25230962077464)
1 (45.44389794645622,-73.2707895651396)
1 (45.564359442107516,-73.4747588306158)
1 (45.514192035776915,-73.26797999356265)
1 (45.65823841548239,-73.31339885684824)
1 (45.55768332492371,-73.74393020937651)
1 (45.51798269124314,-73.27204484121876)
1 (45.253310748030565,-73.48225443503635)
1 (45.30008964908745,-73.27166505048393)
1 (45.74957671960274,-73.70517487242947)
1 (45.625284558293636,-73.34423325154985)
1 (45.64162516714408,-73.31664829086183)
1 (45.73983923249662,-73.37471073070071)
1 (45.68304609934762,-73.59955945886313)
1 (45.588992957168045,-73.59060539826109)
1 (45.70446770190605,-73.3239971862563)
1 (45.35485901647612,-73.69728629725171)
1 (45.59429797311021,-73.72704720525306)
1 (45.402313574694176,-73.74033685942022)
1 (45.72090358622918,-73.56232860632278)
1 (45.358101933071836,-73.44371115299286)
1 (45.3400645465445,-73.38966876987631)
1 (45.72076031588145,-73.4243124672168)
1 (45.33671882845978,-73.4818548117851)
1 (45.46193989799815,-73.31984433211288)
1 (45.595812113468845,-73.66631718394959)
1 (45.53333270543222,-73.48738931554064)
1 (45.38349348140069,-73.59489427616742)
1 (45.537637692965184,-73.53515159756644)
1 (45.34694861408209,-73.34449492227554)
1 (45.55686828403405,-73.53915463426023)
1 (45.608838080193614,-73.3955183760815)
1 (45.25679099034299,-73.37041583762873)
1 (45.44060862896827,-73.41330956698472)
1 (45.40239827824662,-73.61622545977069)
1 (45.6478717229178,-73.37072036244615)
1 (45.32605660991784,-73.62163767158317)
1 (45.590593908424225,-73.39701524400286)
1 (45.68733448193307,-73.7041368507046)
1 (45.69101957772096,-73.31990342998435)
1 (45.551503069556304,-73.60567305348248)
1 (45.353047508704464,-73.68339652572294)
1 (45.39231556471951,-73.74186564915573)
1 (45.428208153503874,-73.57448473028262)
1 (45.59390972442324,-73.28815490692936)
1 (45.71543971294856,-73.37629175226917)
1 (45.386540995026806,-73.6070366219905)
1 (45.474536442074616,-73.58441219418704)
1 (45.4013424708877,-73.46924544943182)
1 (45.56644386426492,-73.57655265482185)
1 (45.67042056591586,-73.45485784476159)
1 (45.6075009223419,-73.71339113920604)
1 (45.43033417192717,-73.33776635476336)
1 (45.43928016580159,-73.37073709555493)
1 (45.509367774620266,-73.6588321516227)
1 (45.27085272445337,-73.45961742711096)
1 (45.391997925450426,-73.57925330384971)
1 (45.54610566095959,-73.6818318784355)
1 (45.25756504773293,-73.47629170374867)
1 (45.42516497797585,-73.69381407662438)
1 (45.38440142548167,-73.59848213594233)
1 (45.74602850445876,-73.51130243426095)
1 (45.29552914860226,-73.43680229476882)
1 (45.4501884669348,-73.38136829382758)
1 (45.39753028058127,-73.29201315432546)
1 (45.71432454742191,-73.47676630810653)
1 (45.63030460616748,-73.3264844941467)
1 (45.42907376109624,-73.63036557558242)
1 (45.30216872198493,-73.68130078714124)
1 (45.70543452227584,-73.42458724883329)
1 (45.332113557668094,-73.51629839230038)
1 (45.2695378978797,-73.2823180907431)
1 (45.559025532308965,-73.59191511660133)
1 (45.42731982455794,-73.27168689215928)
1 (45.60628995249058,-73.25733885095612)
1 (45.74205386251653,-73.63738383426558)
1 (45.50943355652318,-73.43942253304905)
1 (45.66975506194307,-73.60587083321862)
1 (45.42432631214674,-73.4411880560569)
1 (45.64014074340163,-73.2808738074188)
1 (45.7339508309297,-73.55747206066816)
1 (45.45413552776673,-73.44896595717685)
1 (45.262861220889654,-73.69837245180769)
1 (45.392832992792385,-73.35284376763438)
1 (45.59019132304574,-73.37863442876272)
1 (45.597377676227154,-73.46206590205817)
1 (45.624435514718954,-73.58297068554067)
1 (45.58440665862682,-73.47756762611023)
1 (45.66621373908647,-73.65354069990003)
1 (45.70749069321228,-73.74718165273808)
1 (45.63884550346868,-73.46641957120164)
1 (45.461440894680116,-73.44468935335422)
1 (45.51079609019724,-73.26886732395032)
1 (45.25339742992405,-73.27459389066276)
1 (45.66892113785037,-73.63856500288972)
1 (45.63229278246986,-73.60885016903536)
1 (45.62692454491203,-73.59971452244685)
1 (45.47658264795974,-73.34020426588663)
1 (45.46955743751789,-73.48900447979912)
1 (45.28906355233674,-73.34958797691095)
1 (45.33982447132892,-73.70692480897075)
1 (45.537146809495034,-73.3321822122642)
1 (45.573827155356796,-73.5167684012381)
1 (45.40713447180443,-73.30830582492257)
1 (45.27586174571922,-73.56488862821517)
1 (45.41184351396561,-73.4612043792553)
1 (45.705002923284134,-73.2913867371945)
1 (45.50235037316154,-73.49410650396652)
1 (45.31364268182124,-73.38038391570738)
1 (45.68667871430893,-73.48358337941106)
1 (45.63831688083854,-73.36338814744128)
1 (45.650929054841534,-73.7252897487816)
1 (45.4936405346008,-73.43799641555783)
1 (45.51164978063558,-73.32158292127426)
1 (45.56128602812121,-73.49727832973993)
1 (45.602174606774696,-73.74830936680164)
1 (45.497676653332604,-73.28266777800634)
1 (45.6102026524251,-73.36021600068453)
1 (45.606431352796385,-73.47504448759607)
1 (45.439072823507544,-73.25098684409699)
1 (45.43458462148953,-73.42491812884818)
1 (45.3609850539835,-73.57482314199085)
1 (45.35521892428324,-73.59323275400472)
1 (45.36684682604427,-73.36177843015254)
1 (45.29338529065591,-73.62929012133468)
1 (45.59447401798264,-73.51872761920686)
1 (45.737050926616575,-73.35164561437607)
1 (45.334551037579146,-73.60189260450892)
1 (45.55030098262187,-73.72156132281825)
1 (45.3720558594568,-73.57526433941234)
1 (45.372135027999256,-73.70670590803421)
1 (45.319781570744524,-73.63205474447491)
1 (45.54093688235882,-73.72527168224096)
1 (45.64013650607511,-73.25347948607453)
1 (45.532059898336314,-73.63753456696405)
1 (45.73158118271925,-73.51071583360837)
1 (45.333957847604424,-73.51311319523225)
1 (45.276860666066575,-73.68179760086717)
1 (45.51690523179543,-73.64778885373765)
1 (45.511617060713164,-73.55550223506407)
1 (45.467588624229464,-73.533728412332)
1 (45.67401759433026,-73.32895315323226)
1 (45.372714327827644,-73.70130789594239)
1 (45.6387092328192,-73.27470320931867)
1 (45.53526577134613,-73.54946476926878)
1 (45.621711912030015,-73.35648333214196)
1 (45.49815726359267,-73.46461253608699)
1 (45.36678813124451,-73.7105932115471)
1 (45.731769229450656,-73.69563164185456)
1 (45.38837727373411,-73.38207899382118)
1 (45.314212975718284,-73.60430627568137)
1 (45.65135909918673,-73.41138575619354)
1 (45.5961618318346,-73.54680692933712)
1 (45.51371130387157,-73.30809068242793)
1 (45.29569816885428,-73.26242425423558)
1 (45.344552178377036,-73.62361574617609)
1 (45.312864726085394,-73.25074008739777)
1 (45.45710977165411,-73.74448652706667)
1 (45.28847132797212,-73.70777702324682)
1 (45.36383519579895,-73.67174716975207)
1 (45.55719697238275,-73.66539843326214)
1 (45.369178094684735,-73.43055887625226)
1 (45.66113991205833,-73.53633614160188)
1 (45.66446831151561,-73.36680295444958)
1 (45.49670733384025,-73.30970370744168)
1 (45.3788984794032,-73.4346766929921)
1 (45.46509877891008,-73.66870837854093)
1 (45.47077814669759,-73.66081402637862)
1 (45.68462643991725,-73.31350565124343)
1 (45.414030591149086,-73.28638035181176)
1 (45.40172812357187,-73.26774540532351)
1 (45.346329612805654,-73.63888417433756)
1 (45.70676747598598,-73.42733950633487)
1 (45.69732402101459,-73.57011595402398)
1 (45.52057891679194,-73.57433581762231)
1 (45.30807357219637,-73.31566790486423)
1 (45.56820339008915,-73.52751434823826)
1 (45.686120714213715,-73.3849058509952)
1 (45.697373980750974,-73.53442650762106)
1 (45.31454847718214,-73.57805792862531)
1 (45.43104894506183,-73.42707911161229)
1 (45.3479253328423,-73.44925230171955)
1 (45.56565296038782,-73.4653200602041)
1 (45.583214039582316,-73.49087928920474)
1 (45.43967555862382,-73.6782131782176)
1 (45.28952178108535,-73.5055712934561)
1 (45.700889145035696,-73.38429520339002)
1 (45.31699515602812,-73.55738687526772)
1 (45.49468715158305,-73.42658833699498)
1 (45.382214018482976,-73.55345308293522)
1 (45.48090632046241,-73.49759711778185)
1 (45.54511412243163,-73.40136342774397)
1 (45.461985114394295,-73.2532491622414)
1 (45.650769266377075,-73.31604666942941)
1 (45.671423892875495,-73.72284446009766)
1 (45.408289351705655,-73.71261457066495)
1 (45.42825049672968,-73.31455851127957)
1 (45.31864171452329,-73.71886480562314)
1 (45.41055822284189,-73.49290010299451)
1 (45.34337860951824,-73.67265808533237)
1 (45.73917159363517,-73.4657550274184)
1 (45.52705485161697,-73.53530662719164)
1 (45.391108392056545,-73.46425222645735)
1 (45.74754500079517,-73.45240407193674)
1 (45.68174493234677,-73.42866974820616)
1 (45.37052063475119,-73.72819467466172)
1 (45.664454560701785,-73.62795296785676)
1 (45.3270237776335,-73.74862303576383)
1 (45.29697799352807,-73.43914834342074)
1 (45.516373461367905,-73.39162310161667)
1 (45.614896985594974,-73.69616112066095)
1 (45.460568093306115,-73.70099852348156)
1 (45.43432155551886,-73.68472612377688)
1 (45.30089722950088,-73.57241416691905)
1 (45.27826379353624,-73.51233611498296)
1 (45.5326518661526,-73.40656160369006)
1 (45.28415998418058,-73.71810263909252)
1 (45.31962351320144,-73.62547966717736)
1 (45.303615747691865,-73.60812993013568)
1 (45.31650776255231,-73.62330353038028)
1 (45.74968742770881,-73.40696263064021)
1 (45.65437897875812,-73.63238432889946)
1 (45.481875993391874,-73.40502385572617)
1 (45.61207862296265,-73.62976397661575)
1 (45.644498220372164,-73.35569034641526)
1 (45.50466025114052,-73.28740791714159)
1 (45.39021304725423,-73.43375706811179)
1 (45.468960299239974,-73.58239138942488)
1 (45.32721941356968,-73.60952406227767)
1 (45.6159142631463,-73.53040306891971)
1 (45.32600501228898,-73.31959377111104)
1 (45.449414007434136,-73.58747240990873)
1 (45.509513794045205,-73.326697590457)
1 (45.52230223335147,-73.58074558956599)
1 (45.32921330152128,-73.65647584916555)
1 (45.511526503275626,-73.57942731560786)
1 (45.59878124432104,-73.47911580091613)
1 (45.74652545062932,-73.4016742314728)
1 (45.71699381180829,-73.26810792713235)
1 (45.71759597965508,-73.47226828384753)
1 (45.56188683871714,-73.51711091098645)
1 (45.7242908958543,-73.49931664497812)
1 (45.67937384901545,-73.72902162471533)
1 (45.59782201194078,-73.4260173921262)
1 (45.42124360824891,-73.3088264458355)
1 (45.3459949865894,-73.33569861396734)
1 (45.60982283935935,-73.39366598539688)
1 (45.6243774765109,-73.44488112818976)
1 (45.61957820013198,-73.53977580771893)
1 (45.633203292834146,-73.51003319516452)
1 (45.46954490829056,-73.55657087160344)
1 (45.37594079442311,-73.3989785083956)
1 (45.614707480671136,-73.63312227089624)
1 (45.69250472942401,-73.7375868401606)
1 (45.60932160386744,-73.74163019048262)
1 (45.59776641442243,-73.43641939446965)
1 (45.69065428863509,-73.62622722467802)
1 (45.71431793532256,-73.53041927933921)
1 (45.59773269325762,-73.49355203632304)
1 (45.48737180152834,-73.62753012588728)
1 (45.59643043632314,-73.31401367892455)
1 (45.40922834912237,-73.35929406420813)
1 (45.72958335774664,-73.41952220048738)
1 (45.66091895343536,-73.55802318836587)
1 (45.74881502758977,-73.34469180603489)
1 (45.399433784128306,-73.45105658827546)
1 (45.513365681363034,-73.60412839938587)
1 (45.38036870724286,-73.46290790531516)
1 (45.36045626826419,-73.32839341081143)
1 (45.70787685215177,-73.25077661336353)
1 (45.561582866532746,-73.39559179429455)
1 (45.74648575816552,-73.36793887645834)
1 (45.47962493136311,-73.3942621655692)
1 (45.61264227408281,-73.4529519762134)
1 (45.43276393403629,-73.43635269533533)
1 (45.68777276822409,-73.58039926595389)
1 (45.552947507247644,-73.50654666951306)
1 (45.25919720657645,-73.38107050599828)
1 (45.59899735185762,-73.68605751888586)
1 (45.70041144558981,-73.74601552639562)
1 (45.74744729425464,-73.72524290525594)
1 (45.548052641546676,-73.36982693563205)
1 (45.33781156999003,-73.5599936336908)
1 (45.41928886454857,-73.56380075415301)
1 (45.39322131466707,-73.47183318502964)
1 (45.440424197794286,-73.67929175926015)
1 (45.47223054443509,-73.68101914631622)
1 (45.72518714890223,-73.62562322890166)
1 (45.53308155369783,-73.73566853571502)
1 (45.44947017892272,-73.34532883744555)
1 (45.50783246215305,-73.61803436925244)
1 (45.718214576431436,-73.72229731417967)
1 (45.69048826106502,-73.53154103037275)
1 (45.70968526529686,-73.74555866145869)
1 (45.340639828431925,-73.35904200368016)
1 (45.512556238413296,-73.33299333514957)
1 (45.59210371970092,-73.29399338420545)
1 (45.64202774027602,-73.53516415641543)
1 (45.33466885648756,-73.64184271687533)
1 (45.43262247200588,-73.38976346511521)
1 (45.70629441861311,-73.26891240831345)
1 (45.357358570047296,-73.48183589369366)
1 (45.69296655545494,-73.64041321704848)
1 (45.315673069107504,-73.28398050891964)
1 (45.58390994875824,-73.33795321821786)
1 (45.56577032297215,-73.60415352904232)
1 (45.67096332619815,-73.38001340501067)
1 (45.25099547577758,-73.4564862832225)
1 (45.61266648071583,-73.58634127852585)
1 (45.38438414718961,-73.39270051190272)
1 (45.3059694946267,-73.62906982094604)
1 (45.710715004453505,-73.2882467239266)
1 (45.42146328085839,-73.29959883425974)
1 (45.56119281846593,-73.26820866256335)
1 (45.461643699979106,-73.39088200666129)
1 (45.65231535873201,-73.38331033507079)
1 (45.29596001677166,-73.44974288845627)
1 (45.257528185067656,-73.3060298079544)
1 (45.6112613405187,-73.49319872219507)
1 (45.297947384915965,-73.7108670759311)
1 (45.59174341665484,-73.60650148144828)
1 (45.65673082420731,-73.63123112113232)
1 (45.40861120644409,-73.64871095380778)
1 (45.4206043687215,-73.44820442358186)
1 (45.256410888168354,-73.58409510733499)
1 (45.29160042682861,-73.26361107586345)
1 (45.720348394425955,-73.73450854420074)
1 (45.592241795071864,-73.74135750276763)
1 (45.69689972478861,-73.50913022794427)
1 (45.60820461724711,-73.56693303761152)
1 (45.41863166709999,-73.41354726650164)
1 (45.47391998250509,-73.47525024758069)
1 (45.35338971747921,-73.37015172351809)
1 (45.40862471323708,-73.33167318254601)
1 (45.35787336310374,-73.5961733479539)
1 (45.35304734248369,-73.52012434895892)
1 (45.46610729682382,-73.48440111749015)
1 (45.440216263465764,-73.39557967274388)
1 (45.58442992785484,-73.61475221641759)
1 (45.25780279061757,-73.29605294132288)
1 (45.646359578498135,-73.69232755242258)
1 (45.5239626406232,-73.58134009585119)
1 (45.45306131594464,-73.3594482856304)
1 (45.60381509361604,-73.3723358605985)
1 (45.48812613547798,-73.46539825388787)
1 (45.73949982889723,-73.6056538030793)
1 (45.448987272014826,-73.4982028913373)
1 (45.453177488990214,-73.69357343066876)
1 (45.58153677672853,-73.48775546308815)
1 (45.30939033768972,-73.48900625438516)
1 (45.63936867021067,-73.27895698934643)
1 (45.59087562581729,-73.39921549501746)
1 (45.414563502223736,-73.64726672773496)
1 (45.45022471177472,-73.37044207549056)
1 (45.30304205691401,-73.28716560468543)
1 (45.748706988499414,-73.57838274374022)
1 (45.274254664446524,-73.74651525258496)
1 (45.583128357452885,-73.50663379030374)
1 (45.412335431563356,-73.40665098936779)
1 (45.431769781048075,-73.67675711601593)
1 (45.38383939818533,-73.61927745619936)
1 (45.42125215862809,-73.60954312338814)
1 (45.26579348104486,-73.60684116129352)
1 (45.427599705772934,-73.64733813077365)
1 (45.637030717581396,-73.71303437944361)
1 (45.57682474019656,-73.55197163860093)
1 (45.69564041049479,-73.55444091217896)
1 (45.70303239411388,-73.31186212308795)
1 (45.415855077746734,-73.57306388740406)
1 (45.45534478189366,-73.34529768677766)
1 (45.39880838110642,-73.42258202037026)
1 (45.518869912319374,-73.2746811161038)
1 (45.603336684423184,-73.53866063433806)
1 (45.32949116175774,-73.6686965515199)
1 (45.56535974621064,-73.64549958134616)
1 (45.717429282249086,-73.6058983768041)
1 (45.52736479231198,-73.33703052099308)
1 (45.610329373334366,-73.6041405014667)
1 (45.60313127876249,-73.74178137430435)
1 (45.263051235112925,-73.38555735934388)
1 (45.69707181733359,-73.63540661763646)
1 (45.45839218577002,-73.60647593240479)
1 (45.38242836916135,-73.70423702489987)
1 (45.74064729116141,-73.57568105073702)
1 (45.31805065618417,-73.48693339761529)
1 (45.50221265191728,-73.61287410270725)
1 (45.54959744241637,-73.32943402781606)
1 (45.64236328255653,-73.56195846359745)
1 (45.69773926569104,-73.48086614675465)
1 (45.556887712997316,-73.57095263427966)
1 (45.58330469651942,-73.73494726630229)
1 (45.39743748321864,-73.58187533169874)
1 (45.27730051162866,-73.28263241949078)
1 (45.360250322402514,-73.53986452464751)
1 (45.392349168893254,-73.68736917058968)
1 (45.725331421900414,-73.63108560776803)
1 (45.65132561889425,-73.62430248527856)
1 (45.46922848992191,-73.39365151826348)
1 (45.378838467470544,-73.73912710389057)
1 (45.517211486403866,-73.31482099436674)
1 (45.561689087418294,-73.6810155132352)
1 (45.58396909074118,-73.53115883226286)
1 (45.5155551024909,-73.54715509926633)
1 (45.57585960008259,-73.486135043944)
1 (45.47688352864357,-73.64390849443875)
1 (45.692304769719314,-73.37180796181117)
1 (45.61134163263693,-73.62146668135559)
1 (45.66909085875303,-73.38777890617833)
1 (45.49316215656278,-73.67509471317358)
1 (45.552141945481345,-73.29152456399738)
1 (45.56333272923453,-73.62667567645548)
1 (45.47675641288225,-73.389505545541)
1 (45.4188174812808,-73.30523862870554)
1 (45.65434809954273,-73.52811822364826)
1 (45.51986237586386,-73.73451195728943)
1 (45.63640971041866,-73.28759930975613)
1 (45.52792389811321,-73.70927410926396)
1 (45.43371647048886,-73.46041102923628)
1 (45.502874027709254,-73.40037882851367)
1 (45.71771417279171,-73.50842764601394)
1 (45.594872701560924,-73.67081281648345)
1 (45.62058623039196,-73.54041172872927)
1 (45.663662346600674,-73.31199911478008)
1 (45.580670400820495,-73.43281204305248)
1 (45.44602731775529,-73.420789685708)
1 (45.25069632681858,-73.53283250903822)
1 (45.47077413863454,-73.63319675053974)
1 (45.69774119539887,-73.43301479107352)
1 (45.38982713942704,-73.41089225198142)
1 (45.47585112348956,-73.59124510558146)
1 (45.253896942688556,-73.54086069871155)
1 (45.644952292256605,-73.58913867113539)
1 (45.51166785012602,-73.45732096456696)
1 (45.44297584785679,-73.57517325209399)
1 (45.65256327297259,-73.42813814268665)
1 (45.592047151543476,-73.42673634852764)
1 (45.444886625470076,-73.56542696787419)
1 (45.63414014629677,-73.38741823307944)
1 (45.643498677082896,-73.52190378996868)
1 (45.74677374251421,-73.3924263694289)
1 (45.35418006462259,-73.62077462202093)
1 (45.685127736558975,-73.48591447825322)
1 (45.445441676031685,-73.53755219094269)
1 (45.333381600730995,-73.65931255397908)
1 (45.492783176447006,-73.50717536384299)
1 (45.3251303277837,-73.59941209175919)
1 (45.72526380359873,-73.36915992224849)
1 (45.31040716139158,-73.72900383035379)
1 (45.31973747842886,-73.58723991708392)
1 (45.70514395046441,-73.55128312512335)
1 (45.65421775559761,-73.68806451962466)
1 (45.657825582869684,-73.6720312172904)
1 (45.28857629812044,-73.3559956425672)
1 (45.50764577353692,-73.47074851280404)
1 (45.48814193718374,-73.69790700597399)
1 (45.68864716465858,-73.72345892887304)
1 (45.54375550283642,-73.45311601100609)
1 (45.35512962920156,-73.54582255008246)
1 (45.470449303312925,-73.66918497029683)
1 (45.46503639126535,-73.32548642450989)
1 (45.38615761697068,-73.59430897807796)
1 (45.660078199726144,-73.3472717688232)
1 (45.48172887360973,-73.2513629650122)
1 (45.5240319111376,-73.58383832203094)
1 (45.49399758619017,-73.35741115128565)
1 (45.68395021722091,-73.62788507967268)
1 (45.48478784283151,-73.43558724064307)
1 (45.74294541138975,-73.47973903036704)
1 (45.51045838256927,-73.63373469587088)
1 (45.69776058220464,-73.3763520921045)
1 (45.438962507999804,-73.41605141774743)
1 (45.29951756702539,-73.55426891915555)
1 (45.734384318765144,-73.43021375381853)
1 (45.261831688623076,-73.28004644735213)
1 (45.482526153177226,-73.4730604391719)
1 (45.306909207962036,-73.65689905682201)
1 (45.27536038823195,-73.58289730458998)
1 (45.2672939617217,-73.62601104211014)
1 (45.3070218931693,-73.3758391007612)
1 (45.32860581922495,-73.72500118174656)
1 (45.659505823674856,-73.31733535710846)
1 (45.506913870356996,-73.54444208607796)
1 (45.27234882947094,-73.67813252967692)
1 (45.60331352879218,-73.43612998649286)
1 (45.49730973998144,-73.46640531595317)
1 (45.667827319565404,-73.373968725941)
1 (45.43642938190133,-73.65464523255928)
1 (45.434924597874634,-73.44987438343372)
1 (45.44983723637072,-73.53112540010878)
1 (45.26375688986508,-73.30302529434698)
1 (45.29828608591691,-73.50136556487018)
1 (45.327630683597285,-73.33107488018022)
1 (45.354633939481396,-73.6450020354585)
1 (45.64929062421857,-73.31661291274739)
1 (45.67835596119014,-73.29782273911458)
1 (45.571261877689594,-73.62120365491697)
1 (45.49765720940262,-73.37745797643288)
1 (45.38380085520881,-73.35274733902348)
1 (45.28487052910224,-73.60432288427708)
1 (45.60692979487644,-73.39970444142406)
1 (45.6425619940942,-73.6868882083871)
1 (45.337581000599016,-73.44789006071296)
1 (45.64012964806732,-73.4422113747538)
1 (45.62805261399476,-73.55208895917488)
1 (45.55366965478229,-73.70889034514131)
1 (45.55777848082749,-73.5256593273167)
1 (45.66549721825928,-73.28020813110616)
1 (45.49684041630784,-73.33658685300362)
1 (45.373947691898316,-73.4402165024762)
1 (45.53670198090605,-73.35811814857823)
1 (45.348947047593484,-73.52486268995867)
1 (45.68131880972406,-73.71614592616069)
1 (45.34432860846531,-73.25399342534787)
1 (45.650080990480795,-73.60393603789731)
1 (45.54398674054451,-73.38817618122651)
1 (45.54296906045741,-73.29757961262347)
1 (45.475696015588156,-73.55675788314211)
1 (45.65785595255723,-73.70272141973699)
1 (45.57378803203746,-73.38043683490629)
1 (45.43006272456191,-73.59465856561248)
1 (45.40986611636906,-73.27285406975412)
1 (45.285077047781,-73.27982159566906)
1 (45.43935144662043,-73.55131594327422)
1 (45.65676903440496,-73.70694314054292)
1 (45.33089261702537,-73.7167399222306)
1 (45.52548967282996,-73.59088702773018)
1 (45.555533537517526,-73.47727134403462)
1 (45.57311313309444,-73.38115383935094)
1 (45.41302333936688,-73.28874929965133)
1 (45.43538488940313,-73.4104970237233)
1 (45.563764820463405,-73.3683049889099)
1 (45.55586323683599,-73.29687631933622)
1 (45.41663649027734,-73.30485684285503)
1 (45.310292891186535,-73.64414348255377)
1 (45.395286474379475,-73.54212172654468)
1 (45.37542483686177,-73.29339814149365)
1 (45.66848481392865,-73.64599234120243)
1 (45.262097523137626,-73.31786968365205)
1 (45.38373397222149,-73.38873609890884)
1 (45.51882021834753,-73.62947387265135)
1 (45.287575742559966,-73.28745160952079)
1 (45.33915019476619,-73.47486104306765)
1 (45.350895777388565,-73.32357391871861)
1 (45.67383116581538,-73.74281560835468)
1 (45.64301567096722,-73.6439505933891)
1 (45.45696106901642,-73.38328456324172)
1 (45.714475220594714,-73.60211569900686)
1 (45.70438327027481,-73.3511056611984)
1 (45.6551464370078,-73.54086976178785)
1 (45.532045864702994,-73.3346739847243)
1 (45.291683599460534,-73.7441286464825)
1 (45.57224968897297,-73.61132835861228)
1 (45.676302189145176,-73.49723544194238)
1 (45.33650624723784,-73.68715745252523)
1 (45.59749285041947,-73.69053415197409)
1 (45.28515271712735,-73.42921782518721)
1 (45.312514697261236,-73.38098519636216)
1 (45.71592195561087,-73.68282464203504)
1 (45.561375593052475,-73.69095766468642)
1 (45.576341056039524,-73.38561855571153)
1 (45.67249532873927,-73.3720639378831)
1 (45.438132942109696,-73.44353003427005)
1 (45.711360974676495,-73.29500785003756)
1 (45.6457212300953,-73.6215557843899)
1 (45.65522174977062,-73.54389777468158)
1 (45.56548939334488,-73.42442949026909)
1 (45.49923429783991,-73.69533181722215)
1 (45.41762087686248,-73.39881236328193)
1 (45.51245743605234,-73.74879238910123)
1 (45.36814796494524,-73.47954675106607)
1 (45.56570850464773,-73.54549334234564)
1 (45.39526240376984,-73.42780915915837)
1 (45.5475322502691,-73.36780286402951)
1 (45.42099228847921,-73.56866692738411)
1 (45.36939577996644,-73.25072106326496)
1 (45.31702484361183,-73.42958579729593)
1 (45.43671207739453,-73.36062179419318)
1 (45.65175584827392,-73.50985366135495)
1 (45.728407284101415,-73.60457322552828)
1 (45.4445723017798,-73.27367854906699)
1 (45.28448568207292,-73.42603265943939)
1 (45.73292537236941,-73.55688707283794)
1 (45.44840922111741,-73.51956629455096)
1 (45.437926868442545,-73.40869244144008)
1 (45.64909699890858,-73.4584751520851)
1 (45.33500288370839,-73.45591910186188)
1 (45.33596327947202,-73.47481387558422)
1 (45.39756428799401,-73.67736415800411)
1 (45.39965082993417,-73.36126952108353)
1 (45.38370448501865,-73.51064336348941)
1 (45.520979729363845,-73.6787230889761)
1 (45.2786104489808,-73.48291299217178)
1 (45.391120208513726,-73.65204668842003)
1 (45.58867411662055,-73.56027622720993)
1 (45.63711100112359,-73.31979518128232)
1 (45.50721683409048,-73.64847631414179)
1 (45.56858345238079,-73.67093105519982)
1 (45.636290237682324,-73.64964604717096)
1 (45.533914308446676,-73.65357726268137)
1 (45.25419305674313,-73.68642677129691)
1 (45.737019146440794,-73.57702287577457)
1 (45.56414368133138,-73.54568746024496)
1 (45.31961095080569,-73.54881203693367)
1 (45.445974560537316,-73.56936788850855)
1 (45.35798704451034,-73.69372709129335)
1 (45.45976481668352,-73.62963754040565)
1 (45.65827086256668,-73.49083240316294)
1 (45.71800373102755,-73.46960503097996)
1 (45.359523082194116,-73.63847543024414)
1 (45.251178063307464,-73.56923078229036)
1 (45.37025021078566,-73.4152477845237)
1 (45.6406023507979,-73.30888857863779)
1 (45.57057671731445,-73.547388671097)
1 (45.4818618949117,-73.55018968379592)
1 (45.509710374515876,-73.61996916361586)
1 (45.67241377024354,-73.33522617412127)
1 (45.51631850324703,-73.58042607950591)
1 (45.58769257521152,-73.72130791921099)
1 (45.718046252888705,-73.37861948972082)
1 (45.42149261699149,-73.31856100141245)
1 (45.435646241962964,-73.26756866558594)
1 (45.31844960257584,-73.38242285410611)
1 (45.27705222362281,-73.25337655320376)
1 (45.41912051695519,-73.33211281187002)
1 (45.507217707812416,-73.63158331470099)
1 (45.57146102072985,-73.3195743897588)
1 (45.41065370294972,-73.48029509273937)
1 (45.73642563132751,-73.46117876274391)
1 (45.39533813611296,-73.39791453786155)
1 (45.52996678445472,-73.5666469293134)
1 (45.509032572731094,-73.67515498111138)
1 (45.39888433722077,-73.65619076630662)
1 (45.352030530907925,-73.4772508988931)
1 (45.623778311483456,-73.74779141992533)
1 (45.57397443693163,-73.48288246758469)
1 (45.678783083500996,-73.32182635879899)
1 (45.73661700458436,-73.28131274153988)
1 (45.45481219719237,-73.52992421466055)
1 (45.3092659769483,-73.66859125181986)
1 (45.47071863404088,-73.60896988045882)
1 (45.439139177638694,-73.30740835934648)
1 (45.45507639837608,-73.58959980153232)
1 (45.40497055794971,-73.52329032635049)
1 (45.580214674059484,-73.2513209050495)
1 (45.31894586990641,-73.30230520540483)
1 (45.669686948387174,-73.37355412481946)
1 (45.68940997947168,-73.33230542592345)
1 (45.38053307745467,-73.66344672878343)
1 (45.394776130170015,-73.69096328853439)
1 (45.68249320817984,-73.30721549016913)
1 (45.44768076456701,-73.52946100209579)
1 (45.417757866675814,-73.39207583098033)
1 (45.6476657274284,-73.33067747591765)
1 (45.32689003218836,-73.48047982705658)
1 (45.33053297388768,-73.53506952786083)
1 (45.66922992089878,-73.38742920203707)
1 (45.42300528857748,-73.52617553210922)
1 (45.44939471574392,-73.71504722932487)
1 (45.40243963724879,-73.65077510657648)
1 (45.285410773249886,-73.43638636536727)
1 (45.54307814990593,-73.61621895344172)
1 (45.618566987476825,-73.29261671501496)
1 (45.5026850833507,-73.25929815644075)
1 (45.27025338520271,-73.47428299261266)
1 (45.366406118331795,-73.31725326010906)
1 (45.296850200254774,-73.49823593621907)
1 (45.718300107471585,-73.45212811126004)
1 (45.680158153212886,-73.36713697231212)
1 (45.6552311092008,-73.38465483102712)
1 (45.617911674905116,-73.50810282114642)
1 (45.39267223918037,-73.58321097953531)
1 (45.5465922853091,-73.63109987230841)
1 (45.73746101675988,-73.52712093257651)
1 (45.537060577514715,-73.52611602441996)
1 (45.718659128113536,-73.62167869143617)
1 (45.352450545660446,-73.43093057784762)
1 (45.57440778785179,-73.3847500226024)
1 (45.7473211765217,-73.44847099270513)
1 (45.59003332849211,-73.55166702725923)
1 (45.51723568737755,-73.5742879823213)
1 (45.47064577554768,-73.25635907390804)
1 (45.378739856667465,-73.71059858501887)
1 (45.510086377487696,-73.4422690681163)
1 (45.47113649333656,-73.59363975475013)
1 (45.28731868226492,-73.63658487568254)
1 (45.62350383660616,-73.34574305854525)
1 (45.481220533795664,-73.68567098852621)
1 (45.52308172665695,-73.38258384116719)
1 (45.64522309085586,-73.49831603847313)
1 (45.55444976979952,-73.65947640773479)
1 (45.42435610505187,-73.27651715028195)
1 (45.35284795160042,-73.72837972772457)
1 (45.728996688323996,-73.63100282878048)
1 (45.52954042508873,-73.29944578928253)
1 (45.30198268202228,-73.38055126138777)
1 (45.58229953769771,-73.4574863350233)
1 (45.42873937809346,-73.72039149555717)
1 (45.69988744403213,-73.37465097978428)
1 (45.74368215232255,-73.31558057806441)
1 (45.50583875944179,-73.2859032771924)
1 (45.68039538921368,-73.73022995019258)
1 (45.26389839747718,-73.65354878865514)
1 (45.59795187492679,-73.44280994714445)
1 (45.68514434533259,-73.34111258245933)
1 (45.49122449274344,-73.52149193537618)
1 (45.73512626884089,-73.74528120547222)
1 (45.45915601115724,-73.341592625878)
1 (45.73827631783101,-73.69741750815535)
1 (45.2616904374215,-73.51966622032184)
1 (45.61639934442328,-73.5433242155014)
1 (45.34343310656664,-73.5156447025477)
1 (45.278225615843276,-73.64147558787585)
1 (45.640094755846135,-73.61565796147076)
1 (45.497809880371705,-73.58585414080092)
1 (45.312388131746665,-73.25377002138568)
1 (45.58098625561164,-73.25982249531052)
1 (45.27128407189721,-73.36084889654079)
1 (45.72113946329091,-73.36212839968391)
1 (45.46839708764999,-73.64314246871886)
1 (45.68822841359906,-73.31518388109008)
1 (45.42575898984278,-73.39186349241314)
1 (45.37829924412679,-73.46917752330566)
1 (45.370352223271894,-73.60819254246194)
1 (45.27465039958543,-73.2533718155928)
1 (45.620512766644055,-73.39558760669098)
1 (45.53636327151772,-73.39810535568574)
1 (45.54367613891712,-73.72314503580719)
1 (45.735087788078985,-73.55756293817846)
1 (45.467927762219375,-73.29998683930016)
1 (45.70677286954825,-73.60429422750188)
1 (45.38343275211726,-73.42125464919732)
1 (45.57145769488693,-73.54175493461713)
1 (45.61405799956603,-73.25127130160467)
1 (45.70129035687955,-73.39081212309787)
1 (45.374363283940404,-73.59878657377176)
1 (45.28461638126719,-73.55019852141132)
1 (45.25262569166468,-73.31295363295507)
1 (45.64228015277404,-73.5093185304598)
1 (45.67667555195752,-73.48678879704264)
1 (45.60120837739636,-73.40460148799853)
1 (45.326060137846085,-73.69734724918757)
1 (45.51989530249331,-73.25776601967965)
1 (45.25141438860579,-73.53870296910024)
1 (45.49058510268468,-73.31590192710398)
1 (45.64990688007217,-73.71505165671729)
1 (45.313747843840844,-73.72919431044129)
1 (45.32424160904908,-73.45686082224776)
1 (45.55187123055263,-73.35240741657194)
1 (45.321935436129685,-73.50297167890746)
1 (45.32164070087662,-73.74091375111311)
1 (45.6114534702105,-73.35591299354108)
1 (45.476256913035556,-73.43109700354874)
1 (45.40227354116655,-73.46641751403999)
1 (45.46293967931228,-73.34837510036773)
1 (45.35706383273553,-73.43623701589064)
1 (45.41459391539063,-73.67388298903937)
1 (45.47589622574504,-73.74583248274504)
1 (45.44916332784471,-73.72302242587953)
1 (45.35478110539641,-73.41537149483932)
1 (45.705373824501294,-73.34562918117122)
1 (45.33379767301788,-73.39369526873084)
1 (45.339369049947116,-73.54842603709717)
1 (45.253707105465395,-73.34052323294806)
1 (45.54316651908918,-73.46572273812149)
1 (45.634174134772394,-73.32214370066121)
1 (45.622913405464104,-73.46399237467583)
1 (45.57158600024894,-73.2801943002766)
1 (45.292596912791936,-73.55999626531688)
1 (45.529945889927305,-73.4568667709889)
1 (45.59716487104563,-73.46054761337835)
1 (45.464431377628905,-73.26797575701177)
1 (45.27793816184201,-73.39479717237766)
1 (45.37394650660053,-73.4078118911631)
1 (45.432747039744775,-73.50709194200849)
1 (45.42635965923169,-73.74655509006071)
1 (45.50339950859242,-73.41000112950348)
1 (45.73810739505806,-73.34225411254694)
1 (45.443890554891176,-73.56302140011988)
1 (45.7184578928953,-73.63498411063954)
1 (45.38418674773363,-73.44276646858579)
1 (45.60796590148642,-73.6207744204969)
1 (45.7064717250373,-73.50511407487659)
1 (45.450514164132535,-73.51725416233332)
1 (45.69341355722802,-73.70882637991976)
1 (45.73882501558037,-73.63169371545573)
1 (45.2913160890125,-73.37357760113868)
1 (45.36443857757842,-73.32522571820884)
1 (45.55494182609235,-73.38311596959295)
1 (45.28489274444798,-73.63450956243393)
1 (45.505345000816696,-73.71645481657737)
1 (45.49320311890066,-73.26395895196023)
1 (45.437228993812134,-73.49653071177379)
1 (45.43772945306748,-73.29788244566583)
1 (45.65814328359634,-73.686684444113)
1 (45.49412845619476,-73.60249243244941)
1 (45.72826063410101,-73.7406135882199)
1 (45.43533109341292,-73.4927185092327)
1 (45.49652625712776,-73.4211136646559)
1 (45.5803456895939,-73.32811657505052)
1 (45.59664634621789,-73.64696733374528)
1 (45.42817661130691,-73.27589555396628)
1 (45.57468408746792,-73.60575951577353)
1 (45.59926137261087,-73.53718896563231)
1 (45.468957167928494,-73.48318909859289)
1 (45.31356753134896,-73.37517927515061)
1 (45.45248164026294,-73.50661584887862)
1 (45.43185376551352,-73.31053817196148)
1 (45.578382428037784,-73.58212409918853)
1 (45.274587990350945,-73.3608765076103)
1 (45.73949205832062,-73.62030293329896)
1 (45.51162860327268,-73.69650316953664)
1 (45.66478447982247,-73.69623525902344)
1 (45.3850131711995,-73.56477243662589)
1 (45.62734203259586,-73.47385639139443)
1 (45.387062282504615,-73.29965507486692)
1 (45.53122911780624,-73.34388566818652)
1 (45.26649436659879,-73.68189863439692)
1 (45.67794699837097,-73.47795241524622)
1 (45.37636082817827,-73.3482481753695)
1 (45.28707003352522,-73.48933083721667)
1 (45.409348829504225,-73.36567875010803)
1 (45.2602143040109,-73.61286616142559)
1 (45.48836262274031,-73.48844698987799)
1 (45.7326653250677,-73.27321742105914)
1 (45.39328240500753,-73.50199877664878)
1 (45.652792617603076,-73.60146016633347)
1 (45.4084130311855,-73.42837647187041)
1 (45.46580421114487,-73.38538551918161)
1 (45.369373238319284,-73.72274871831712)
1 (45.455445495927215,-73.59849967489325)
1 (45.47303916177054,-73.430041921771)
1 (45.414922065059294,-73.54677127606261)
1 (45.28964452008173,-73.59438263843657)
1 (45.57662741459236,-73.30059172136231)
1 (45.68225266865608,-73.52216579121487)
1 (45.62918191560264,-73.44220667576656)
1 (45.49555449287763,-73.2920438702389)
1 (45.68984029182006,-73.2560448885727)
1 (45.423308974010986,-73.68198802386088)
1 (45.28050058612874,-73.32091345970882)
1 (45.401731847805834,-73.44480219485371)
1 (45.67634863707282,-73.52894660299283)
1 (45.704750856841486,-73.60907691820134)
1 (45.45759737668956,-73.3564880054459)
1 (45.63628454499962,-73.71255011620863)
1 (45.69683152464472,-73.74675479133751)
1 (45.32456458863905,-73.58919736184491)
1 (45.45714377713004,-73.73317404716532)
1 (45.62401029499189,-73.5301048094389)
1 (45.65954938557776,-73.43570088650377)
1 (45.521276768000654,-73.32128332958911)
1 (45.40209197074278,-73.30022007943542)
1 (45.723836813034374,-73.32906283908241)
1 (45.47760386644948,-73.42330090052609)
1 (45.281819933732294,-73.45556146868164)
1 (45.642260515795805,-73.51111841802235)
1 (45.65681979642757,-73.42295436894534)
1 (45.63286881172529,-73.46227163055958)
1 (45.604995104864194,-73.46587273436764)
1 (45.5172552290302,-73.73952268110271)
1 (45.586027023815916,-73.61624388913388)
1 (45.68917053999018,-73.60514863735385)
1 (45.64435938296793,-73.3542388432424)
1 (45.6868033045379,-73.43864063115221)
1 (45.33463654513137,-73.47272417096133)
1 (45.522295474478355,-73.73390315535805)
1 (45.279366709324535,-73.56072050378172)
1 (45.35857901621694,-73.48589917436591)
1 (45.35357702958909,-73.5538504864019)
1 (45.65940330194074,-73.5238545403925)
1 (45.288589938410844,-73.32661429960274)
1 (45.368598899378725,-73.42967858827572)
1 (45.67503855706805,-73.31256178417412)
1 (45.74542382085191,-73.4961752761916)
1 (45.4238523016267,-73.63403497248567)
1 (45.69426470382501,-73.72991255462881)
1 (45.71318186440085,-73.70313595970816)
1 (45.27901544810523,-73.68828541769938)
1 (45.309096478609646,-73.71993020050166)
1 (45.605132144354606,-73.45935115387388)
1 (45.39837418661944,-73.44262573599083)
1 (45.385663750088845,-73.34643328008113)
1 (45.712819316532084,-73.53757453259558)
1 (45.28148361063227,-73.30728351380326)
1 (45.25627987231882,-73.73442241547768)
1 (45.520497926313126,-73.41975929976118)
1 (45.36790027689177,-73.41358952653977)
1 (45.35578295551184,-73.60251709360904)
1 (45.66813383495452,-73.6394940535934)
1 (45.61840339168994,-73.51013992487887)
1 (45.63765194448864,-73.52353677023437)
1 (45.457090475317614,-73.44741037413229)
1 (45.67352598570826,-73.6558451836246)
1 (45.33400870228419,-73.30710836089014)
1 (45.45192045085608,-73.68413090405086)
1 (45.463516294308064,-73.42975593183832)
1 (45.302024795419285,-73.44174474410933)
1 (45.639124877505665,-73.41214919634479)
1 (45.562064180367166,-73.33511929066644)
1 (45.292790076836155,-73.25431076042915)
1 (45.5449680976881,-73.49326926029593)
1 (45.670215113967195,-73.3316635892804)
1 (45.28863868206463,-73.45887539420676)
1 (45.6860254470685,-73.51077061273541)
1 (45.703749202419026,-73.46170809096353)
1 (45.34347335003376,-73.29290202063675)
1 (45.56061609210513,-73.56075255612288)
1 (45.56475699879924,-73.66998536463448)
1 (45.475926592095924,-73.67137753513133)
1 (45.380089381990715,-73.4121614627696)
1 (45.66996701594348,-73.70824526314736)
1 (45.6663282640452,-73.275212162461)
1 (45.26548510986977,-73.27339085954362)
1 (45.509279061636185,-73.61954379437901)
1 (45.290433178872924,-73.50200455377747)
1 (45.28770850433166,-73.67020338173408)
1 (45.32857698998376,-73.3459309185232)
1 (45.74165733955579,-73.61957241051395)
1 (45.43431877542042,-73.72675458784956)
1 (45.592816659827676,-73.48092608043571)
1 (45.49107069549382,-73.62657237120044)
1 (45.7305325982031,-73.54196382544096)
1 (45.646128844839645,-73.30515727524728)
1 (45.56343052513132,-73.44270996348915)
1 (45.2992357238205,-73.43720035770099)
1 (45.36370015452784,-73.31185119096125)
1 (45.356882606925936,-73.55267167910866)
1 (45.298759132961116,-73.53962070930993)
1 (45.589891579783384,-73.73707241950672)
1 (45.35331319373628,-73.64375662109639)
1 (45.44793002951646,-73.60645521995943)
1 (45.49375679825901,-73.29785544783515)
1 (45.5913489686205,-73.61457070811237)
1 (45.7164092411682,-73.43860913024314)
1 (45.69809966248275,-73.27635348927048)
1 (45.55125647986085,-73.44995741599273)
1 (45.291471300610596,-73.40319112935684)
1 (45.66367021408304,-73.73810509434374)
1 (45.41300591644656,-73.44102559083298)
1 (45.408001124581254,-73.5616465166862)
1 (45.434184749790425,-73.4823165308814)
1 (45.53899432052701,-73.26570820235987)
1 (45.66034387690567,-73.48725179982279)
1 (45.279650587539,-73.58806273647626)
1 (45.6307648727033,-73.69832062107186)
1 (45.577457776293066,-73.45858558780448)
1 (45.659999805923356,-73.66547052872816)
1 (45.65484271533858,-73.70121925606794)
1 (45.69722801104465,-73.71654965615664)
1 (45.374244573618256,-73.26977711879553)
1 (45.50280542579359,-73.60959135648466)
1 (45.493386375923926,-73.60546224976294)
1 (45.45415551021776,-73.48972858754315)
1 (45.58212242536699,-73.3948948157825)
1 (45.49676411820928,-73.64413110626613)
1 (45.708664742323236,-73.43273400309496)
1 (45.3502789292367,-73.4033387470422)
1 (45.48004289110209,-73.45264906621081)
1 (45.56457723392826,-73.37671979905625)
1 (45.63932689349758,-73.6844364975446)
1 (45.39615442672662,-73.53351375088735)
1 (45.680444013683164,-73.52349868350616)
1 (45.74129847882647,-73.44902327100884)
1 (45.34034590167656,-73.56169213998017)
1 (45.519254278666146,-73.32800065922079)
1 (45.3678333275079,-73.32572155042395)
1 (45.445944686816915,-73.69412955366772)
1 (45.64852145821765,-73.40079862553371)
1 (45.576803828106115,-73.39573315763396)
1 (45.58622965271735,-73.68320292767403)
1 (45.32589096415036,-73.3234456150648)
1 (45.60250521854869,-73.30567474194382)
1 (45.38769193799341,-73.46556369685187)
1 (45.718041577459054,-73.31423797042532)
1 (45.597878392641746,-73.64115154959093)
1 (45.42242700391159,-73.44409401094197)
1 (45.26978296793731,-73.44970141302885)
1 (45.42196083018766,-73.34564571613953)
1 (45.434462436525735,-73.65925902699985)
1 (45.37919989518028,-73.34950310509943)
1 (45.693958573289905,-73.42240275356856)
1 (45.42244869369114,-73.33149109751473)
1 (45.56973012500144,-73.36132079414199)
1 (45.508582501757736,-73.4452217233697)
1 (45.291217343652555,-73.6994616868154)
1 (45.66839357714068,-73.43071203164627)
1 (45.423114099290345,-73.73783826703107)
1 (45.250076310439496,-73.38282112823933)
1 (45.5741603891903,-73.57904629759565)
1 (45.50351781962128,-73.27294845583563)
1 (45.66513186076307,-73.59141389135608)
1 (45.71573652763384,-73.66147782283099)
1 (45.359191059504134,-73.67942873263715)
1 (45.61611188986982,-73.41687002215303)
1 (45.27387803701285,-73.48469535002013)
1 (45.41897418199038,-73.37009960439927)
1 (45.50075695932254,-73.68415528666989)
1 (45.66067412645822,-73.68029959313087)
1 (45.25609799125546,-73.5791583367966)
1 (45.41842797160765,-73.2690206029483)
1 (45.67396222596993,-73.68020364166523)
1 (45.56903412726906,-73.49642913520947)
1 (45.33167095328661,-73.48777483684859)
1 (45.456983745806056,-73.30306235142172)
1 (45.56687835580801,-73.6496739047296)
1 (45.69353783936911,-73.32542513368615)
1 (45.50533053916593,-73.63961379338949)
1 (45.30101981133874,-73.51275767128291)
1 (45.46888160048715,-73.55056058004511)
1 (45.54987265556832,-73.52572019656951)
1 (45.574451080002284,-73.5294210155489)
1 (45.60995621752256,-73.685534252298)
1 (45.36634518667609,-73.29715218370305)
1 (45.552110386230744,-73.46428783325366)
1 (45.746727660537246,-73.60022518064488)
1 (45.29118607977637,-73.4636548854278)
1 (45.28201425717248,-73.32560535742547)
1 (45.25754652810883,-73.5201973250097)
1 (45.666578142615215,-73.38201691631173)
1 (45.42046721898344,-73.50071111215759)
1 (45.71939193234886,-73.3052405290226)
1 (45.26391367269043,-73.51074540126223)
1 (45.274095167369076,-73.38454763314519)