1450 1450
101 (45.5,-73.5)
1 (45.43285193402142,-73.63346722309387)
1 (45.698464408463266,-73.43110581539375)
1 (45.5265473752473,-73.44446176903357)
1 (45.54537642983649,-73.61729523860055)
1 (45.414233456822686,-73.41085149954192)
1 (45.494093294348325,-73.60835611533649)
1 (45.48808251706414,-73.38028525795244)
1 (45.28806117885749,-73.48464335437677)
1 (45.44858679927526,-73.69689148560698)
1 (45.313403382405085,-73.71399424815948)
1 (45.53825832930008,-73.54720752762663)
1 (45.29090110558326,-73.67932112704383)
1 (45.600982448194806,-73.43939032236892)
1 (45.27349374621622,-73.49652108908867)
1 (45.44641016684091,-73.25368115565595)
1 (45.25119392734941,-73.5721503547294)
1 (45.74145075551355,-73.57114083854071)
1 (45.66580067735451,-73.54904147923148)
1 (45.53422616706662,-73.49108897485398)
1 (45.52890749124221,-73.47114685943448)
1 (45.53977539423507,-73.38547440308346)
1 (45.61844014881044,-73.66637276050575)
1 (45.48134694522212,-73.51057165304324)
1 (45.401322722737426,-73.49802305503685)
1 (45.58629388748828,-73.6029413347715)
1 (45.3928582170317,-73.27170300759582)
1 (45.281386457590685,-73.52751022380508)
1 (45.617023590192396,-73.70513836860569)
1 (45.71878321242569,-73.72091984810288)
1 (45.67611750820938,-73.47334557264956)
1 (45.490952053772794,-73.58296051312018)
1 (45.67306195236024,-73.43094472958185)
1 (45.26050892960893,-73.61295022251556)
1 (45.355147601031824,-73.6871369663497)
1 (45.53924200200664,-73.46633644967748)
1 (45.364125716751666,-73.26697363171051)
1 (45.49951560493337,-73.719591319591)
1 (45.38428789485045,-73.63502500027231)
1 (45.490798467855015,-73.4786389020391)
1 (45.277538254244696,-73.38441191149971)
1 (45.364236911404696,-73.54759613147992)
1 (45.482450622741595,-73.40539387516473)
1 (45.27899421156825,-73.6905271161206)
1 (45.53291718111785,-73.34331299768613)
1 (45.37550336780925,-73.5692032207366)
1 (45.52123248292475,-73.63567330024296)
1 (45.55283096582153,-73.72452954146088)
1 (45.69032083016153,-73.38249056314042)
1 (45.580025963755276,-73.48834118555638)
1 (45.59030281996745,-73.25277836911893)
1 (45.40462776286145,-73.46569094465171)
1 (45.375710197942894,-73.56314135231935)
1 (45.29543373616014,-73.71554264924981)
1 (45.35139660944492,-73.58192714707289)
1 (45.371177288244326,-73.47995266918227)
1 (45.29755490222039,-73.51424420882961)
1 (45.62194331196745,-73.26836497127779)
1 (45.41724018866075,-73.50938278096264)
1 (45.72594831040882,-73.29456291399161)
1 (45.453410843451195,-73.402782094837)
1 (45.30073887332469,-73.68911435376995)
1 (45.61673811003128,-73.2596671274633)
1 (45.704912445804645,-73.56981394586349)
1 (45.45029818261869,-73.62683390709364)
1 (45.62414025080616,-73.44667034341029)
1 (45.632749003860475,-73.72279257309334)
1 (45.43357329019358,-73.56640304717617)
1 (45.487707169135625,-73.60458313091154)
1 (45.727637559933584,-73.6642074882937)
1 (45.62377869672298,-73.64205914975419)
1 (45.447776067810985,-73.68771415511985)
1 (45.67706060613903,-73.407290088426)
1 (45.71887041813007,-73.38961115336309)
1 (45.56591876647995,-73.3479636453162)
1 (45.325875937037544,-73.2513170497736)
1 (45.49646044595411,-73.3592746324879)
1 (45.72362985561127,-73.50038425030519)
1 (45.67635847094632,-73.5987676676917)
1 (45.574843011137204,-73.51898084971401)
1 (45.30454714285575,-73.60295629212249)
1 (45.5539610504817,-73.70984184453654)
1 (45.4047983392675,-73.46327153701692)
1 (45.53788234819496,-73.38949890724095)
1 (45.46229952785108,-73.5019986426625)
1 (45.32844503506762,-73.51639042868544)
1 (45.60409354556335,-73.55634083399804)
1 (45.71614693528286,-73.53362179856244)
1 (45.73660363517135,-73.63060476120727)
1 (45.49973746277621,-73.31268887363022)
1 (45.61645505959956,-73.31273252002153)
1 (45.522121738448675,-73.62539532593563)
1 (45.28441830107592,-73.47201071560409)
1 (45.36944258623797,-73.74648776081776)
1 (45.63653684678113,-73.35976749806218)
1 (45.607257152754755,-73.69920043199669)
1 (45.6413659385795,-73.32422392152638)
1 (45.29540057699995,-73.29994409574682)
1 (45.33773713085459,-73.42439650391199)
1 (45.53142974142216,-73.53679196190298)
1 (45.263576372035544,-73.28605325996581)
1 (45.42146629654871,-73.42920823672532)
1 (45.373041965536565,-73.58520610363087)
1 (45.66680852007658,-73.36363299098146)
1 (45.296612049505065,-73.57147774128386)
1 (45.384857637754784,-73.4810799307526)
1 (45.48673907257593,-73.55491186928181)
1 (45.35370490239386,-73.50882170193505)
1 (45.37030269193254,-73.2754008279323)
1 (45.581151557693346,-73.47853024965775)
1 (45.598330225994914,-73.55388540826857)
1 (45.45098442530582,-73.5579077118403)
1 (45.34331740276025,-73.58883693749254)
1 (45.692005999163946,-73.74188647108184)
1 (45.344970270401475,-73.71026219540374)
1 (45.54861828438263,-73.40289463554781)
1 (45.546302531695936,-73.33657733127522)
1 (45.30568569892947,-73.6874765819511)
1 (45.69376077372145,-73.29717716987295)
1 (45.73495300244323,-73.46872578944382)
1 (45.69741330508931,-73.58538207776851)
1 (45.585470098623624,-73.52053043785315)
1 (45.36022669654094,-73.49267478172706)
1 (45.43627614652619,-73.27055001217445)
1 (45.28906738624706,-73.44574500932879)
1 (45.566021501633394,-73.41413434164497)
1 (45.394303873516236,-73.7228405879042)
1 (45.47125639019552,-73.33106424179519)
1 (45.36974847872482,-73.56527858119443)
1 (45.282791487014926,-73.64103601137457)
1 (45.420165759822424,-73.52370109358924)
1 (45.58783585494,-73.36223005318988)
1 (45.26968811729931,-73.6867653984796)
1 (45.56454383923312,-73.50009672692241)
1 (45.64121730142789,-73.7324387563732)
1 (45.37515312822371,-73.49066066483684)
1 (45.44425374848304,-73.51892352511939)
1 (45.444072030860454,-73.25418756211445)
1 (45.34658422942888,-73.69346912096654)
1 (45.568074776462126,-73.68097562994191)
1 (45.7338712043069,-73.5429320982798)
1 (45.267189408992074,-73.67132665935074)
1 (45.280425834671746,-73.53992685664248)
1 (45.38691370950334,-73.38641982904974)
1 (45.46430980161794,-73.25276444043466)
1 (45.70507023054586,-73.63585420390729)
1 (45.36039931800621,-73.48610755713086)
1 (45.6799124272303,-73.33104379661373)
1 (45.43615804768312,-73.70237539751383)
1 (45.500019626424084,-73.67144229709895)
1 (45.356603925133946,-73.44141232473311)
1 (45.261069240367995,-73.70274218862578)
1 (45.47731815826954,-73.60778981592856)
1 (45.39975065088133,-73.5927362550757)
1 (45.267332898066016,-73.63134183819136)
1 (45.46088568610138,-73.41144724869777)
1 (45.35734752172845,-73.62713891295492)
1 (45.36024659665794,-73.37742448401143)
1 (45.25296145587879,-73.2860868776536)
1 (45.53261318215899,-73.44177423988312)
1 (45.48747518486866,-73.31669168052395)
1 (45.722286497530504,-73.725533618645)
1 (45.614298833056424,-73.3322621366529)
1 (45.681577106440756,-73.7044155915972)
1 (45.45512153512479,-73.63592788690971)
1 (45.69171226333431,-73.64774595944897)
1 (45.42673262163738,-73.39833032051973)
1 (45.61015632721813,-73.6655807624524)
1 (45.56674928088298,-73.74969984989153)
1 (45.578515268526274,-73.29953592891296)
1 (45.56649341192519,-73.31926314135336)
1 (45.595996426864666,-73.40877855719076)
1 (45.69787380388666,-73.25052954960687)
1 (45.37482067170527,-73.65292253378838)
1 (45.49036795190412,-73.7009863989609)
1 (45.746034737277384,-73.6582389395083)
1 (45.37406116812419,-73.29908824349518)
1 (45.37684760380817,-73.47263468416715)
1 (45.255188935603854,-73.48015576161555)
1 (45.693915143099545,-73.66827103052503)
1 (45.631741684032505,-73.55590525213213)
1 (45.680923304957965,-73.43848615134928)
1 (45.388429465465165,-73.28981034291029)
1 (45.63337100559865,-73.2578543458707)
1 (45.33266733849534,-73.65235291816703)
1 (45.50862925455009,-73.63075719791189)
1 (45.34623045168769,-73.31645070718486)
1 (45.70515421173897,-73.64475998721727)
1 (45.730841164559,-73.32395450774551)
1 (45.4411576241478,-73.47037968056081)
1 (45.420188915380606,-73.70908844078059)
1 (45.38008846660916,-73.60849880770067)
1 (45.715746567046295,-73.70406207525716)
1 (45.26795603444273,-73.58072240958263)
1 (45.57923552182732,-73.47581392532634)
1 (45.60582496412937,-73.3863933005903)
1 (45.28070497974003,-73.65095093785516)
1 (45.27973868135592,-73.41277380762256)
1 (45.35792919520092,-73.67842938697986)
1 (45.60987863242955,-73.58207015986835)
1 (45.390189613271765,-73.35637791097291)
1 (45.4609421515368,-73.35051861807808)
1 (45.52749723417372,-73.61069392115807)
1 (45.37652297333937,-73.74067040736384)
1 (45.54492383702517,-73.35864998481246)
1 (45.66170386195031,-73.3883055978006)
1 (45.410948835637186,-73.52072754060349)
1 (45.44012170355735,-73.62007385256399)
1 (45.46859198771743,-73.45825034343513)
1 (45.45444139538091,-73.34700305987877)
1 (45.328590263436084,-73.3131209500452)
1 (45.26247524301654,-73.56243489523207)
1 (45.46499081641703,-73.4090686709248)
1 (45.50511075222522,-73.47073907826139)
1 (45.28526970716907,-73.54129806922528)
1 (45.58676025428911,-73.745326433229)
1 (45.619449899378075,-73.63328258292415)
1 (45.4142216600169,-73.62102337273035)
1 (45.635680056783706,-73.37567808577957)
1 (45.285640356778416,-73.46678886704113)
1 (45.6433487885904,-73.58293704233313)
1 (45.60768817339719,-73.66004757794789)
1 (45.58904766409492,-73.60818395171046)
1 (45.34612599974856,-73.49358092988432)
1 (45.28555931310725,-73.746268645898)
1 (45.482592478731945,-73.48996091881449)
1 (45.539535186570085,-73.6286441831718)
1 (45.25876188243572,-73.37692933116104)
1 (45.35964107154555,-73.6718216665579)
1 (45.63794028137475,-73.58991804428982)
1 (45.33368660313587,-73.68363485122649)
1 (45.7037197004004,-73.51507407997654)
1 (45.56061810586261,-73.2584026972989)
1 (45.64548569350246,-73.26769600093513)
1 (45.71124277674698,-73.6033086493738)
1 (45.55137477400271,-73.61690629395173)
1 (45.37016515815747,-73.4339208521626)
1 (45.44070383288463,-73.71767716165968)
1 (45.28065532192108,-73.55675787707834)
1 (45.31994420032433,-73.59599545317064)
1 (45.474031347863914,-73.72116025467594)
1 (45.53898929265698,-73.35199496799459)
1 (45.51562713335353,-73.2714582139218)
1 (45.35776505834205,-73.29930287842357)
1 (45.74052958540157,-73.56353185503039)
1 (45.40715853972348,-73.74663940941026)
1 (45.38400774732349,-73.52734023164273)
1 (45.64279057317227,-73.34987843456167)
1 (45.433919757092525,-73.65885131745338)
1 (45.44533436087906,-73.41931913152868)
1 (45.34537139654133,-73.61103541810284)
1 (45.71688245254162,-73.2578372194977)
1 (45.46151388192598,-73.42418989616539)
1 (45.659290596816696,-73.5308769291082)
1 (45.57860620954584,-73.29084367907136)
1 (45.3974774316882,-73.32891311673418)
1 (45.57833122654948,-73.58984530586113)
1 (45.728335100571684,-73.47705564603758)
1 (45.42584239667453,-73.74796911049238)
1 (45.53420628082697,-73.27488626625154)
1 (45.598131716905,-73.29547909905192)
1 (45.29880927605088,-73.71241128664562)
1 (45.664047765682234,-73.2745709735992)
1 (45.70304330020769,-73.30518100753723)
1 (45.2846555174045,-73.43646795481325)
1 (45.45828206241911,-73.52317018547437)
1 (45.34061856921877,-73.42417675122233)
1 (45.35556442651391,-73.35393149487477)
1 (45.721897134689634,-73.38351523853822)
1 (45.470516723715875,-73.34082716275714)
1 (45.53429379254745,-73.67500409472046)
1 (45.56589216562121,-73.4718116467071)
1 (45.587242024903595,-73.57357002489898)
1 (45.47628842495862,-73.5632815388259)
1 (45.52772111095814,-73.54173861066151)
1 (45.64290539723212,-73.28692641685161)
1 (45.376293886431206,-73.34510041672878)
1 (45.49013078646749,-73.72530783410686)
1 (45.50300256937709,-73.44631436001323)
1 (45.50029215092178,-73.31406114251358)
1 (45.25322073996985,-73.26576787891509)
1 (45.64808947589904,-73.73515809125843)
1 (45.49654811304448,-73.53324382898057)
1 (45.30202358910174,-73.2665860351064)
1 (45.3254479443596,-73.57554963235758)
1 (45.28656104835029,-73.26909260513246)
1 (45.47456509999311,-73.49004446404122)
1 (45.525827248007126,-73.40031247569307)
1 (45.26652626121115,-73.74335597236818)
1 (45.55729512009747,-73.29063611259672)
1 (45.51551192792419,-73.30830838503049)
1 (45.71223760457641,-73.29359814007917)
1 (45.336003083232235,-73.51018918031228)
1 (45.408637926143555,-73.53635604536032)
1 (45.71084393229094,-73.29596235020041)
1 (45.29180227737426,-73.34299777555933)
1 (45.470124987719906,-73.66689123187001)
1 (45.38809560418389,-73.6849600133243)
1 (45.52037959505371,-73.52626485159975)
1 (45.50802173943673,-73.62875649415976)
1 (45.742199659338866,-73.68952689248538)
1 (45.34629496831659,-73.30150916257676)
1 (45.44361524699414,-73.28408696393964)
1 (45.57860089961802,-73.67944245280788)
1 (45.61644542188431,-73.73044923574419)
1 (45.74742033489923,-73.5235444153679)
1 (45.49331644088796,-73.44502417919439)
1 (45.36259054580217,-73.5400158784036)
1 (45.544156411973596,-73.33809436523848)
1 (45.41620416760377,-73.33092241127248)
1 (45.58271395863184,-73.59788586127772)
1 (45.425996771865655,-73.42263115548657)
1 (45.57601156358469,-73.65355232722928)
1 (45.676549809773256,-73.6161580860948)
1 (45.5626327898114,-73.59610920659213)
1 (45.52343658664506,-73.59446902015561)
1 (45.28935550716623,-73.70696096113822)
1 (45.46186450699129,-73.64707061459144)
1 (45.269881988926244,-73.59864476574957)
1 (45.63841780816943,-73.53189563381385)
1 (45.45427951125892,-73.31176963420134)
1 (45.60218064896635,-73.38852981375423)
1 (45.57323376738573,-73.53586012541344)
1 (45.34982126632291,-73.74524540530739)
1 (45.48733061133138,-73.42991973770079)
1 (45.61814357147766,-73.52509969175067)
1 (45.528319679062676,-73.31100892104443)
1 (45.417163629538706,-73.55352451757003)
1 (45.36667705749535,-73.25598883522854)
1 (45.47694383630881,-73.40137609397772)
1 (45.377772281595476,-73.42281179067601)
1 (45.60221878555774,-73.4633319565614)
1 (45.30755814012175,-73.64334522491377)
1 (45.39027231128955,-73.47181534366793)
1 (45.25794024770997,-73.56969633991898)
1 (45.369576073226604,-73.68129491292946)
1 (45.62184656600066,-73.37035996625552)
1 (45.35937599444873,-73.72685071301983)
1 (45.59850507405833,-73.6712429034099)
1 (45.733713284192376,-73.66431555907556)
1 (45.31055159680375,-73.61972309996445)
1 (45.29729289322311,-73.43709358131318)
1 (45.32632752948425,-73.61738295311059)
1 (45.64516284695272,-73.4869258820633)
1 (45.56309085054578,-73.41891099597164)
1 (45.68334384684563,-73.43241622401445)
1 (45.60985195668412,-73.43089712121244)
1 (45.43334900408565,-73.6800475564229)
1 (45.46215911563964,-73.66485171074521)
1 (45.32995971834181,-73.50771307815754)
1 (45.50539663250334,-73.40375960982207)
1 (45.448674324336686,-73.57045380923843)
1 (45.318022208626786,-73.73083525554445)
1 (45.46692176602684,-73.42213726781726)
1 (45.49165810339728,-73.6428759589072)
1 (45.67143364723515,-73.52522996727186)
1 (45.68106399048392,-73.5287155114667)
1 (45.47309355760206,-73.33360946965412)
1 (45.50375791363739,-73.3357609633054)
1 (45.680133425663186,-73.38052967203869)
1 (45.706414658269736,-73.27445086800492)
1 (45.7107224565355,-73.38539577941319)
1 (45.70315953475855,-73.42170363949471)
1 (45.4967948732481,-73.70892371708496)
1 (45.66948849034252,-73.58003030234467)
1 (45.542388771879004,-73.53655152897046)
1 (45.344783947355914,-73.72896620056628)
1 (45.45181869946253,-73.45463813947755)
1 (45.556259150736366,-73.36983188298649)
1 (45.7356807911965,-73.60302808361355)
1 (45.72765169490308,-73.513563757559)
1 (45.33598988773176,-73.34097870974759)
1 (45.27710065269579,-73.49446046335076)
1 (45.58567372442583,-73.35123914819172)
1 (45.340379715413604,-73.71017172422296)
1 (45.73220040746621,-73.32923853798046)
1 (45.6780220832313,-73.29011149307215)
1 (45.7102907522718,-73.3608838688676)
1 (45.43786112452021,-73.58070786316337)
1 (45.54446812532842,-73.28338569814832)
1 (45.64812431163015,-73.70650792498189)
1 (45.59862425538159,-73.74882323302845)
1 (45.41045581248419,-73.32113563378248)
1 (45.366829892334415,-73.36982776346757)
1 (45.74710675025731,-73.50145688844012)
1 (45.61729543652669,-73.72080697585804)
1 (45.43202032300724,-73.56203595505963)
1 (45.45968713542861,-73.59655013625014)
1 (45.40165220059106,-73.37507314799474)
1 (45.304930304009005,-73.29284750730324)
1 (45.49810486518252,-73.5734940845652)
1 (45.72618189660452,-73.27092499425112)
1 (45.34451810987318,-73.29171619311758)
1 (45.409830329098156,-73.39903815361767)
1 (45.59064571411538,-73.35984867086917)
1 (45.7061815327266,-73.53048782266289)
1 (45.59516216328488,-73.61268783270819)
1 (45.25091570473948,-73.47761215643615)
1 (45.330481078793426,-73.7048495801573)
1 (45.73045017186206,-73.47597830532973)
1 (45.40573051095136,-73.53773713639049)
1 (45.607019544416715,-73.5020396453314)
1 (45.604018651758146,-73.60277164734786)
1 (45.5025850908495,-73.31094248845362)
1 (45.7212365509607,-73.7284196521721)
1 (45.464610989387126,-73.29895930620317)
1 (45.2753828185749,-73.3860310978082)
1 (45.50129609128672,-73.26719317290421)
1 (45.32775866083243,-73.36135770896401)
1 (45.57902532847972,-73.36974159264771)
1 (45.7203697379282,-73.73485145841342)
1 (45.720605990235576,-73.47042520626042)
1 (45.487484690588076,-73.73444875960743)
1 (45.42927946747808,-73.30748046715333)
1 (45.54353843797721,-73.62952605794872)
1 (45.390550440662174,-73.27528283558686)
1 (45.484431650836946,-73.42406857663067)
1 (45.271550572881665,-73.27621043358822)
1 (45.46476603921551,-73.68082362639898)
1 (45.44595510477801,-73.4741756989408)
1 (45.62966847235969,-73.36631618560234)
1 (45.6213962829465,-73.3941458068483)
1 (45.486595119084775,-73.64908426821535)
1 (45.63586833197023,-73.65914053838164)
1 (45.399870125316454,-73.61034747123863)
1 (45.61979449333832,-73.73773908171378)
1 (45.57870160053291,-73.33755240478443)
1 (45.291227532124935,-73.39104548442465)
1 (45.50803112729907,-73.36684418094302)
1 (45.36308071914354,-73.55835526110076)
1 (45.7408109376221,-73.42049363708949)
1 (45.39333723584405,-73.70543364080858)
1 (45.3301666054195,-73.34966541367342)
1 (45.40186149878192,-73.67835901693238)
1 (45.43039103625684,-73.64164250004342)
1 (45.71073714784369,-73.35930301695922)
1 (45.73682905713801,-73.28372830763918)
1 (45.738981547268295,-73.40841159969516)
1 (45.46644993273189,-73.69352781733927)
1 (45.397038129155256,-73.59811961524944)
1 (45.503268881891024,-73.32716480238109)
1 (45.28162311319143,-73.70277425442107)
1 (45.645766202508696,-73.46322263947383)
1 (45.56730435108727,-73.59736051554714)
1 (45.59706683194742,-73.53080152028818)
1 (45.3276155188035,-73.64441526405191)
1 (45.432880483273735,-73.70506569358211)
1 (45.49555977636122,-73.60788390198712)
1 (45.267066570037265,-73.33300938605898)
1 (45.29103299113625,-73.72671715068387)
1 (45.71017602135711,-73.5759009961876)
1 (45.70099690863088,-73.70942284093064)
1 (45.48243531454355,-73.46297009994173)
1 (45.49715900568133,-73.27358121897873)
1 (45.69937656968555,-73.34338280710041)
1 (45.31546617068962,-73.45149969171922)
1 (45.39568081568046,-73.50040613169004)
1 (45.50189516486902,-73.71472614732835)
1 (45.2907894755678,-73.45289252713937)
1 (45.74982387865186,-73.53605811937325)
1 (45.62845284088899,-73.71482136969482)
1 (45.51569277700351,-73.30797753911247)
1 (45.64162240197029,-73.51361458752525)
1 (45.301717004775234,-73.5711094455561)
1 (45.303957051520364,-73.68229893949209)
1 (45.63708532552719,-73.27534534452765)
1 (45.52970162116406,-73.63931815341311)
1 (45.47238277444084,-73.29969033303134)
1 (45.37480966137952,-73.55290344904206)
1 (45.725899811732646,-73.694685957294)
1 (45.57392000775122,-73.45439147706955)
1 (45.38504137563967,-73.58342852875752)
1 (45.420160911936144,-73.71673423085872)
1 (45.37122526137785,-73.36374594514598)
1 (45.55774288974389,-73.45067583864655)
1 (45.32245973335045,-73.29501375398084)
1 (45.71091536361993,-73.49167670799966)
1 (45.53421635224606,-73.72838423704066)
1 (45.717099985286794,-73.25564594358572)
1 (45.52626457127744,-73.64887043294219)
1 (45.466877332305536,-73.330898457721)
1 (45.57081045683127,-73.34176962540694)
1 (45.47899131175031,-73.74748353206525)
1 (45.52558288842229,-73.37432920327271)
1 (45.35464948903038,-73.42313723019244)
1 (45.46443603856438,-73.69635049950104)
1 (45.26213543262089,-73.32759135637045)
1 (45.38758793512277,-73.51059411948657)
1 (45.400112695005625,-73.4338274029445)
1 (45.72379072928833,-73.6453936942691)
1 (45.57598803694895,-73.5360939947533)
1 (45.40752882720796,-73.47780229520451)
1 (45.61431530975575,-73.51011208746542)
1 (45.525767082276886,-73.505889292551)
1 (45.27945895973629,-73.57087277314561)
1 (45.38082193133205,-73.45347307805632)
1 (45.25660009287573,-73.54778747665276)
1 (45.30860408636135,-73.3096182314985)
1 (45.485655902518616,-73.64568145328097)
1 (45.72478217876239,-73.45864341721384)
1 (45.283796657844505,-73.59322651915213)
1 (45.645342737208495,-73.54417968887789)
1 (45.723982794887185,-73.49788953763247)
1 (45.34257230284825,-73.43298636476605)
1 (45.65930782562642,-73.6283287290804)
1 (45.352663628379375,-73.6007750069976)
1 (45.595921112084646,-73.7314002408768)
1 (45.74694835488655,-73.45320971733963)
1 (45.320917884928164,-73.3615429303181)
1 (45.41518475017881,-73.52054513365646)
1 (45.285822093144105,-73.55528980320295)
1 (45.586379340873826,-73.62403141507636)
1 (45.73115087960012,-73.52300990405621)
1 (45.43029764146455,-73.50625834157839)
1 (45.41303810392627,-73.35371517654983)
1 (45.341119374839025,-73.54602887200879)
1 (45.55900704553367,-73.53687183936464)
1 (45.403619981843,-73.54114524670726)
1 (45.33672127951329,-73.39763689692661)
1 (45.58181028437868,-73.63965882886858)
1 (45.66690563302733,-73.31879526862039)
1 (45.35014275824471,-73.33167780859672)
1 (45.64961747052213,-73.38390393175636)
1 (45.30819285174746,-73.47974480178603)
1 (45.70166205443418,-73.32175465950884)
1 (45.28115017153747,-73.66608943385143)
1 (45.722183646422565,-73.36224759479359)
1 (45.51050487572004,-73.66972895260848)
1 (45.713327641492,-73.32812328210613)
1 (45.28199031658755,-73.65543280252479)
1 (45.283357052368636,-73.4857311797202)
1 (45.72114406248884,-73.65998518235013)
1 (45.3507200899845,-73.3611183476676)
1 (45.510774842405034,-73.69897246764893)
1 (45.649303903825235,-73.39520227458594)
1 (45.44917400159383,-73.28949041133613)
1 (45.30747259673833,-73.46364728722456)
1 (45.573085733817095,-73.39070903034124)
1 (45.33647614274109,-73.42329470249508)
1 (45.515251201621524,-73.70515089598302)
1 (45.31743007580305,-73.4676019840753)
1 (45.352767231315624,-73.45883181027813)
1 (45.42030399857169,-73.67852686071598)
1 (45.429551475196924,-73.68808043029394)
1 (45.62322030608223,-73.25164792140467)
1 (45.50388113110566,-73.70489681025495)
1 (45.6258528220242,-73.4450433328348)
1 (45.58027368153311,-73.2911273453404)
1 (45.466828289229184,-73.36055510009633)
1 (45.43390348572638,-73.28452695795288)
1 (45.26177199815767,-73.70854675102088)
1 (45.62529897077601,-73.56694712128204)
1 (45.27600192712056,-73.73411749053201)
1 (45.73324098079879,-73.54643133794973)
1 (45.73386438808422,-73.493966719695)
1 (45.60458366879408,-73.54091760342683)
1 (45.345317085379946,-73.66870807088168)
1 (45.631144885337214,-73.52154052748081)
1 (45.49960409472866,-73.57541257277721)
1 (45.41586400252985,-73.45819354375088)
1 (45.435730245396655,-73.5095161821517)
1 (45.68310094431103,-73.52905468565694)
1 (45.449930968364505,-73.49395710735647)
1 (45.421250607122744,-73.70919748545745)
1 (45.341446777784526,-73.44651420406618)
1 (45.519773181674196,-73.74120133455696)
1 (45.329649762867966,-73.69379781636378)
1 (45.57729113785455,-73.71284375297267)
1 (45.597933073253316,-73.66220020381716)
1 (45.6125797851087,-73.42349985070557)
1 (45.432762198220374,-73.46234284877337)
1 (45.60607896910531,-73.4117924867262)
1 (45.62990058246408,-73.4541637964525)
1 (45.63597917853524,-73.44232925145141)
1 (45.43406001528912,-73.73476829814425)
1 (45.3499862325904,-73.40903062295013)
1 (45.26308984810422,-73.33052169384808)
1 (45.631544464812976,-73.50659652199883)
1 (45.34330707352682,-73.69859385058648)
1 (45.57759912118716,-73.65007656785477)
1 (45.6486828005456,-73.45127008045075)
1 (45.30390428880255,-73.48530198192651)
1 (45.693338797410775,-73.50882360530616)
1 (45.633433870809505,-73.43010561170063)
1 (45.274171262485844,-73.66360062428924)
1 (45.40362830693932,-73.51779885126487)
1 (45.69840686952554,-73.29919893117511)
1 (45.449011246055846,-73.38029283585074)
1 (45.35950996746365,-73.25422695969088)
1 (45.27713533211745,-73.50854374220796)
1 (45.74409750218775,-73.55011031776579)
1 (45.557867886209536,-73.46267038323398)
1 (45.562382063725465,-73.41676852098206)
1 (45.28870232885614,-73.47313498693751)
1 (45.69515125629652,-73.74871495391218)
1 (45.38208248260343,-73.37779610979904)
1 (45.541405292850165,-73.30723869399537)
1 (45.44465236852653,-73.57743572507502)
1 (45.63251262382453,-73.65180712262246)
1 (45.68289502099314,-73.66453027504814)
1 (45.55110701204956,-73.4356840342761)
1 (45.67479964883032,-73.58657854575571)
1 (45.255937480468944,-73.33698797776592)
1 (45.69299712328065,-73.64621733765917)
1 (45.36749608936392,-73.51702147038232)
1 (45.35122972828668,-73.31564856686208)
1 (45.31348650194257,-73.602681891943)
1 (45.573071696155736,-73.25256965957134)
1 (45.46805989654959,-73.27912044606234)
1 (45.74949309109433,-73.54884196620262)
1 (45.544232706303816,-73.6525460936977)
1 (45.46015996197506,-73.62154991259699)
1 (45.51501440280103,-73.6011767520654)
1 (45.28229013724619,-73.2688965677772)
1 (45.745511226981826,-73.37482046683142)
1 (45.500433956511834,-73.26054922562803)
1 (45.31563570213755,-73.7304250050949)
1 (45.46072583619788,-73.41359170280549)
1 (45.70103946771931,-73.40216437526419)
1 (45.3839527588857,-73.42115783297169)
1 (45.55850076525564,-73.70023661779233)
1 (45.66321195642829,-73.2511138629778)
1 (45.331235673308996,-73.51252749423543)
1 (45.52398043027231,-73.71682507934543)
1 (45.74946593866707,-73.44765015393097)
1 (45.417095254479946,-73.34108532462714)
1 (45.55206422753378,-73.30660144050972)
1 (45.64844384102061,-73.38770577675835)
1 (45.39621100054996,-73.50338090898259)
1 (45.52308955444362,-73.42305242891968)
1 (45.45373558925184,-73.47239901474182)
1 (45.696108567668226,-73.49198968312754)
1 (45.6151770539891,-73.50235662886253)
1 (45.4775898742324,-73.44923045461832)
1 (45.53558911470682,-73.32250812061245)
1 (45.535050842042565,-73.67801101217523)
1 (45.45972630172615,-73.63782624799437)
1 (45.272946831358105,-73.3533019883092)
1 (45.35848691914833,-73.6645669988006)
1 (45.646003871773885,-73.56643481523535)
1 (45.39335195701897,-73.55708844401595)
1 (45.28077936162061,-73.52206562061191)
1 (45.60104674644607,-73.44050785903002)
1 (45.53815648833072,-73.64681720039492)
1 (45.456766226697106,-73.57188699830112)
1 (45.548403823235674,-73.3117318173841)
1 (45.63104218232193,-73.44511568609187)
1 (45.28998231896952,-73.46783621097234)
1 (45.30269470669451,-73.43151973354205)
1 (45.46345779920837,-73.32566296207949)
1 (45.328298146355856,-73.30944905348622)
1 (45.73267764359975,-73.2754901238671)
1 (45.39720504791542,-73.28170799893986)
1 (45.36679646558695,-73.54535431768684)
1 (45.52040994996117,-73.30966991057456)
1 (45.41878592061477,-73.62856027663031)
1 (45.311398333297284,-73.30727347797404)
1 (45.31873993153637,-73.28145281872733)
1 (45.51761387411135,-73.43682919551236)
1 (45.64358734013024,-73.39563515026298)
1 (45.65229102020133,-73.43166927812206)
1 (45.3487494449434,-73.2866106019254)
1 (45.358137557739376,-73.53815513927083)
1 (45.41183129554788,-73.41299250739216)
1 (45.30671572135668,-73.32141210357717)
1 (45.643610664601546,-73.7469701599535)
1 (45.50035820647107,-73.71539103478611)
1 (45.3673900387543,-73.45763672633952)
1 (45.2970689206324,-73.31846253366551)
1 (45.25420224659033,-73.74407788157949)
1 (45.32309678967879,-73.54072957868867)
1 (45.32841157006018,-73.56478788113755)
1 (45.672733691972454,-73.29859998076742)
1 (45.52592758454395,-73.65402298555148)
1 (45.42037643295746,-73.52589042181565)
1 (45.695549964859374,-73.59411969683237)
1 (45.4860056481532,-73.32883960003949)
1 (45.58288821591952,-73.32559869723086)
1 (45.301972849908886,-73.65488798007915)
1 (45.62585117693762,-73.3240430977664)
1 (45.52635013926944,-73.37193770611478)
1 (45.320876640827585,-73.25428246296667)
1 (45.736085374239025,-73.66603620522369)
1 (45.48987254648733,-73.72833239994864)
1 (45.611818931334035,-73.66103271203326)
1 (45.48926689044655,-73.34383213690354)
1 (45.59545630566905,-73.64373743037537)
1 (45.25461397452699,-73.46439070501843)
1 (45.36145436627077,-73.74246842497669)
1 (45.56688099764036,-73.72229506560178)
1 (45.693266940674825,-73.35560188188262)
1 (45.55983908491404,-73.47745181140598)
1 (45.49750922996003,-73.55984666563083)
1 (45.261909300744286,-73.45422679282007)
1 (45.720138295853815,-73.64544498352709)
1 (45.38036434682552,-73.5000150698105)
1 (45.3513104674527,-73.32735587811162)
1 (45.590962945479895,-73.3659164923787)
1 (45.51856477945004,-73.56770918244013)
1 (45.291894370862025,-73.60081042036798)
1 (45.3715947000658,-73.31542287236653)
1 (45.617336497337504,-73.57541569871701)
1 (45.55610874060474,-73.32385717320902)
1 (45.482981482034276,-73.3125902509711)
1 (45.55914392561904,-73.54673435481202)
1 (45.55355898095842,-73.69416753619491)
1 (45.583684200292495,-73.43628351400416)
1 (45.28068763005111,-73.74304505706823)
1 (45.37654930064647,-73.27567524383177)
1 (45.55831121787709,-73.54203307263171)
1 (45.59025777919186,-73.47029135847413)
1 (45.58252684075102,-73.44813976219618)
1 (45.30693124800665,-73.49923058608444)
1 (45.68278796914528,-73.59251178579066)
1 (45.29029504821926,-73.48968128606433)
1 (45.71226639948099,-73.72216754918843)
1 (45.360444030869424,-73.62239799946487)
1 (45.54658256420856,-73.73995300299553)
1 (45.50528026109594,-73.30649902528646)
1 (45.342164623813034,-73.33381813954465)
1 (45.452392764556514,-73.27615746239269)
1 (45.4481724890297,-73.35555517965317)
1 (45.42563781761116,-73.46048907867146)
1 (45.74922370324945,-73.61255729267212)
1 (45.701791286610764,-73.6610453491955)
1 (45.740083924028205,-73.47394991784644)
1 (45.364383375973304,-73.73880089119658)
1 (45.29803545213119,-73.66461450346316)
1 (45.3241885846251,-73.66437962439272)
1 (45.423813254070566,-73.32716751999125)
1 (45.73883285487859,-73.42149473855694)
1 (45.66779824105898,-73.37287569599594)
1 (45.417592377294675,-73.37418298016306)
1 (45.54458396203827,-73.31778105695278)
1 (45.64169745603078,-73.31339392119314)
1 (45.46608318028429,-73.70997785084488)
1 (45.56531759665201,-73.48785092293424)
1 (45.591016678613585,-73.39802577169193)
1 (45.48789270559757,-73.49783033986219)
1 (45.49692771234622,-73.26890242711784)
1 (45.30458809500241,-73.48861151514696)
1 (45.72979078118391,-73.69669066745182)
1 (45.34838984277736,-73.62283022120285)
1 (45.5758347358403,-73.29036434906816)
1 (45.63471967097148,-73.33782381910927)
1 (45.33037555664832,-73.61057924684167)
1 (45.70743750553356,-73.4052869386973)
1 (45.409255309561914,-73.34129365309215)
1 (45.363712473686455,-73.30616178997228)
1 (45.35990909378458,-73.45233618004761)
1 (45.50448191128481,-73.41366775335952)
1 (45.68113320419645,-73.6737064271243)
1 (45.717080965184735,-73.44173056416024)
1 (45.3533029013338,-73.62143677539508)
1 (45.44711363534506,-73.56480134877202)
1 (45.61408930237031,-73.66826207491096)
1 (45.25774961555544,-73.54816199086851)
1 (45.28865065215414,-73.64013626518592)
1 (45.7063692035286,-73.64529303322978)
1 (45.3978239838497,-73.64180375696665)
1 (45.29084230601634,-73.42073629708352)
1 (45.323018852160516,-73.27117558259447)
1 (45.73071538937235,-73.54311462144908)
1 (45.50231576864734,-73.67317883580309)
1 (45.55219373736661,-73.46357672256221)
1 (45.468697778522305,-73.30904068352392)
1 (45.54004469688592,-73.74991556685136)
1 (45.51839406052635,-73.47663618096024)
1 (45.6044108003913,-73.68596406365356)
1 (45.41499075778215,-73.51157214508633)
1 (45.48600979634744,-73.56960257667195)
1 (45.29326443874991,-73.72709735141922)
1 (45.48931222428436,-73.45081792887251)
1 (45.3256199011252,-73.51372206853098)
1 (45.590025233868054,-73.3437342920798)
1 (45.25356438154418,-73.61659835818952)
1 (45.31057445594092,-73.72339164138344)
1 (45.56682637118718,-73.44025494005305)
1 (45.69526457339852,-73.37927807556804)
1 (45.43352764933106,-73.29619896877114)
1 (45.54541191854752,-73.4432276397321)
1 (45.44624339076286,-73.30918960024191)
1 (45.293980952899524,-73.63927577464904)
1 (45.35083544589134,-73.73265645372422)
1 (45.509119978575356,-73.51742023375226)
1 (45.66762012368266,-73.69277896442533)
1 (45.516479239426054,-73.63196522471694)
1 (45.497732447679276,-73.38416053960663)
1 (45.52130839335091,-73.30823266011816)
1 (45.33147440352577,-73.47782449193176)
1 (45.393068021892546,-73.30890443089191)
1 (45.33998591258139,-73.47442659889718)
1 (45.44765372849648,-73.36311514173227)
1 (45.43675263787773,-73.44212224396748)
1 (45.625319294718274,-73.65764542640225)
1 (45.34126582050466,-73.51944382998894)
1 (45.41599855094266,-73.51017112266175)
1 (45.46357487497687,-73.73883741264677)
1 (45.72796433561534,-73.5495044157678)
1 (45.655524417274485,-73.63617528278185)
1 (45.63062577132117,-73.31711817792272)
1 (45.74214320027005,-73.25560416459734)
1 (45.52775353013589,-73.2779753605285)
1 (45.25495302109528,-73.53750682941087)
1 (45.333536138880596,-73.2867908629576)
1 (45.43789163971183,-73.69014775245921)
1 (45.63060847860284,-73.59833361950646)
1 (45.38609445187827,-73.49274156683559)
1 (45.5865570056884,-73.53723204308268)
1 (45.607955517535444,-73.55922566691935)
1 (45.593394514295,-73.45397677526866)
1 (45.37168905072273,-73.40793694081674)
1 (45.67311053089967,-73.58941976286081)
1 (45.40903870237474,-73.73268477887468)
1 (45.66164165186133,-73.45004932955896)
1 (45.40083243006306,-73.55538118603928)
1 (45.54346948283437,-73.26067653467722)
1 (45.661756506926224,-73.45943132259677)
1 (45.559542165615674,-73.50989820192626)
1 (45.575023238417735,-73.35650602545564)
1 (45.35232859730186,-73.53680784197795)
1 (45.601532626601575,-73.72711062106228)
1 (45.44355289491774,-73.52490594156029)
1 (45.60267880085563,-73.49753259241213)
1 (45.262519854805525,-73.67101668802026)
1 (45.2711282139106,-73.67229332609116)
1 (45.25593043531353,-73.68324849342923)
1 (45.659697004797465,-73.53214732864264)
1 (45.31369963879145,-73.63264133949679)
1 (45.63488100091322,-73.63296522719374)
1 (45.33952730891577,-73.53812440265418)
1 (45.55864237794964,-73.5005047956155)
1 (45.27983588797965,-73.40376270472758)
1 (45.619732927833496,-73.31011730118583)
1 (45.300177172114566,-73.25100229448884)
1 (45.494134634855804,-73.46885428270271)
1 (45.564323543943175,-73.49672864851867)
1 (45.41312408214091,-73.38023307509935)
1 (45.727997440946275,-73.32043362187325)
1 (45.257017694742885,-73.26908707142641)
1 (45.30655615737903,-73.44064181376625)
1 (45.47283131305973,-73.27547001542587)
1 (45.51393705320941,-73.4819773726434)
1 (45.4348873316629,-73.59250120572409)
1 (45.49878201756638,-73.35985804701438)
1 (45.328829530702436,-73.72333187838478)
1 (45.622897863139514,-73.3397837544425)
1 (45.741555604893534,-73.46708064611398)
1 (45.53707282119274,-73.64254203902348)
1 (45.38225376794099,-73.51262897639748)
1 (45.30975763732629,-73.66538375430713)
1 (45.74303022687364,-73.52258580298842)
1 (45.2552329358445,-73.57232740049191)
1 (45.53154031596013,-73.32752306821642)
1 (45.38962272672717,-73.67423126687336)
1 (45.372586856449075,-73.3227521220255)
1 (45.61547756864051,-73.67112773555928)
1 (45.58082483651802,-73.3664539061215)
1 (45.29863864050554,-73.46554487816597)
1 (45.252512649793644,-73.41889369087009)
1 (45.35470780217282,-73.37614570599116)
1 (45.510675705979054,-73.33774420351229)
1 (45.30668660027321,-73.68599601009178)
1 (45.46509894874722,-73.65420887162499)
1 (45.51021067039744,-73.54912709943372)
1 (45.31624075863966,-73.29868000787928)
1 (45.368294199882406,-73.35279045672102)
1 (45.5404614873646,-73.62308458930215)
1 (45.37361241917857,-73.69090646622969)
1 (45.74288538266352,-73.67986323875795)
1 (45.72308831267684,-73.6466900510051)
1 (45.5537659926918,-73.56469629940123)
1 (45.54691311295324,-73.60929152817423)
1 (45.37440022927925,-73.71163328251608)
1 (45.48211835272079,-73.36052137008012)
1 (45.34943759409093,-73.34520056651358)
1 (45.39943057203232,-73.66333300938332)
1 (45.653856685997276,-73.34435468297511)
1 (45.561378005838485,-73.56371846739927)
1 (45.534931771844214,-73.55781691576614)
1 (45.34948194729117,-73.58202683560849)
1 (45.542188102552856,-73.62936751796758)
1 (45.448853615214034,-73.41844629769929)
1 (45.51164544934793,-73.64509608644354)
1 (45.519630898139404,-73.73049564646851)
1 (45.64457502091486,-73.4023976163151)
1 (45.416427251702466,-73.45785195342924)
1 (45.43554587394517,-73.32267136822948)
1 (45.43932866189673,-73.5716963471395)
1 (45.25971243904526,-73.48622328356038)
1 (45.41296268712964,-73.5119903302183)
1 (45.625095834828954,-73.45878995196497)
1 (45.593776902233046,-73.4467006998537)
1 (45.43203733367208,-73.50439556800282)
1 (45.49990232680872,-73.34197134373592)
1 (45.55905299344959,-73.43892126221225)
1 (45.74284077008613,-73.67159584938615)
1 (45.71199448293661,-73.2728087838002)
1 (45.31570327112219,-73.41787538630145)
1 (45.73172169976941,-73.41973902843321)
1 (45.5588400237371,-73.32405144387825)
1 (45.454418743397056,-73.61091834131248)
1 (45.68044061082583,-73.65098398540938)
1 (45.25823532684353,-73.25177395403755)
1 (45.257046481269164,-73.46760051712374)
1 (45.610111907931106,-73.28940256047177)
1 (45.576906055143155,-73.26587254251697)
1 (45.74744713571677,-73.72503403440751)
1 (45.51771590913518,-73.43668084209463)
1 (45.590692295294375,-73.70606558813516)
1 (45.369530090438985,-73.37291198387514)
1 (45.58500810172144,-73.66688914101069)
1 (45.62348245987189,-73.68048356793008)
1 (45.4117951121955,-73.25677803187472)
1 (45.747455742463615,-73.6767262501783)
1 (45.394209442219875,-73.29651701583994)
1 (45.36094375151047,-73.53865625622265)
1 (45.444701831777,-73.74325239763337)
1 (45.50309201702165,-73.63115238603356)
1 (45.567168265700616,-73.61520733426988)
1 (45.360264794853684,-73.69690688668078)
1 (45.731476640538716,-73.53445004428401)
1 (45.38247529694798,-73.72625034601457)
1 (45.383934369119395,-73.48682082038187)
1 (45.67162878293792,-73.44555596662832)
1 (45.443688007602994,-73.57341666428961)
1 (45.368766654760954,-73.46790910321195)
1 (45.36209623459017,-73.43770026283649)
1 (45.50236300473004,-73.73908349695957)
1 (45.68979375990938,-73.6963430966335)
1 (45.38521327319349,-73.48559607646273)
1 (45.60446446465885,-73.58033034456501)
1 (45.663567871300046,-73.42971759745942)
1 (45.50126740803881,-73.60564833593173)
1 (45.528902175116194,-73.5787968607767)
1 (45.5374107780455,-73.44004308593016)
1 (45.40007726809087,-73.42311192036149)
1 (45.45254417703558,-73.71388164447929)
1 (45.57163423526088,-73.38769184873388)
1 (45.557440533141474,-73.3390658034516)
1 (45.40257829230677,-73.37915837565735)
1 (45.49486476632396,-73.4502406199661)
1 (45.58924670878637,-73.74861693971229)
1 (45.728577128389986,-73.36720852158236)
1 (45.42571863001982,-73.45598239761208)
1 (45.709094805074514,-73.49650214424142)
1 (45.705712372029495,-73.66985495079764)
1 (45.29813622821005,-73.3434876688511)
1 (45.56102952398255,-73.47016732442829)
1 (45.30759840337154,-73.29416296527934)
1 (45.56334341735085,-73.73830478839804)
1 (45.423468063009516,-73.54798284311939)
1 (45.338492545767984,-73.72125499012893)
1 (45.340243709657166,-73.53958699046095)
1 (45.25542817879185,-73.6425751248006)
1 (45.62724580037598,-73.37822370451183)
1 (45.4555783206657,-73.60356929059031)
1 (45.684618684813714,-73.25895594274337)
1 (45.582628834177854,-73.37304955301154)
1 (45.62387824716701,-73.45940372488856)
1 (45.5575853258227,-73.50340956575103)
1 (45.5255352157016,-73.42982040940205)
1 (45.61946829076919,-73.53447001999578)
1 (45.284624898214986,-73.61271772203315)
1 (45.61810675732087,-73.35466084677533)
1 (45.65389966303014,-73.49104807275242)
1 (45.70223420265432,-73.58158544832771)
1 (45.63399156529102,-73.46112002290913)
1 (45.59345384372491,-73.60086762020701)
1 (45.54002803715917,-73.45796611155913)
1 (45.574628457372214,-73.66341246930395)
1 (45.394984561064966,-73.32680023258698)
1 (45.64986345650617,-73.68681810201291)
1 (45.2614838110272,-73.7344944396044)
1 (45.55249002407885,-73.63665501734204)
1 (45.72580173503605,-73.44967332280996)
1 (45.38731834644741,-73.57768600510283)
1 (45.49051662713388,-73.5890669079595)
1 (45.69391957152532,-73.68382974969411)
1 (45.41553832499507,-73.43118105032778)
1 (45.60880801662151,-73.6787763573663)
1 (45.37117991894842,-73.63613719330988)
1 (45.58613367738202,-73.34664423128949)
1 (45.43148590236639,-73.68270151209902)
1 (45.308858385960505,-73.40392258850589)
1 (45.741205617989976,-73.54006618967934)
1 (45.48537695894533,-73.66017458423934)
1 (45.33560241596887,-73.5328637096555)
1 (45.6801584216459,-73.51558161034593)
1 (45.27871409733689,-73.53318799470739)
1 (45.67122021125675,-73.4483895827958)
1 (45.71273148215874,-73.5230640824665)
1 (45.562111808655146,-73.73467365813593)
1 (45.27883737007392,-73.71485118489046)
1 (45.501572603274326,-73.7165681354424)
1 (45.37814912333392,-73.29548174476007)
1 (45.380141719211096,-73.49321402358437)
1 (45.39033386852295,-73.4732322585995)
1 (45.2797361932148,-73.45115687041267)
1 (45.25701600218006,-73.35288941171646)
1 (45.74957700751444,-73.57778329440525)
1 (45.26727264767753,-73.74671825048391)
1 (45.66983068332116,-73.51261481474255)
1 (45.453313253054866,-73.34455688732692)
1 (45.5429476876149,-73.28688318268406)
1 (45.715865446720386,-73.7166552954917)
1 (45.52191679065816,-73.68179200608786)
1 (45.650840170232584,-73.40754386513906)
1 (45.344518142735765,-73.60022462762657)
1 (45.54152446322012,-73.39825994867493)
1 (45.593146113212235,-73.29538894173115)
1 (45.61385170166829,-73.46767911907354)
1 (45.34088577117077,-73.73299524382067)
1 (45.42622412859962,-73.4714903556602)
1 (45.27626584182125,-73.28104364067893)
1 (45.67991403408088,-73.27952276475243)
1 (45.32147364745291,-73.32315287135539)
1 (45.29124500396835,-73.56867394211775)
1 (45.57180623818878,-73.27759335365882)
1 (45.26255622919035,-73.35960859774355)
1 (45.58774498214533,-73.37479202698148)
1 (45.72537777571176,-73.61068852711897)
1 (45.665279173629095,-73.40105765593964)
1 (45.506296252787465,-73.34226329719463)
1 (45.694967694458285,-73.45563038146081)
1 (45.68366568972219,-73.65849389006883)
1 (45.59571571212733,-73.5918898572008)
1 (45.36161926333928,-73.66229946028345)
1 (45.57535709338393,-73.52166184994782)
1 (45.2867633924886,-73.62181046140996)
1 (45.626870983932264,-73.35404357885828)
1 (45.47248650553391,-73.3438792373311)
1 (45.71642491822284,-73.61702342427559)
1 (45.675990357741995,-73.54174214815856)
1 (45.557424389145645,-73.5714014889529)
1 (45.39395285800713,-73.54984550692767)
1 (45.6933627975241,-73.57212239731942)
1 (45.504156982357955,-73.5391400948537)
1 (45.33150332909664,-73.46211280286398)
1 (45.28247104165284,-73.42081752855574)
1 (45.47928820222414,-73.69807099282671)
1 (45.26724159354298,-73.39550433510112)
1 (45.43585845653655,-73.60638677464789)
1 (45.32646084695913,-73.60834774756498)
1 (45.58218113454537,-73.35047531538164)
1 (45.30699633552215,-73.60822010821586)
1 (45.69501878772873,-73.35828874628598)
1 (45.30972129363962,-73.28143685017096)
1 (45.68233958746175,-73.61062530979311)
1 (45.43956015912833,-73.63692581477139)
1 (45.700754589237725,-73.32708578220115)
1 (45.325263995320185,-73.26070382901318)
1 (45.56918193806097,-73.70713279731123)
1 (45.29015705014837,-73.4328093669332)
1 (45.73717624465692,-73.48868882513149)
1 (45.282145713331275,-73.30950791480144)
1 (45.30122435803944,-73.67606436364287)
1 (45.5389575447381,-73.71762999306596)
1 (45.68779731582709,-73.36273802446532)
1 (45.47287839099236,-73.48631935437768)
1 (45.63806145308837,-73.63261596873069)
1 (45.40818170128904,-73.35426215190952)
1 (45.53588974674015,-73.56587837056729)
1 (45.593994633812265,-73.33763574543623)
1 (45.418178158527795,-73.40237624325637)
1 (45.345521685091974,-73.52555859718652)
1 (45.694459480559985,-73.42677232717745)
1 (45.73734689346428,-73.585741031164)
1 (45.681421069419294,-73.63522521144709)
1 (45.483962027147165,-73.31332935596994)
1 (45.527170553438424,-73.72339639052207)
1 (45.494718339586306,-73.34060377191153)
1 (45.45995733309703,-73.39991539397008)
1 (45.58307573209246,-73.64423367284971)
1 (45.54654577537095,-73.47816850936226)
1 (45.4433237256938,-73.74021176362847)
1 (45.28654919666621,-73.6323822651878)
1 (45.2818743524787,-73.44438146343428)
1 (45.400772229408254,-73.6214531493326)
1 (45.40477818482673,-73.29863983251617)
1 (45.59397234858438,-73.68583064975458)
1 (45.618290066527834,-73.71944160117228)
1 (45.38543949457706,-73.70899093952112)
1 (45.49511221278973,-73.61614755898154)
1 (45.30440623255654,-73.60564431967478)
1 (45.39536807404342,-73.65205347299735)
1 (45.34153898401412,-73.25379973307177)
1 (45.60841091244241,-73.48060404719162)
1 (45.53262431267175,-73.6271652762203)
1 (45.599247239575725,-73.68333896014259)
1 (45.42605232229302,-73.60809399368371)
1 (45.60165561161268,-73.2645363331259)
1 (45.45181266545279,-73.26938991449796)
1 (45.69900727143398,-73.42031165588234)
1 (45.36645698580967,-73.70576939566755)
1 (45.57334603612332,-73.39709854370068)
1 (45.49584468030608,-73.27262877485617)
1 (45.28346031721909,-73.58598014499701)
1 (45.435477312745505,-73.3509993892458)
1 (45.2534810871749,-73.56525856750012)
1 (45.69684035207681,-73.50317672501917)
1 (45.61496548426169,-73.60394222004813)
1 (45.50740894628657,-73.61349083109914)
1 (45.64747639339934,-73.67349908519317)
1 (45.581838017977134,-73.3230406384914)
1 (45.305344042704164,-73.28426701944737)
1 (45.682344970354514,-73.26594531636147)
1 (45.70159678741,-73.46632992506157)
1 (45.67740681770122,-73.29777120077864)
1 (45.44397359236879,-73.45246180966964)
1 (45.589631708395466,-73.57427329343928)
1 (45.382481769129306,-73.59290856564131)
1 (45.2960279562379,-73.49044594249611)
1 (45.63313937210853,-73.7383203779672)
1 (45.606882433306886,-73.62610760903397)
1 (45.68834210199436,-73.26806562051755)
1 (45.40307281350133,-73.46485016443778)
1 (45.51072075808919,-73.61644992557348)
1 (45.3558770372794,-73.25816362807257)
1 (45.734405719805615,-73.55903233961688)
1 (45.488206229884824,-73.49590282014961)
1 (45.4652910216662,-73.66527324521398)
1 (45.46167582395214,-73.51799257965091)
1 (45.68019098228566,-73.70216674224493)
1 (45.49004284422028,-73.36037413656472)
1 (45.37370864289912,-73.38630317349595)
1 (45.68627552753799,-73.47067512095767)
1 (45.39118546828905,-73.7289755167957)
1 (45.447884839325376,-73.45594180355008)
1 (45.316278119981924,-73.30048610571944)
1 (45.67313570269054,-73.5360019304709)
1 (45.35250840806014,-73.5557284253157)
1 (45.679368975346264,-73.37163270291252)
1 (45.349558574357545,-73.41341144819737)
1 (45.663903586044235,-73.41668828141725)
1 (45.47713489505107,-73.56596205355098)
1 (45.40785135175951,-73.4076970561424)
1 (45.541898058267044,-73.5161839930677)
1 (45.67366560672691,-73.55316938815902)
1 (45.57625996752107,-73.59016992405692)
1 (45.388357647855976,-73.41796166714478)
1 (45.601771979985934,-73.66375591559668)
1 (45.736053590896745,-73.4155234504223)
1 (45.38438074885792,-73.56197571986688)
1 (45.7059273384497,-73.72270948568847)
1 (45.55400342311284,-73.5475154348356)
1 (45.454533818976714,-73.318069288614)
1 (45.656674643710545,-73.50508652826583)
1 (45.54517968306319,-73.71513202998703)
1 (45.54394384594354,-73.35392891586103)
1 (45.72120715572686,-73.31718533495373)
1 (45.48125191670926,-73.38032301980334)
1 (45.35492990710126,-73.65940171905346)
1 (45.47469202297725,-73.57603330172428)
1 (45.589448154782644,-73.62789704875698)
1 (45.57386056518095,-73.69702336405848)
1 (45.45668339934158,-73.55341096244182)
1 (45.30742939793856,-73.61957577627442)
1 (45.41171153288831,-73.36977938275952)
1 (45.447621801459995,-73.66811787552228)
1 (45.27083637033134,-73.30422490528044)
1 (45.479950138770164,-73.42059752735425)
1 (45.47883391917872,-73.32772143960037)
1 (45.475374059927276,-73.56317107562624)
1 (45.45941082209521,-73.33929457562728)
1 (45.5234637920337,-73.66625842585195)
1 (45.52215910710064,-73.28810000123254)
1 (45.48720390025758,-73.28868827976629)
1 (45.409152083753995,-73.65147752204196)
1 (45.58274879364625,-73.5856996428446)
1 (45.5648149862731,-73.38590882823468)
1 (45.670741695930744,-73.59998338417526)
1 (45.6038170726585,-73.65091258037128)
1 (45.669735005335845,-73.65274089738159)
1 (45.733470072678635,-73.27339074334405)
1 (45.66680042360731,-73.72390479385497)
1 (45.559481300944576,-73.57179589117078)
1 (45.605593202192885,-73.41720931616632)
1 (45.266898034277254,-73.29571920619419)
1 (45.37793552065533,-73.54671649052104)
1 (45.621692835542675,-73.55710481048418)
1 (45.73140987069052,-73.55669677277244)
1 (45.582678134160254,-73.73427630044498)
1 (45.63250407800022,-73.39643086512227)
1 (45.548301279976656,-73.41931673482041)
1 (45.592525320782,-73.61554259452093)
1 (45.38835982069747,-73.55307414203736)
1 (45.47180140636479,-73.32389042937152)
1 (45.42678997480931,-73.45016967304014)
1 (45.426613184600704,-73.27283842642338)
1 (45.448419487378175,-73.45886633546266)
1 (45.45285303072995,-73.66189513143254)
1 (45.59993942918998,-73.52751145560593)
1 (45.410579577317044,-73.35625220364723)
1 (45.74333768767845,-73.46049663206449)
1 (45.48444050498557,-73.51667220766087)
1 (45.39865026604338,-73.64228441018301)
1 (45.74635994424921,-73.6934681671951)
1 (45.382124756874596,-73.48803133903257)
1 (45.33893883710659,-73.72098547808218)
1 (45.605753615124016,-73.34369242012171)
1 (45.29069164998978,-73.26803957250527)
1 (45.25462310750928,-73.50722275604093)
1 (45.60754387584555,-73.65318085731882)
1 (45.69963726255217,-73.47559725813838)
1 (45.5589407024489,-73.52145128271042)
1 (45.53491418395728,-73.4398501397609)
1 (45.4914677063217,-73.70146507432956)
1 (45.55151556928713,-73.45219101114304)
1 (45.55806038817931,-73.51818882548135)
1 (45.27215839867694,-73.57548527576121)
1 (45.446680178255136,-73.52771439129984)
1 (45.37517127716367,-73.6959915146078)
1 (45.528760163455175,-73.56561094500503)
1 (45.43019589030818,-73.53522950447726)
1 (45.32477471480902,-73.66011022936574)
1 (45.3529974570914,-73.73620764595162)
1 (45.30196292392194,-73.25542257447606)
1 (45.36223654913726,-73.72296906097017)
1 (45.277536507161805,-73.31889858464115)
1 (45.48716749825089,-73.34052140651156)
1 (45.59962868063948,-73.26854491419856)
1 (45.33196721341943,-73.57469550437693)
1 (45.31779123904722,-73.25457010870413)
1 (45.34976153817244,-73.42833358569662)
1 (45.73502283611634,-73.66017969341459)
1 (45.31740419523229,-73.2914383985206)
1 (45.55411240540584,-73.25275766623095)
1 (45.53067720645445,-73.38851992571837)
1 (45.292507121684956,-73.71686429723104)
1 (45.45881933364869,-73.61635671783367)
1 (45.741965484869915,-73.33514837431916)
1 (45.70715296652314,-73.29974468107754)
1 (45.491931468046644,-73.3523148553871)
1 (45.637067663121755,-73.59153622574524)
1 (45.41886690729073,-73.56070685795726)
1 (45.383732147982876,-73.42637845022239)
1 (45.56770466544538,-73.3838539556082)
1 (45.29364479428788,-73.60503943006994)
1 (45.516136131909505,-73.70650667030264)
1 (45.476495726715946,-73.73806701337057)
1 (45.61762233489365,-73.40622000005729)
1 (45.72880219566312,-73.41375516510907)
1 (45.46481878855702,-73.48246680966595)
1 (45.54039205331463,-73.57599831840595)
1 (45.501529839666475,-73.35455499056378)
1 (45.73904836540544,-73.70259458754124)
1 (45.438359141603584,-73.30929000246681)
1 (45.56349164288372,-73.46391427061107)
1 (45.494898744168786,-73.72336769036087)
1 (45.58036427160806,-73.61558048307587)
1 (45.4995999147262,-73.56389992620272)
1 (45.37699516346623,-73.43691422600264)
1 (45.52739463193144,-73.28326896663762)
1 (45.36846086775712,-73.56937672682628)
1 (45.54468765053288,-73.57167394856401)
1 (45.35482261319619,-73.63609719793358)
1 (45.46151446143254,-73.51227628026312)
1 (45.65240707299473,-73.53480489495851)
1 (45.56146169153979,-73.4997685008573)
1 (45.7016120506737,-73.2920894941896)
1 (45.49137175206194,-73.33348407856052)
1 (45.52295622871164,-73.34689468803347)
1 (45.34490497516759,-73.6808337848047)
1 (45.252955827688034,-73.59550477561736)
1 (45.36670749207814,-73.6258970537626)
1 (45.7418990672081,-73.47901527163191)
1 (45.43723466592259,-73.27141480794695)
1 (45.336702446640146,-73.32738328704005)
1 (45.272205019897385,-73.35022316831338)
1 (45.503771595102414,-73.59163426546037)
1 (45.68521083605578,-73.52433551004738)
1 (45.36915227863768,-73.49765730737656)
1 (45.317187057411374,-73.50642315260207)
1 (45.566245662730324,-73.54125123693308)
1 (45.432241266294,-73.32936300925269)
1 (45.48497520128389,-73.61468956599471)
1 (45.71577283002382,-73.51481361098735)
1 (45.610530640841176,-73.41005273217647)
1 (45.48786056676034,-73.55144865962689)
1 (45.624678231946085,-73.58393145242292)
1 (45.36257364209209,-73.48752038581888)
1 (45.318114121120196,-73.4918355477146)
1 (45.64216161144714,-73.57084296744067)
1 (45.6284514353172,-73.60874809800141)
1 (45.63400480893639,-73.73207913277477)
1 (45.27516991655662,-73.54474519010014)
1 (45.61775756458964,-73.3043810913605)
1 (45.51021997616506,-73.3414569964097)
1 (45.37029219861898,-73.7039800068164)
1 (45.44096142347331,-73.49637645399213)
1 (45.47685250347954,-73.36223594039168)
1 (45.71073074881985,-73.4076271783219)
1 (45.61825152679958,-73.49995338600223)
1 (45.541568401445446,-73.661782846153)
1 (45.62599882293435,-73.36943558354419)
1 (45.253501517624365,-73.30168565555502)
1 (45.339918430626675,-73.35879325306543)
1 (45.37526543036431,-73.40994190135005)
1 (45.68611953399503,-73.35644207820756)
1 (45.35246060874201,-73.52687830269883)
1 (45.4171074612458,-73.51151553080031)
1 (45.64088009714846,-73.5892231362603)
1 (45.62037356383693,-73.49808830081845)
1 (45.645105612813026,-73.72763162709705)
1 (45.40697826302831,-73.5976478011729)
1 (45.5254590111709,-73.3974055793306)
1 (45.637442247697436,-73.3551699277856)
1 (45.3500087998526,-73.43736273300371)
1 (45.628686874210615,-73.73944761851897)
1 (45.4125698387402,-73.2567917307251)
1 (45.51281504157429,-73.64798921358536)
1 (45.27249773940885,-73.43978406117002)
1 (45.28620037606933,-73.74084612614142)
1 (45.69756743707768,-73.62996486423523)
1 (45.59565258316818,-73.46614768046527)
1 (45.70733903971589,-73.61674988558525)
1 (45.45735303766388,-73.25291384766908)
1 (45.32115219244711,-73.58673643960253)
1 (45.39380543157186,-73.69388431078933)
1 (45.41225332260576,-73.53069146527648)
1 (45.404221941128,-73.62264567913849)
1 (45.2575487881652,-73.30783066006367)
1 (45.254566244375845,-73.3052563825394)
1 (45.45108975397096,-73.36468763545044)
1 (45.2849004468834,-73.51686172591783)
1 (45.318633414017114,-73.58585291749162)
1 (45.28373388288031,-73.55845968429287)
1 (45.330487982045724,-73.71821785881694)
1 (45.47174737572348,-73.2880210290614)
1 (45.260337564574215,-73.25908907426029)
1 (45.27056734936964,-73.49358497079413)
1 (45.47885588897963,-73.63164445059654)
1 (45.30619019635988,-73.42374506735726)
1 (45.30265665027982,-73.3886823726352)
1 (45.51120767833545,-73.51310759288047)
1 (45.74149100424618,-73.58747093472184)
1 (45.74516030772134,-73.29684775555643)
1 (45.29959137135979,-73.36473498414776)
1 (45.54814612891411,-73.69940720385803)
1 (45.690673929480745,-73.61142346452756)
1 (45.47923847735492,-73.30766895543138)
1 (45.42035018645705,-73.50188097112917)
1 (45.46831648377492,-73.39861427119752)
1 (45.67456182073086,-73.4714020083935)
1 (45.72758864815359,-73.38550834308671)
1 (45.32814076271711,-73.55987750522333)
1 (45.52738981290079,-73.47508046328345)
1 (45.65370997596463,-73.34734837147114)
1 (45.53975820828795,-73.69095643682833)