1500 1500
101 (45.5,-73.5)
1 (45.46787881000409,-73.49976134229763)
1 (45.492849779443866,-73.51576966616346)
1 (45.4990497787114,-73.72007783964008)
1 (45.5594227838291,-73.73591981900371)
1 (45.699142159897214,-73.66111729053752)
1 (45.72342652944816,-73.63886645043718)
1 (45.55015102705389,-73.60212122997746)
1 (45.33015380167737,-73.5131372182839)
1 (45.63569839156463,-73.42100570467137)
1 (45.627467395358615,-73.4358990971338)
1 (45.357596857867684,-73.60862442818421)
1 (45.34828686365745,-73.60198344482154)
1 (45.67793400300011,-73.27009571703447)
1 (45.26782246628445,-73.45167373822203)
1 (45.65829928435153,-73.74135208176807)
1 (45.692969019207155,-73.59235815395485)
1 (45.34951344089539,-73.6165511303852)
1 (45.50582316180409,-73.48131673922823)
1 (45.25758361262367,-73.63384253315166)
1 (45.68846324201605,-73.54345605463732)
1 (45.674595857248605,-73.50321597748037)
1 (45.70193202991748,-73.33872215155252)
1 (45.61686969209768,-73.38076056092319)
1 (45.67878797079826,-73.56921568354952)
1 (45.456937946959656,-73.29864642272801)
1 (45.61564168614094,-73.62570094845134)
1 (45.570778269138316,-73.44949521828899)
1 (45.619770075435326,-73.51724348400724)
1 (45.447210842546525,-73.29753602210073)
1 (45.2722012596368,-73.40612913677204)
1 (45.7224905067443,-73.5470492363624)
1 (45.318589253959516,-73.58301009083046)
1 (45.509859252595184,-73.54108110230943)
1 (45.68874827454874,-73.5643915291885)
1 (45.69118881682398,-73.69026716586467)
1 (45.27589197946967,-73.5761157279251)
1 (45.52583101006699,-73.5428333462011)
1 (45.477424231852325,-73.5024179225711)
1 (45.51040704918436,-73.60244895211443)
1 (45.71055319989044,-73.43042160856636)
1 (45.392505034537,-73.4805861106873)
1 (45.46805193537547,-73.70460885839573)
1 (45.601118358887945,-73.43439591199106)
1 (45.472163846336954,-73.42484407004717)
1 (45.60714596016871,-73.28984173925528)
1 (45.61795270436405,-73.57494754318722)
1 (45.36838857630593,-73.68293596048508)
1 (45.671322259863565,-73.45660852266987)
1 (45.54521347447685,-73.46940643634717)
1 (45.60148158702765,-73.32559489256)
1 (45.5954235319073,-73.5549749325863)
1 (45.482807789799104,-73.5837599782726)
1 (45.669854534002205,-73.28465979056999)
1 (45.59685879567181,-73.57126477231523)
1 (45.433838223442194,-73.40012096360712)
1 (45.70171448345748,-73.42872698122358)
1 (45.53390652802692,-73.42904566675904)
1 (45.41287528041152,-73.6586759642982)
1 (45.41397603541538,-73.70992865075684)
1 (45.25762319865715,-73.40973598647115)
1 (45.560739649586566,-73.57933140857118)
1 (45.72305085951254,-73.63537798635443)
1 (45.524106170454324,-73.55681004474603)
1 (45.516890151970564,-73.64187284739558)
1 (45.71526632511553,-73.65518230632371)
1 (45.29982266316788,-73.63724759583715)
1 (45.53232731992845,-73.72065925011661)
1 (45.32812995474026,-73.72458843197343)
1 (45.30144624137837,-73.4685980519633)
1 (45.26634243914117,-73.34895276700274)
1 (45.35000584890806,-73.62623745583349)
1 (45.39097154093837,-73.50744527959482)
1 (45.747614638484855,-73.32375811725409)
1 (45.50846045845786,-73.56668108723105)
1 (45.36057638498392,-73.589365424428)
1 (45.65316470735517,-73.30090196314187)
1 (45.36596237411347,-73.50282299686184)
1 (45.51447437958606,-73.2674294927924)
1 (45.26253329092674,-73.74497022770157)
1 (45.566115800578736,-73.37393229591139)
1 (45.69749559537929,-73.4482381443896)
1 (45.535221155740075,-73.4641520171518)
1 (45.60044069091547,-73.40503298533343)
1 (45.65393033458127,-73.45527604426488)
1 (45.678803400536374,-73.32708738285424)
1 (45.582090019648064,-73.50106275937969)
1 (45.28278964579786,-73.46948477810581)
1 (45.47604092808768,-73.3301181626541)
1 (45.491961375379404,-73.53804283745154)
1 (45.40553478315394,-73.31839058547207)
1 (45.51053020299128,-73.38809730210062)
1 (45.688498483377955,-73.49899330503776)
1 (45.58389931575415,-73.59645813857175)
1 (45.72166354932473,-73.59088269936915)
1 (45.66510675629982,-73.54641530519585)
1 (45.53400491746767,-73.74071265541443)
1 (45.466561151426625,-73.7081518348796)
1 (45.57948383974029,-73.51935386842118)
1 (45.32982458654215,-73.32377768886545)
1 (45.71576532633993,-73.29610971600347)
1 (45.53418522998376,-73.71742782775065)
1 (45.386381499132206,-73.42957813834235)
1 (45.7433759251338,-73.44647404466468)
1 (45.735238001206675,-73.26440221128287)
1 (45.25903308404869,-73.48987979295525)
1 (45.73441126456472,-73.70781996023712)
1 (45.609353489749296,-73.63408360898741)
1 (45.398860248253044,-73.67896669798698)
1 (45.251894881461766,-73.66552633755168)
1 (45.29497729799471,-73.47730164297076)
1 (45.310579741075856,-73.41204345390645)
1 (45.32382805458841,-73.60432297594338)
1 (45.298699469368856,-73.59282395101239)
1 (45.67448166253568,-73.2949039081824)
1 (45.70207995507015,-73.33849278964964)
1 (45.3980079430133,-73.47112506494017)
1 (45.60955743911075,-73.6291044203135)
1 (45.748519030086946,-73.5223964872894)
1 (45.28152711758601,-73.26844027475401)
1 (45.27405902479816,-73.7409556450628)
1 (45.64156501482173,-73.36798370468165)
1 (45.617195559674826,-73.40149563836388)
1 (45.66098700028036,-73.65330119082442)
1 (45.60284333603825,-73.36772087097789)
1 (45.48169723360943,-73.72928916697126)
1 (45.44915024534293,-73.73704542909823)
1 (45.38879133153275,-73.74885138911459)
1 (45.33620263441851,-73.39744230486635)
1 (45.40111819414696,-73.72205194502436)
1 (45.60685677352103,-73.46761966001523)
1 (45.29536726854909,-73.47964484723062)
1 (45.55417984253571,-73.42324311317645)
1 (45.317236778219495,-73.56611134881052)
1 (45.570783968917695,-73.27784137472207)
1 (45.66185131907808,-73.58294167984509)
1 (45.39676309481946,-73.48732502975534)
1 (45.52483580459546,-73.7328783162933)
1 (45.30499303650405,-73.28171669352845)
1 (45.6353158183282,-73.53019360935976)
1 (45.30523070458464,-73.39673333111256)
1 (45.682602829774844,-73.34080454932518)
1 (45.331749741963826,-73.68127997310744)
1 (45.439436016381485,-73.59913361747026)
1 (45.40317499708092,-73.29470641950617)
1 (45.66639061086402,-73.71610438114402)
1 (45.407729540736824,-73.67984714400302)
1 (45.554426064231116,-73.34451672769178)
1 (45.472283351148924,-73.70440704726357)
1 (45.52553556806421,-73.3042762761694)
1 (45.319393891162996,-73.30417401632167)
1 (45.665071815903374,-73.59055884468987)
1 (45.602954294765986,-73.63683200527035)
1 (45.403562064582566,-73.49297060761552)
1 (45.44011581773374,-73.66481652089581)
1 (45.3006888055715,-73.44312035833141)
1 (45.72482703806906,-73.72969711159882)
1 (45.409600956937126,-73.2817509004665)
1 (45.316632866825344,-73.55898973958647)
1 (45.715833246341404,-73.69468160593821)
1 (45.34730243442428,-73.25909449829828)
1 (45.551850237189704,-73.60929520395678)
1 (45.6774055842511,-73.69522259143008)
1 (45.68559443569396,-73.37015687458106)
1 (45.465133481184345,-73.74071890193338)
1 (45.4694061865505,-73.52358446445315)
1 (45.380459660732285,-73.6941050096703)
1 (45.514296611704054,-73.53659397356675)
1 (45.70916360774835,-73.71245997451919)
1 (45.323792843262055,-73.25562496148709)
1 (45.44328979639356,-73.3944245844133)
1 (45.681438201711664,-73.3748061073849)
1 (45.44729071727893,-73.66515743592342)
1 (45.336518252634995,-73.63225139843695)
1 (45.422403478811546,-73.3689894053645)
1 (45.6736969434241,-73.38598306809077)
1 (45.66573516636133,-73.46331587949312)
1 (45.583985343121476,-73.63855784099427)
1 (45.53508281140394,-73.42943414271515)
1 (45.67682864503597,-73.48132846621552)
1 (45.58568998051017,-73.47257628667)
1 (45.28608566160545,-73.3155030613857)
1 (45.54094241159935,-73.27430608201016)
1 (45.42628794886216,-73.5777700750592)
1 (45.595431053949525,-73.4857408947133)
1 (45.44980421785236,-73.55323746285849)
1 (45.52586166086139,-73.30972815479109)
1 (45.64039912211524,-73.69778989942456)
1 (45.70296585136424,-73.41414846956921)
1 (45.354163257790034,-73.71569819828072)
1 (45.35586928502904,-73.5469356398674)
1 (45.58490507913516,-73.44642114422972)
1 (45.33929847553206,-73.58619676584159)
1 (45.487833420454464,-73.40701953442904)
1 (45.693558468815795,-73.35598358073516)
1 (45.44272255066928,-73.6134587052337)
1 (45.46738935403889,-73.36980911041879)
1 (45.675740169052794,-73.565305273256)
1 (45.594610628215996,-73.72992176163427)
1 (45.28773185410508,-73.5239301971257)
1 (45.57688763622953,-73.71064191033791)
1 (45.2559938056907,-73.44431006936797)
1 (45.32700594407772,-73.58873399346572)
1 (45.58642910947296,-73.63487433865183)
1 (45.26971434870517,-73.55283005496888)
1 (45.29347091178787,-73.41857663009431)
1 (45.68049878431624,-73.52733878675295)
1 (45.276269142779896,-73.25147360199732)
1 (45.266574635213296,-73.48406695722038)
1 (45.44137581057617,-73.42257552189503)
1 (45.65893611430205,-73.2869480920886)
1 (45.594527223240135,-73.61058795727372)
1 (45.28947690944918,-73.32181629698218)
1 (45.68710956960364,-73.70939460301493)
1 (45.572997123480164,-73.60408112937108)
1 (45.45650769342424,-73.45473666775762)
1 (45.400337421703234,-73.73245212582418)
1 (45.34377525512333,-73.48952482475813)
1 (45.675932037369705,-73.4665300719541)
1 (45.30692762771675,-73.59457490340056)
1 (45.50074793003765,-73.35012437754051)
1 (45.27364712392788,-73.38528941756557)
1 (45.60987838397861,-73.68057458838716)
1 (45.49330372339034,-73.33291210963058)
1 (45.32298498810251,-73.73714654414164)
1 (45.454932170210945,-73.51146323034644)
1 (45.55533273966182,-73.52874189238588)
1 (45.335170451653134,-73.49831905170147)
1 (45.36733877496808,-73.4027025134539)
1 (45.62815193280871,-73.36762906415757)
1 (45.601356137776065,-73.67240951605218)
1 (45.68795764690003,-73.71137028162045)
1 (45.36583956557616,-73.47166931675405)
1 (45.38347286491836,-73.60281809278182)
1 (45.479091235940196,-73.3285473340482)
1 (45.425355632305326,-73.3815690484936)
1 (45.477460128540464,-73.47035274161944)
1 (45.675313272229644,-73.58798093190292)
1 (45.42616938427603,-73.62489590100708)
1 (45.388995996657414,-73.30800139559403)
1 (45.5448720046126,-73.57093264410352)
1 (45.37555502843425,-73.60683650530702)
1 (45.574585709064934,-73.41287803594155)
1 (45.47927623605695,-73.63176641656335)
1 (45.367833911565285,-73.51141485953787)
1 (45.60168807777435,-73.35064542254527)
1 (45.379620305766466,-73.69254025772226)
1 (45.68615629714815,-73.26322951463473)
1 (45.57329031449118,-73.28288663175181)
1 (45.68121602672719,-73.27745478924525)
1 (45.732383763867745,-73.67882133693784)
1 (45.48375509021823,-73.28214551435292)
1 (45.287258358840184,-73.55087226257085)
1 (45.73865074880561,-73.27136136194558)
1 (45.52356503182813,-73.41344444527415)
1 (45.637575295682105,-73.68369851065808)
1 (45.438581253622246,-73.65258612117692)
1 (45.516424285944744,-73.41233986805888)
1 (45.55095984086254,-73.70173005969102)
1 (45.598184379550304,-73.71850538303993)
1 (45.649626201515844,-73.38687963696049)
1 (45.66604610829057,-73.54218336930994)
1 (45.28835771445457,-73.52862636702979)
1 (45.280180107869796,-73.44962978884823)
1 (45.29400508624369,-73.68867931486483)
1 (45.37083381096972,-73.68710256748513)
1 (45.65836578606798,-73.48325406928487)
1 (45.650268516713744,-73.52465350013651)
1 (45.42639595807643,-73.65471257194115)
1 (45.28654549219523,-73.27253097926871)
1 (45.57674752272813,-73.59626248790944)
1 (45.673282631435185,-73.53585202851004)
1 (45.41454346449598,-73.262318296279)
1 (45.41124180560612,-73.44068268901239)
1 (45.66085444655691,-73.3692937891575)
1 (45.28996998489296,-73.71652134647557)
1 (45.72851641216566,-73.49813899781138)
1 (45.620705927470134,-73.65640978130243)
1 (45.619728948207445,-73.65085228471159)
1 (45.72537699367156,-73.59650264603872)
1 (45.46730043960066,-73.48849143353218)
1 (45.730749472625746,-73.66190607648876)
1 (45.46845649662354,-73.3878755737194)
1 (45.551658469245965,-73.61495189461758)
1 (45.32780415432397,-73.59821255054874)
1 (45.57273250666052,-73.71580431201892)
1 (45.334345074574614,-73.65730455126871)
1 (45.55414021507968,-73.56340125940373)
1 (45.34635657606566,-73.3397776704852)
1 (45.69362587074103,-73.42721342626864)
1 (45.747510319479815,-73.25694895629172)
1 (45.57446298288175,-73.60715899260104)
1 (45.36777427331835,-73.30948774003281)
1 (45.41694379150299,-73.37024291262325)
1 (45.43344410583969,-73.5099455845113)
1 (45.62963586194557,-73.50809496415744)
1 (45.32207618009287,-73.74252261959181)
1 (45.62587498869137,-73.53956112774473)
1 (45.250145074866126,-73.31210574628757)
1 (45.73082714755262,-73.54685850520079)
1 (45.51392417843853,-73.65365707461356)
1 (45.25494042059722,-73.5825343988435)
1 (45.5373889258601,-73.32644918810999)
1 (45.450720974705256,-73.51757549174863)
1 (45.25486772787003,-73.40543663902803)
1 (45.60150578684877,-73.6184938325168)
1 (45.27071680728993,-73.60422100916416)
1 (45.41326767749034,-73.5430715293437)
1 (45.29347051178123,-73.42060997438674)
1 (45.693476813119446,-73.33067664389525)
1 (45.53771981955983,-73.28668869113618)
1 (45.50465606720538,-73.3336682315147)
1 (45.62339731865807,-73.63061472646864)
1 (45.57450559004744,-73.39138897944008)
1 (45.4791977774317,-73.41701597757431)
1 (45.729335854044514,-73.38759925527371)
1 (45.374539236204164,-73.62691367806744)
1 (45.49303599465456,-73.65593699625362)
1 (45.462770352123414,-73.26651065019041)
1 (45.2599181409806,-73.50609317968245)
1 (45.61725532776261,-73.35697823323554)
1 (45.60651637342685,-73.43587318242079)
1 (45.38151881927763,-73.45454276333238)
1 (45.35478227051997,-73.37116990932472)
1 (45.53480883561992,-73.58171586406498)
1 (45.437107533971165,-73.53710465516767)
1 (45.59523631303218,-73.51643061125264)
1 (45.442217038647755,-73.30919769244278)
1 (45.54407615135619,-73.68613859625876)
1 (45.440214317542406,-73.62341049213506)
1 (45.65686492787017,-73.44859095587624)
1 (45.294924567816366,-73.73825740949798)
1 (45.56960657920086,-73.31006930985937)
1 (45.67216865406934,-73.34091479902584)
1 (45.5916977808223,-73.63525061460504)
1 (45.34371471545913,-73.67236117348449)
1 (45.3011110617777,-73.64068279355196)
1 (45.66839247255639,-73.51406250559374)
1 (45.621923872785395,-73.43601615565387)
1 (45.30421840301395,-73.53057202069117)
1 (45.38945800223197,-73.58367832518381)
1 (45.26836840201722,-73.59864470126597)
1 (45.35409439424621,-73.58859864026726)
1 (45.415447768016215,-73.37407161775621)
1 (45.661254251540136,-73.40488077279693)
1 (45.74874649798143,-73.45242039433396)
1 (45.5720879975247,-73.45599030459923)
1 (45.71403146091557,-73.56922281213876)
1 (45.55708948067719,-73.30906705959589)
1 (45.250915022862685,-73.35888164384006)
1 (45.40315369200177,-73.52238992316421)
1 (45.3929530376048,-73.74967397047809)
1 (45.62352193566134,-73.2978147301026)
1 (45.614363548757126,-73.61470878045688)
1 (45.74960911913908,-73.41717395153272)
1 (45.41862066128193,-73.32555195804193)
1 (45.51388386593137,-73.52316976266887)
1 (45.352166347630366,-73.36646276606947)
1 (45.50377254710604,-73.62121009704752)
1 (45.70509632167883,-73.6627905062942)
1 (45.57798456819741,-73.72893022031195)
1 (45.629914318835645,-73.25706147168734)
1 (45.68870657651493,-73.38481035190372)
1 (45.269312446276004,-73.43064106392717)
1 (45.74578933994558,-73.74634283661524)
1 (45.734423459899496,-73.31758674085705)
1 (45.29235178159549,-73.26162029010588)
1 (45.41610429407608,-73.4904128895646)
1 (45.53515228846246,-73.3860092292421)
1 (45.6435481565946,-73.41496914858772)
1 (45.68762835654065,-73.53774148010609)
1 (45.626886151842,-73.57348917973225)
1 (45.63868133798876,-73.44279879682682)
1 (45.433427301961366,-73.44109734158639)
1 (45.65608389077212,-73.71038400462578)
1 (45.4507994067228,-73.37166629205078)
1 (45.66981336969217,-73.40556501786773)
1 (45.38449136011065,-73.30389880648585)
1 (45.65766542853931,-73.54534584633333)
1 (45.32216066790976,-73.53786280136802)
1 (45.273177647079066,-73.33846212170478)
1 (45.2725585893599,-73.65593891088378)
1 (45.614193888171194,-73.61761600049483)
1 (45.35303808202647,-73.47024528859828)
1 (45.42932585269037,-73.27565895078939)
1 (45.456348514458135,-73.67108517935934)
1 (45.599119089527086,-73.61439832286439)
1 (45.27478398881853,-73.62781776017316)
1 (45.40890651989763,-73.34624695080143)
1 (45.49774070226473,-73.55478362320967)
1 (45.45113327497612,-73.55485286589825)
1 (45.3273518867576,-73.50052160159665)
1 (45.45636232348038,-73.72113909664512)
1 (45.67610708337413,-73.34849398548906)
1 (45.45422154753995,-73.45585165567967)
1 (45.52022608981915,-73.73189286987686)
1 (45.40822807613064,-73.34875667970272)
1 (45.38304581817219,-73.46383076852223)
1 (45.351727107803256,-73.3480456738143)
1 (45.313791922113744,-73.26732382460197)
1 (45.57610776418065,-73.32130078300467)
1 (45.50884499824508,-73.25695703585984)
1 (45.587009545588444,-73.421540052563)
1 (45.39497482045547,-73.27597561046598)
1 (45.34940865223866,-73.58840541067285)
1 (45.55700407359289,-73.32877771056097)
1 (45.28827426543958,-73.4554743257026)
1 (45.34597630703134,-73.46938892023122)
1 (45.59791055533584,-73.60996897536111)
1 (45.348141426954186,-73.61147929099033)
1 (45.64015117152674,-73.56080449378679)
1 (45.62993497501255,-73.31483953975784)
1 (45.57924845355538,-73.41496128513855)
1 (45.299615900011936,-73.676962948159)
1 (45.409600754345725,-73.64058393628818)
1 (45.44234077337169,-73.5164856450649)
1 (45.68138660362611,-73.40800255100032)
1 (45.39219068906174,-73.57771772090523)
1 (45.518725716000276,-73.3470399777219)
1 (45.602030431998195,-73.51235368227293)
1 (45.45516216971482,-73.64051170173785)
1 (45.56006750804501,-73.40568084372471)
1 (45.6820661982106,-73.68974294279141)
1 (45.28059242886038,-73.61020983077792)
1 (45.516976606130804,-73.63822045657258)
1 (45.36561927634058,-73.62963200922856)
1 (45.25095678336292,-73.32416464549308)
1 (45.49400946324059,-73.26036375012123)
1 (45.52671284025388,-73.2518504013072)
1 (45.44514943410847,-73.64666836534509)
1 (45.53252342587614,-73.42492318074746)
1 (45.40536658719755,-73.33845159227896)
1 (45.57095641016802,-73.37274970838796)
1 (45.33700594513869,-73.35830727648636)
1 (45.47589837616696,-73.42301078840504)
1 (45.612453179074606,-73.68624521452868)
1 (45.406598750598526,-73.73028642998263)
1 (45.42837823528525,-73.456763630169)
1 (45.74323120606071,-73.26130183328351)
1 (45.719086780822686,-73.53353428031907)
1 (45.644900532040225,-73.36279532856784)
1 (45.38210504075665,-73.48194852832083)
1 (45.30807420282024,-73.69763767480929)
1 (45.61398705373723,-73.2991283136854)
1 (45.581093526071385,-73.72887496178868)
1 (45.5298213882658,-73.58473636455442)
1 (45.348720058100824,-73.55978523522694)
1 (45.50602784085025,-73.6440254654171)
1 (45.4995987490041,-73.30083207921686)
1 (45.3427728489489,-73.30704704095777)
1 (45.32907010782771,-73.73156633424759)
1 (45.389695594302175,-73.5247949037834)
1 (45.40993931588743,-73.35707001424244)
1 (45.71662514276976,-73.56429024000155)
1 (45.284611254195084,-73.52445449851682)
1 (45.73958215965986,-73.3702197035072)
1 (45.29342590230048,-73.56521813245084)
1 (45.43159714963747,-73.39071865039931)
1 (45.45607956873806,-73.46393615358558)
1 (45.357740164329485,-73.37924714951853)
1 (45.56569309321484,-73.32279903834652)
1 (45.2742456759002,-73.38323700664064)
1 (45.538388890215835,-73.39493314145825)
1 (45.422729050459594,-73.31329319879264)
1 (45.5851646989027,-73.69723058314868)
1 (45.432229812650654,-73.65421383730877)
1 (45.437402360378094,-73.6855833484665)
1 (45.414179883999026,-73.53094816209013)
1 (45.662526097377985,-73.68195937179497)
1 (45.39838326803385,-73.4788426515171)
1 (45.552125148023,-73.68367644242245)
1 (45.71170719264637,-73.38813033772875)
1 (45.65128180628141,-73.3605228379557)
1 (45.745422610575375,-73.69759976032455)
1 (45.72489637519923,-73.45504137341499)
1 (45.29199568495908,-73.50173447666472)
1 (45.32447641447728,-73.44533658146915)
1 (45.25761965298403,-73.30934524267273)
1 (45.62715857419162,-73.70818281229074)
1 (45.57289030079924,-73.74982210531104)
1 (45.36765690863493,-73.53300392896715)
1 (45.530766081085034,-73.56561415957177)
1 (45.47338246935073,-73.68446313275537)
1 (45.578317471461055,-73.25640035067774)
1 (45.443154640546545,-73.29294466169593)
1 (45.27675841950183,-73.2516448427279)
1 (45.58072560239562,-73.66812693604783)
1 (45.7228658273157,-73.48383637249235)
1 (45.40576497417964,-73.68113959935512)
1 (45.69413153187521,-73.71469107449246)
1 (45.41700253937082,-73.64546507802571)
1 (45.639854451110466,-73.43095405806145)
1 (45.37490272038014,-73.6457881292465)
1 (45.39086866155583,-73.57516513806185)
1 (45.40454512945813,-73.51741482881083)
1 (45.6017168141752,-73.30986006590518)
1 (45.49331162546703,-73.66667538073092)
1 (45.47081623663598,-73.4311584914784)
1 (45.37253066185747,-73.64489327011921)
1 (45.706528512299435,-73.44954593725552)
1 (45.32740585399648,-73.34504598899879)
1 (45.52003161289486,-73.74188704063654)
1 (45.67535624565117,-73.38116075041467)
1 (45.62950690500544,-73.54931320126262)
1 (45.48932168350775,-73.63578143500015)
1 (45.35439164697215,-73.4506078505257)
1 (45.6196373892512,-73.62051115655807)
1 (45.36331081595892,-73.2800683978911)
1 (45.685757593672406,-73.68867754418618)
1 (45.51479053038934,-73.28255411717743)
1 (45.46740904846414,-73.26758604933417)
1 (45.495968424319514,-73.60653479161367)
1 (45.52368073296604,-73.64061939540392)
1 (45.62125479536006,-73.52843542208748)
1 (45.408107130949425,-73.40660938800042)
1 (45.70026144144305,-73.5784277557632)
1 (45.527978016064566,-73.57545014436513)
1 (45.32230364361194,-73.49904991649178)
1 (45.516908655325146,-73.32483982045925)
1 (45.73339366175933,-73.713640641629)
1 (45.451129913315214,-73.74333095715153)
1 (45.70088284071226,-73.71155557275075)
1 (45.342008712884386,-73.41953738713275)
1 (45.37077218712849,-73.47148798177314)
1 (45.579985032747594,-73.50638871836469)
1 (45.623200174382944,-73.74294715394645)
1 (45.38841226998884,-73.3927414475032)
1 (45.32272917135579,-73.68905300929062)
1 (45.36971376831634,-73.352448437437)
1 (45.64179067086831,-73.56128590111118)
1 (45.39081902243273,-73.51315685248706)
1 (45.30801250710242,-73.72868625680765)
1 (45.36001884289453,-73.69364728965802)
1 (45.68913963117123,-73.52022880153358)
1 (45.39317940317365,-73.59944504122045)
1 (45.58287330559763,-73.45970213871068)
1 (45.45368126930402,-73.54172712975061)
1 (45.423191707297995,-73.57740423266986)
1 (45.2774998019864,-73.25421712640241)
1 (45.3495785355102,-73.5723204778408)
1 (45.26251946476937,-73.52680228416664)
1 (45.71107405425058,-73.6721810052936)
1 (45.50947523627239,-73.25302573990578)
1 (45.59317677196752,-73.59689968270592)
1 (45.350839941498805,-73.60139962012359)
1 (45.362361751829575,-73.57337749237858)
1 (45.49352752040445,-73.36765246810886)
1 (45.52034528424458,-73.3765086295773)
1 (45.331457476417036,-73.64656772362915)
1 (45.34821353571168,-73.38245792322724)
1 (45.55482705735595,-73.2779878982523)
1 (45.399146454089205,-73.61588398905079)
1 (45.394363097071455,-73.5718519200196)
1 (45.36770605794222,-73.2527625032622)
1 (45.6908764527309,-73.60180108664757)
1 (45.72352192084407,-73.50481996575755)
1 (45.47311778301151,-73.37593233806238)
1 (45.74769474983406,-73.26031842781768)
1 (45.360233914756215,-73.44669515339217)
1 (45.251352188286646,-73.28903724668379)
1 (45.37905021593733,-73.50972147920307)
1 (45.28752941428112,-73.73677854348034)
1 (45.70095481544182,-73.26354622792493)
1 (45.58991021228224,-73.53657813050992)
1 (45.35833656359905,-73.25871853398483)
1 (45.284952683807894,-73.25003462473374)
1 (45.69632926098553,-73.65572228988904)
1 (45.62753678240247,-73.72277456264779)
1 (45.65204046310502,-73.73641708230946)
1 (45.60450945273672,-73.29305195612595)
1 (45.43049403545256,-73.67337896944886)
1 (45.73536604896614,-73.63183614151893)
1 (45.26419135625821,-73.45556318487488)
1 (45.27479546077221,-73.6164723777041)
1 (45.701496851488386,-73.49712911602367)
1 (45.28792914649064,-73.44810482447768)
1 (45.26797928669978,-73.31906064029353)
1 (45.72587303580198,-73.51553242060575)
1 (45.384391186412934,-73.29038301704506)
1 (45.676464149526865,-73.28502323128401)
1 (45.60514423324798,-73.7473203891501)
1 (45.403182296147634,-73.25684355271508)
1 (45.56193970078495,-73.37465612413014)
1 (45.613760472053286,-73.27486352312435)
1 (45.4586382046953,-73.53385082832668)
1 (45.61927574928442,-73.70558131401046)
1 (45.565504484256806,-73.25714126140936)
1 (45.65436580856634,-73.71726356509554)
1 (45.403638114572814,-73.39588602057907)
1 (45.62970457608792,-73.58863026837942)
1 (45.693702166786814,-73.41484201321367)
1 (45.47898367216342,-73.6596174209307)
1 (45.666987649968604,-73.56184858876989)
1 (45.54438457860421,-73.70423174151729)
1 (45.50140200219359,-73.61456433664026)
1 (45.61688986989967,-73.65736686925553)
1 (45.45014618643692,-73.61244420896112)
1 (45.31077005432486,-73.26368093268391)
1 (45.67664518936219,-73.42306314463058)
1 (45.40519578072483,-73.33724105348402)
1 (45.39572296681027,-73.66718457000292)
1 (45.630163623392,-73.42562063443071)
1 (45.64806337789908,-73.43664090880502)
1 (45.608786750204395,-73.26149085405906)
1 (45.40267451771996,-73.38313567284348)
1 (45.293490186033125,-73.4584781815998)
1 (45.69037461982046,-73.63449486004984)
1 (45.74976362751895,-73.46616516592748)
1 (45.62024358496714,-73.607688355823)
1 (45.54786305527735,-73.3415925694095)
1 (45.42053477740092,-73.63511001118951)
1 (45.32021560620881,-73.42147563642745)
1 (45.57571767703403,-73.40214790800054)
1 (45.7302705726379,-73.4905787158308)
1 (45.70212268229435,-73.50999460581697)
1 (45.67715253944427,-73.53729702785132)
1 (45.5160852184805,-73.52793964560114)
1 (45.52971108417454,-73.66747555847434)
1 (45.60053691821871,-73.68405505742764)
1 (45.54342467149653,-73.71184990514807)
1 (45.66866761485725,-73.3622273099067)
1 (45.364104588345924,-73.51122500962153)
1 (45.65658260799792,-73.32690704625938)
1 (45.6634582132345,-73.29661254853286)
1 (45.25080525695782,-73.58474123990905)
1 (45.48330911560497,-73.49902865705944)
1 (45.37102618528608,-73.51441991621553)
1 (45.28763461019031,-73.72550904106241)
1 (45.683675561149684,-73.35261308491633)
1 (45.5345699984101,-73.52412885809903)
1 (45.41769630452458,-73.31479096849277)
1 (45.28414172612794,-73.43142032291016)
1 (45.59032128594819,-73.55501399925538)
1 (45.45173002827568,-73.65056149069065)
1 (45.727708984941145,-73.32844675331239)
1 (45.302125129658954,-73.54806510652064)
1 (45.28296709863906,-73.61439314759124)
1 (45.65452887087611,-73.48042681157574)
1 (45.71239522782327,-73.58606807186106)
1 (45.53496756155356,-73.27029758221266)
1 (45.569702687992574,-73.67611354123744)
1 (45.669319553287416,-73.44422564441088)
1 (45.51750907994034,-73.58403571905916)
1 (45.25752461755415,-73.62086868547632)
1 (45.33561035589686,-73.40328178438364)
1 (45.40753047261212,-73.69980752289132)
1 (45.32629436372049,-73.61159366808654)
1 (45.43614495903268,-73.7466979337645)
1 (45.47841540258002,-73.46856894805498)
1 (45.46320078104939,-73.70047787397469)
1 (45.35398818489234,-73.39902666395429)
1 (45.33530297081516,-73.74270259284768)
1 (45.40373730157835,-73.70981922151006)
1 (45.41591739921579,-73.36781091466084)
1 (45.30133929291114,-73.49114921389943)
1 (45.66967218223982,-73.37623107249992)
1 (45.41001981148228,-73.29124325714315)
1 (45.25048182197776,-73.67971529154879)
1 (45.65971955016595,-73.62540255073569)
1 (45.475467456453984,-73.46014750157407)
1 (45.4182182106072,-73.58699315289597)
1 (45.62963472645729,-73.35929926701233)
1 (45.385406432550475,-73.26885677672955)
1 (45.499884066575746,-73.49761426675032)
1 (45.62632172338968,-73.37891587276033)
1 (45.38116657254897,-73.72508234337934)
1 (45.58561485092161,-73.34341484236562)
1 (45.53246184626478,-73.59661941658742)
1 (45.29378921662277,-73.33528202329984)
1 (45.6857423732479,-73.63810016993428)
1 (45.483856368765494,-73.54351529562443)
1 (45.727202566855965,-73.52729582319388)
1 (45.485976498826545,-73.61228683520109)
1 (45.57676860533449,-73.35644969491004)
1 (45.55720396030862,-73.52563075043462)
1 (45.58926851625853,-73.670078991973)
1 (45.73363300656964,-73.29512024170529)
1 (45.488630553199776,-73.48282131415586)
1 (45.36304032851447,-73.6238587901306)
1 (45.42509056961032,-73.47775031862628)
1 (45.68754634142313,-73.27040295880997)
1 (45.71462814948931,-73.56556499727397)
1 (45.69786809484132,-73.62090236261082)
1 (45.67971379021965,-73.4494127919028)
1 (45.47341260154991,-73.49678529145399)
1 (45.260938340853855,-73.28883720624196)
1 (45.355759787069424,-73.47873638675323)
1 (45.710208690596914,-73.48944583324575)
1 (45.57701060280724,-73.51550585742258)
1 (45.70793229952989,-73.56237550163148)
1 (45.37902592589735,-73.30825759325539)
1 (45.66897632249365,-73.39948638730752)
1 (45.71475832452115,-73.4177066663384)
1 (45.31517538610348,-73.69644772967155)
1 (45.31867917759385,-73.73221428592825)
1 (45.29577527732238,-73.62648292095689)
1 (45.26972936561108,-73.36030185350877)
1 (45.73143823260953,-73.7225225921348)
1 (45.64727284732798,-73.6707131024903)
1 (45.54229870254499,-73.26486932181538)
1 (45.498207891510035,-73.5971966959847)
1 (45.2960467507368,-73.29520859287776)
1 (45.591691713991594,-73.45359951677051)
1 (45.57812953088699,-73.68590555883704)
1 (45.336859980493045,-73.36765375984203)
1 (45.54289959447855,-73.48600812948585)
1 (45.278473410356256,-73.5390089937288)
1 (45.35190204659192,-73.54223195068258)
1 (45.26559954066005,-73.35860330150369)
1 (45.64348082611961,-73.6544336456232)
1 (45.70923841270863,-73.49238566958742)
1 (45.5064977434292,-73.27068392302843)
1 (45.306226903626616,-73.33269449271673)
1 (45.650196080206385,-73.4570327503736)
1 (45.70880684753193,-73.25526545730641)
1 (45.572103885517315,-73.59141418624336)
1 (45.361918359300645,-73.38888455847544)
1 (45.52636045495338,-73.42986908978754)
1 (45.61358013839893,-73.60812040126731)
1 (45.485962632543156,-73.37636907673763)
1 (45.7276445105559,-73.69736260239517)
1 (45.574165989873386,-73.45500597750461)
1 (45.592765711820235,-73.60656122982753)
1 (45.612639024955385,-73.63516610890116)
1 (45.726595775510354,-73.42560510079502)
1 (45.49695711927264,-73.29653952123732)
1 (45.620022841092656,-73.64519488863108)
1 (45.56363585835097,-73.7414194697597)
1 (45.55269312111124,-73.44735970960834)
1 (45.45714204607978,-73.26672821845797)
1 (45.738107716506065,-73.67843400706326)
1 (45.74018361969791,-73.39756041013358)
1 (45.52426205398626,-73.30135456282)
1 (45.616068265462225,-73.45776587355874)
1 (45.384095928987215,-73.50255515151602)
1 (45.64803360774563,-73.71119936501064)
1 (45.57894813480201,-73.74152972517584)
1 (45.2671902832819,-73.34974466454034)
1 (45.66776054122039,-73.37830265766348)
1 (45.6580823245845,-73.63107673829136)
1 (45.464952016012084,-73.59558770591673)
1 (45.29885775511849,-73.48035528973021)
1 (45.62068366882783,-73.6483351599103)
1 (45.511655338936876,-73.36564914363986)
1 (45.708662258060116,-73.5236600203832)
1 (45.34805204993392,-73.73687104866305)
1 (45.55867995799142,-73.37881133081562)
1 (45.49427863736073,-73.28235800307095)
1 (45.56376386804072,-73.64388652370377)
1 (45.63139946038109,-73.70596274664614)
1 (45.32510985602141,-73.42941199708393)
1 (45.326765675124136,-73.66062745519463)
1 (45.27190090901596,-73.36670447733586)
1 (45.56478916441328,-73.39189124361474)
1 (45.3076609606709,-73.73109545412467)
1 (45.44744825841554,-73.54663835926382)
1 (45.58997109791323,-73.65464421795876)
1 (45.40792397020751,-73.48862465228413)
1 (45.74617549743878,-73.42588268756126)
1 (45.48437930946082,-73.33292525381498)
1 (45.66413068432279,-73.29942832615765)
1 (45.295132161399835,-73.26642683111469)
1 (45.47410202812059,-73.3979696105387)
1 (45.341335687190046,-73.56084326838854)
1 (45.4555875765498,-73.68317102656235)
1 (45.63876837406291,-73.50846430748204)
1 (45.36114965219153,-73.60046303638643)
1 (45.446449200706724,-73.31895171673366)
1 (45.54826100351347,-73.3654749739248)
1 (45.516531706939936,-73.30797839950297)
1 (45.34972255468667,-73.45703727569322)
1 (45.337293887619644,-73.48536132900654)
1 (45.29338571982663,-73.71322193700688)
1 (45.279029268311476,-73.41156923605031)
1 (45.60271339685589,-73.49280833439597)
1 (45.38125775781996,-73.43709201900406)
1 (45.371138882460855,-73.66485461299375)
1 (45.73891310396416,-73.66913889416772)
1 (45.405233332478,-73.72372243430117)
1 (45.5550270710383,-73.72448796885398)
1 (45.47436783357299,-73.59594622959035)
1 (45.42791882512185,-73.52604029008725)
1 (45.587856963572435,-73.70875588106944)
1 (45.33201123328071,-73.58373702033553)
1 (45.44449676516139,-73.62785478381166)
1 (45.53313392923703,-73.36797868170805)
1 (45.363960312690914,-73.54422305696167)
1 (45.35153661517133,-73.53554110682278)
1 (45.31469051130363,-73.5962590104832)
1 (45.74882397976604,-73.40421284714694)
1 (45.59872992063639,-73.45448942554097)
1 (45.668637157508556,-73.69298477835453)
1 (45.34035354422686,-73.27137271712074)
1 (45.405144798013445,-73.6496025774272)
1 (45.65242126972633,-73.50838648581671)
1 (45.50827013039262,-73.27664855754854)
1 (45.72204224487375,-73.29663449252412)
1 (45.36006875493814,-73.44104964849963)
1 (45.56544450361199,-73.36562546244203)
1 (45.5727850118139,-73.71001398887411)
1 (45.350868706754596,-73.68766965299692)
1 (45.265853282478695,-73.29887874302337)
1 (45.47785577415571,-73.33250666572557)
1 (45.57647364716929,-73.54320744310061)
1 (45.531474058066856,-73.60832122863569)
1 (45.44637975562062,-73.31870567709086)
1 (45.300832130498605,-73.3812214086521)
1 (45.306029912640675,-73.32812925258929)
1 (45.26264954969664,-73.5155469765353)
1 (45.74669088338943,-73.65433939859918)
1 (45.28270823984264,-73.66204326938586)
1 (45.63074685391318,-73.44301537708121)
1 (45.28068337545712,-73.6399791898265)
1 (45.34105468921171,-73.5272648479562)
1 (45.73715297056323,-73.41270567958404)
1 (45.51127951199139,-73.73947821662686)
1 (45.69551157276129,-73.64394423351249)
1 (45.61088321510284,-73.57325350917718)
1 (45.326064019143026,-73.54426266797232)
1 (45.68080158267967,-73.26007359622213)
1 (45.674750914204466,-73.67373870640637)
1 (45.32883412325559,-73.71164853716917)
1 (45.414758637620125,-73.55772958677271)
1 (45.297383953847,-73.6494406915324)
1 (45.25569200041836,-73.39795902230016)
1 (45.510423243806855,-73.59787126318197)
1 (45.642038721272414,-73.32080081807405)
1 (45.49142332292156,-73.25706191654463)
1 (45.490330773871264,-73.49868135064538)
1 (45.41947629078541,-73.59469607970692)
1 (45.47270812324141,-73.60894115735)
1 (45.35694897971381,-73.30468947919917)
1 (45.25351636967806,-73.45728877320616)
1 (45.33874770933618,-73.57284045837326)
1 (45.6251206532578,-73.69014798669895)
1 (45.560635908584494,-73.36648559231337)
1 (45.669293638578814,-73.35174258578857)
1 (45.34203502896096,-73.72641704624448)
1 (45.391336645798475,-73.6076808269773)
1 (45.36735222427571,-73.28492319113535)
1 (45.735518306578236,-73.25709443386941)
1 (45.42911658528813,-73.46379473189967)
1 (45.492466282890945,-73.69005540747757)
1 (45.50606930031267,-73.52049401445457)
1 (45.35182304307495,-73.71603642356965)
1 (45.509840891979096,-73.30941547396564)
1 (45.73677783629193,-73.69259895035611)
1 (45.42496247390887,-73.3082709266847)
1 (45.58101238334642,-73.6212858930703)
1 (45.34869578232907,-73.62711377975964)
1 (45.37314893602472,-73.34986369297798)
1 (45.60953053354552,-73.36937137137308)
1 (45.59896484799892,-73.72660179592623)
1 (45.70618534512474,-73.35048587630232)
1 (45.657438929419314,-73.49319528950433)
1 (45.26256224196171,-73.30036881492576)
1 (45.41312015681962,-73.37822949685966)
1 (45.538342889800596,-73.28085522666825)
1 (45.27436058292632,-73.26275329742923)
1 (45.26977774682353,-73.63869905982656)
1 (45.55462981631033,-73.43357097991773)
1 (45.74070805113817,-73.38838128864694)
1 (45.38242910516686,-73.31828027490708)
1 (45.49997334415021,-73.47710837182086)
1 (45.574249220483736,-73.70887722859749)
1 (45.54809604875759,-73.42685863434268)
1 (45.674566724863055,-73.32791667595117)
1 (45.61349736853437,-73.37519007309973)
1 (45.297049235002646,-73.67275973684464)
1 (45.326487394185186,-73.54775298123468)
1 (45.4719409399471,-73.38935818482867)
1 (45.67788562680567,-73.69105685515434)
1 (45.416025542078806,-73.47731792915593)
1 (45.61836600486707,-73.47402119744625)
1 (45.49361444425074,-73.41265244948956)
1 (45.51448436151651,-73.33119522864284)
1 (45.6296838167946,-73.29367944496589)
1 (45.427834014187155,-73.66926220799871)
1 (45.56958506041467,-73.36893220180723)
1 (45.32488883679889,-73.29154941236865)
1 (45.653678807373325,-73.29375022573572)
1 (45.356831225683685,-73.31274538423636)
1 (45.68979356248528,-73.68438137801596)
1 (45.27102576021358,-73.73788123144897)
1 (45.561585580050995,-73.49497102837393)
1 (45.32878752659975,-73.26586375670566)
1 (45.40667778761857,-73.43373137985981)
1 (45.30770761451449,-73.7484530846287)
1 (45.53488087814102,-73.55987753064916)
1 (45.261036175434256,-73.59055842878362)
1 (45.7338508793805,-73.36258422022378)
1 (45.69148708687224,-73.71708070355557)
1 (45.72721291182383,-73.51726079006096)
1 (45.67231632705756,-73.55526143820664)
1 (45.30848203598672,-73.64285939946325)
1 (45.714639576347565,-73.28960275279569)
1 (45.57303748727471,-73.74672477851878)
1 (45.336692683981326,-73.43890374554303)
1 (45.70995765439955,-73.64066150579737)
1 (45.33810211244489,-73.58181398222955)
1 (45.49569879538733,-73.44343817525335)
1 (45.72022058891787,-73.31853533226494)
1 (45.45240126970227,-73.35086527049837)
1 (45.52219659475623,-73.30190890982689)
1 (45.59503292889337,-73.65487702482632)
1 (45.56168452544977,-73.40110416569424)
1 (45.29363008753625,-73.52771510477001)
1 (45.67896564554751,-73.27548287682606)
1 (45.51957209423351,-73.35635527502441)
1 (45.58373830841738,-73.33494104700516)
1 (45.62812657980166,-73.41573586022294)
1 (45.29494911568257,-73.74613733783201)
1 (45.35342797813557,-73.40714002874667)
1 (45.445774979273715,-73.31149707348193)
1 (45.35660296748415,-73.3602517690598)
1 (45.39822939790141,-73.69973627628723)
1 (45.472931993110976,-73.6039483570329)
1 (45.674854520376414,-73.64288074238942)
1 (45.749736930423154,-73.45181036175724)
1 (45.66857365862819,-73.33536063390713)
1 (45.45311088790267,-73.4236226451779)
1 (45.43601764561,-73.37574140902892)
1 (45.448656520621164,-73.73380843384147)
1 (45.61450110879812,-73.68100759610512)
1 (45.729075562579474,-73.4217811663422)
1 (45.62831361367013,-73.37704611516119)
1 (45.36975249597488,-73.37761658014793)
1 (45.366103443505175,-73.72708162572425)
1 (45.34240146627668,-73.62924103714357)
1 (45.41787034002954,-73.70229655624814)
1 (45.406396211215245,-73.60449955070077)
1 (45.2574466491907,-73.32572414298012)
1 (45.72757845080541,-73.66301011925475)
1 (45.4443348172472,-73.4317331701678)
1 (45.44514109294743,-73.5086290769881)
1 (45.49738211073475,-73.47902865825007)
1 (45.61860840225122,-73.64364492835917)
1 (45.562012086112965,-73.53507309722728)
1 (45.33898589145705,-73.31048611356948)
1 (45.352595377357474,-73.51418835619636)
1 (45.28082870632371,-73.38577142368948)
1 (45.602030748662564,-73.70032897550226)
1 (45.60527785165767,-73.44494930397894)
1 (45.391720568121244,-73.51862278512144)
1 (45.39803959018085,-73.70356551225788)
1 (45.26686326928062,-73.43725542936069)
1 (45.74083387291144,-73.26336670154194)
1 (45.46434852634636,-73.28313085493377)
1 (45.5700136907877,-73.5479900478708)
1 (45.39352912570712,-73.64097015186981)
1 (45.67185786342776,-73.50390743858547)
1 (45.71375699802905,-73.37611672684206)
1 (45.500465642938735,-73.56758543843357)
1 (45.446808910878545,-73.6762963160091)
1 (45.48123225093839,-73.55949032623089)
1 (45.54719076103526,-73.34693551130889)
1 (45.58056016738879,-73.55961048890087)
1 (45.72879760015611,-73.41837341282897)
1 (45.68076203789309,-73.4475862533373)
1 (45.612519968983136,-73.43140589754861)
1 (45.69803650810091,-73.65333052259825)
1 (45.41612504389412,-73.56008320304905)
1 (45.42094927719262,-73.26119119169654)
1 (45.45510484147871,-73.50753619524178)
1 (45.72702748671485,-73.4422495535563)
1 (45.66117173226271,-73.37183779455385)
1 (45.655876151812265,-73.25526677663044)
1 (45.653694662869036,-73.42451109428988)
1 (45.278651257937646,-73.65708344454984)
1 (45.6186082163784,-73.474276543456)
1 (45.405774940389136,-73.59794527381639)
1 (45.35918944842015,-73.70298556740354)
1 (45.417453881223096,-73.34627091661598)
1 (45.38358599796333,-73.5594189141191)
1 (45.38486280998274,-73.69079583816253)
1 (45.28509222145759,-73.47973321762257)
1 (45.67378090047508,-73.40581923670952)
1 (45.45290820080613,-73.3708198803265)
1 (45.387019587696884,-73.33744886438213)
1 (45.32348007783754,-73.44469564084736)
1 (45.307155916756294,-73.67528155730336)
1 (45.4455081007409,-73.62827500671324)
1 (45.44688676902196,-73.41487548782564)
1 (45.58532226068323,-73.3934797888304)
1 (45.400744446320296,-73.69166267871309)
1 (45.443563674680306,-73.4576218708788)
1 (45.41896570224432,-73.57661886758211)
1 (45.28897311255561,-73.39335028641209)
1 (45.491981067574706,-73.56805015207365)
1 (45.440576196990605,-73.26118486471474)
1 (45.74229323285864,-73.39227433648512)
1 (45.54566844464233,-73.43576337180019)
1 (45.56943801145787,-73.33876761668236)
1 (45.507741166679054,-73.33941015829963)
1 (45.28327284046234,-73.70251512826619)
1 (45.71585295544104,-73.32348957386459)
1 (45.39101338137606,-73.48784721140473)
1 (45.414939433494126,-73.44923768980681)
1 (45.27423937697926,-73.34396071061151)
1 (45.635167264598024,-73.41537182877406)
1 (45.703517034248804,-73.25261802463778)
1 (45.56767704110224,-73.35975716966809)
1 (45.49033565103331,-73.27318446789258)
1 (45.63392237691719,-73.72676598975937)
1 (45.568732305084225,-73.6692072399886)
1 (45.74630145055046,-73.34069477244927)
1 (45.43227885928575,-73.49415769154578)
1 (45.39888987770514,-73.25871054781369)
1 (45.62603169231369,-73.70175113960268)
1 (45.25882267335471,-73.39427767976935)
1 (45.407595016424565,-73.56842671500422)
1 (45.35123591661098,-73.30387253574051)
1 (45.74662462297763,-73.67211262602527)
1 (45.74366715996229,-73.41602303223503)
1 (45.527899596961305,-73.36232008037601)
1 (45.33942708368628,-73.35231640728345)
1 (45.6595153963654,-73.58190225689232)
1 (45.483692708432564,-73.34499838294201)
1 (45.26480235798441,-73.56048257749761)
1 (45.57093640246195,-73.59514273336303)
1 (45.2542495183334,-73.29359953156526)
1 (45.7177925110307,-73.73910049736226)
1 (45.33201461190387,-73.35003315804063)
1 (45.331577420832744,-73.39904374929827)
1 (45.39052640942015,-73.41257154694067)
1 (45.56141641358869,-73.58589923081507)
1 (45.286237011468494,-73.55464336786007)
1 (45.666294665524504,-73.49982243485104)
1 (45.66975677721374,-73.5867855715594)
1 (45.272337501603154,-73.5345936077384)
1 (45.364405970804285,-73.37283341574658)
1 (45.3202384595612,-73.53792214234447)
1 (45.74864260256279,-73.31601272602683)
1 (45.72299224066111,-73.60962670357281)
1 (45.6998768182828,-73.74978260745237)
1 (45.3639523424299,-73.434013577628)
1 (45.39985806361382,-73.73731941200077)
1 (45.565722184580295,-73.34150643484813)
1 (45.68512191300144,-73.28695105826223)
1 (45.551501118437656,-73.47768602620556)
1 (45.64990931373866,-73.72864353247257)
1 (45.70224544532764,-73.62537895886807)
1 (45.37352171265113,-73.46880955826576)
1 (45.58536774688161,-73.37728975968493)
1 (45.449251396356566,-73.54725222382912)
1 (45.29368597163018,-73.49290170290122)
1 (45.43782704317977,-73.36097446262413)
1 (45.5869471405043,-73.39397629507248)
1 (45.4547403654515,-73.59487813869582)
1 (45.672488871320034,-73.35796278760348)
1 (45.3278705543016,-73.30904454431719)
1 (45.6964649778221,-73.55798373636917)
1 (45.62949870479962,-73.27633101867468)
1 (45.64254985040493,-73.67179377889869)
1 (45.39510568204143,-73.54243649167472)
1 (45.351149733634635,-73.34021365865078)
1 (45.490272207839574,-73.29338145814214)
1 (45.27888682136659,-73.298022574021)
1 (45.37655100923165,-73.46251622287068)
1 (45.41548602957765,-73.5271467752638)
1 (45.45735648943161,-73.59071385526543)
1 (45.46318193621766,-73.2932134639787)
1 (45.255718348876066,-73.26932261400256)
1 (45.462377289235135,-73.42214397870518)
1 (45.38717112380034,-73.54574523161016)
1 (45.516522085643736,-73.65344098815359)
1 (45.64310257913451,-73.45618069000054)
1 (45.62904614612519,-73.37117985053129)
1 (45.49255967303924,-73.36910694257499)
1 (45.41566599682649,-73.46244470897719)
1 (45.44381135740171,-73.57650104262608)
1 (45.59650026497515,-73.4860553836009)
1 (45.48089364890037,-73.55758609786174)
1 (45.70416607185728,-73.25191163788175)
1 (45.70491281301472,-73.56206247637601)
1 (45.36639222204078,-73.31313679220541)
1 (45.36505852696143,-73.61632356893054)
1 (45.33467314776612,-73.25943317597195)
1 (45.660079506250405,-73.74707459812342)
1 (45.634101116061075,-73.57066735828245)
1 (45.52740004588309,-73.64206547342864)
1 (45.30375210773375,-73.64468357256135)
1 (45.61410650355219,-73.62731739228886)
1 (45.6818643507124,-73.45269918554034)
1 (45.74170872085911,-73.7342649800154)
1 (45.56553673685329,-73.59936665698602)
1 (45.434881949780255,-73.25865453090138)
1 (45.34078747249508,-73.37269161969994)
1 (45.483320934357266,-73.57583134219796)
1 (45.33555175573443,-73.66147768665188)
1 (45.5453881401612,-73.57421732250698)
1 (45.695560471388525,-73.39482332961614)
1 (45.48241450717657,-73.40032303812806)
1 (45.52103023532696,-73.419427420631)
1 (45.433311185883845,-73.27455622437243)
1 (45.33070832762524,-73.47606491551853)
1 (45.600577057039594,-73.437381854194)
1 (45.639054434289925,-73.66657494511351)
1 (45.32083747345785,-73.32005676606306)
1 (45.54220423799683,-73.51705885659457)
1 (45.735725088723214,-73.30320483033604)
1 (45.70884836286598,-73.44171643081084)
1 (45.262215075111456,-73.42991670080875)
1 (45.563273427976775,-73.59485369768245)
1 (45.58545214157346,-73.67785090864504)
1 (45.7295499693011,-73.26607652370578)
1 (45.561658090553195,-73.36698137802317)
1 (45.47821584523759,-73.62553939533007)
1 (45.72388396448461,-73.48617915474358)
1 (45.479791271395484,-73.26234935180449)
1 (45.529172155604705,-73.6627340975112)
1 (45.6230757116275,-73.57983063730592)
1 (45.57211890635239,-73.6742155089933)
1 (45.500414414907596,-73.71633584556093)
1 (45.71687926566771,-73.31173834559726)
1 (45.396986158403706,-73.74964502229075)
1 (45.46733160011502,-73.54774480664264)
1 (45.746651873363746,-73.51672453716775)
1 (45.403419929740224,-73.3398289382049)
1 (45.53301700746915,-73.43872305167127)
1 (45.66061818427127,-73.514925064937)
1 (45.521098908830815,-73.28356240599899)
1 (45.719010873725395,-73.52534860231707)
1 (45.50235386007991,-73.3253366376256)
1 (45.698661009604024,-73.44972082473414)
1 (45.42380631076428,-73.370962857168)
1 (45.428736357176874,-73.42772732259556)
1 (45.35063665635292,-73.62013320980712)
1 (45.26929116068018,-73.2679525185698)
1 (45.68082172247878,-73.30459759047503)
1 (45.516651333400105,-73.25270092870984)
1 (45.3902857143042,-73.51716215089328)
1 (45.71602666162454,-73.68275857448533)
1 (45.33750749412249,-73.58951934612548)
1 (45.338274423921064,-73.45846600800989)
1 (45.29764346762678,-73.3111304682173)
1 (45.55166478887045,-73.48126737284869)
1 (45.427963375427666,-73.69886225841634)
1 (45.734048888813035,-73.38206798789697)
1 (45.28876003387298,-73.42893461428875)
1 (45.42600634920908,-73.5392756723482)
1 (45.35688188653575,-73.4289668223978)
1 (45.621349873092136,-73.5403192601854)
1 (45.67265065716165,-73.49851531499199)
1 (45.62779024525749,-73.66573058886283)
1 (45.35516490741238,-73.68147628293912)
1 (45.707615779121326,-73.63454416573224)
1 (45.705853220404855,-73.453082195334)
1 (45.32591630215098,-73.74381186632316)
1 (45.49562921611697,-73.6079513059192)
1 (45.59218209366231,-73.6634477600568)
1 (45.29711394940587,-73.5437552813227)
1 (45.380034584447856,-73.51041137052965)
1 (45.380129296650196,-73.42754990860894)
1 (45.64939573185672,-73.42340530861188)
1 (45.73602941069062,-73.50867000020902)
1 (45.67557932978908,-73.69080671268053)
1 (45.73442555270082,-73.60331934877857)
1 (45.710588014434386,-73.5504691977355)
1 (45.744472869544985,-73.52159274649829)
1 (45.56332549360744,-73.58032578083903)
1 (45.27212594626643,-73.43764703527845)
1 (45.68748442611171,-73.6333903626819)
1 (45.274633315011265,-73.41809383340437)
1 (45.608546184165675,-73.5397991792247)
1 (45.31402931295365,-73.52241720060498)
1 (45.404629245401054,-73.30195088523287)
1 (45.60249503577689,-73.57232460285415)
1 (45.47984912005409,-73.74659730512936)
1 (45.27419832450378,-73.35442030506769)
1 (45.53340320496991,-73.56990482876081)
1 (45.39058608723628,-73.67244577821164)
1 (45.432769975919626,-73.41804911177151)
1 (45.749090458382504,-73.30156192424494)
1 (45.645212298847774,-73.58682410853059)
1 (45.51882366404408,-73.51775373969667)
1 (45.46820113226199,-73.59903922355988)
1 (45.57107475499009,-73.48041817502632)
1 (45.52642583228973,-73.32814617081377)
1 (45.6072844464946,-73.33555168373331)
1 (45.370733691343474,-73.48058053031073)
1 (45.31266288251817,-73.48068432389537)
1 (45.52264190882559,-73.62772053564763)
1 (45.27972822189292,-73.4908125361925)
1 (45.45699083918909,-73.59115887101042)
1 (45.352782286284004,-73.74706372588324)
1 (45.304858386973635,-73.33215101779018)
1 (45.3417027561202,-73.33668050253277)
1 (45.489030985693105,-73.57764689268973)
1 (45.741419804732935,-73.30414371922025)
1 (45.57512751977451,-73.73123032680147)
1 (45.67205810107485,-73.3288580912766)
1 (45.332898394004765,-73.6675838253865)
1 (45.72396371147893,-73.38480547137927)
1 (45.35427233570105,-73.29376429666111)
1 (45.251698413774776,-73.40192552735307)
1 (45.56739987649576,-73.27961814327901)
1 (45.41157239048521,-73.3977147032863)
1 (45.619242895868624,-73.61308218135676)
1 (45.378399521231074,-73.48063941037128)
1 (45.37318521260275,-73.62390989394503)
1 (45.70889774159084,-73.54443999309414)
1 (45.68269063138817,-73.3415302482272)
1 (45.741520213746355,-73.37425748592649)
1 (45.657209802517585,-73.50928966955412)
1 (45.735491445254034,-73.27174570177877)
1 (45.33233878030237,-73.26824531038541)
1 (45.65543550447316,-73.67693643343189)
1 (45.49265746161307,-73.44897101312414)
1 (45.60222221724563,-73.6196063821415)
1 (45.37272707206787,-73.56950524746631)
1 (45.37551992356744,-73.67224951250115)
1 (45.57940157527888,-73.5316131777699)
1 (45.52903220079006,-73.40048937447541)
1 (45.336908831760844,-73.63595320445324)
1 (45.54550896928848,-73.61487096019884)
1 (45.55508267924296,-73.39953106560286)
1 (45.41536054120547,-73.52045270752394)
1 (45.26067861844124,-73.25599257370713)
1 (45.45006692221601,-73.63747402216183)
1 (45.61188065152548,-73.55084934244071)
1 (45.599562361320935,-73.6276049744626)
1 (45.536908491621936,-73.30964934191925)
1 (45.371388984748506,-73.40588943912833)
1 (45.499059547573054,-73.5573974544029)
1 (45.66865118644768,-73.64847420194896)
1 (45.49257100910213,-73.5021990225952)
1 (45.4736660451855,-73.52057139481258)
1 (45.616363380204184,-73.66514244941878)
1 (45.304693078160355,-73.64783252725795)
1 (45.456027173045946,-73.54185470736248)
1 (45.264240121690236,-73.53741760137501)
1 (45.528340723176825,-73.6189566761764)
1 (45.27918033567564,-73.32252345940393)
1 (45.70715737168617,-73.54081338592863)
1 (45.3052784985882,-73.3559906141078)
1 (45.35467650333906,-73.4285168276796)
1 (45.33171323642562,-73.31483890061982)
1 (45.32791343295117,-73.29395723562045)
1 (45.47479494929925,-73.59818704786046)
1 (45.61660890860228,-73.66713171114061)
1 (45.29431762618454,-73.40599237254362)
1 (45.59586999758248,-73.46450684034149)
1 (45.7008458534678,-73.47540172349545)
1 (45.744509683565916,-73.2702951703975)
1 (45.44772672976345,-73.52523575386803)
1 (45.68835328706296,-73.58092314791153)
1 (45.717729628665936,-73.51723359943728)
1 (45.576705892769844,-73.67576130043992)
1 (45.720955093214315,-73.38516605948503)
1 (45.58972529883425,-73.62435517405444)
1 (45.51801730286037,-73.40978019250532)
1 (45.30462119616072,-73.52193877138801)
1 (45.47049296522798,-73.42876936299027)
1 (45.719401761168534,-73.360930086909)
1 (45.299242666644524,-73.5665676522928)
1 (45.444314876936104,-73.49640107740746)
1 (45.70044912925057,-73.6487486123712)
1 (45.42318177959044,-73.44818287776974)
1 (45.32907987985532,-73.43016312250134)
1 (45.539496737132986,-73.30130961358746)
1 (45.70997037106814,-73.71468229545734)
1 (45.595467406631336,-73.71992216625078)
1 (45.27783675923467,-73.37751631134995)
1 (45.42609582172772,-73.57754657135307)
1 (45.2792656641644,-73.7185607235835)
1 (45.324951226999275,-73.42882920774376)
1 (45.692091923503526,-73.47707733287633)
1 (45.51346138836268,-73.50435428349257)
1 (45.630563179370675,-73.72424698317593)
1 (45.58135006701225,-73.60108694566082)
1 (45.40830378036472,-73.72073738734645)
1 (45.66227393072961,-73.66627816210836)
1 (45.525328406003545,-73.6814092007783)
1 (45.585763006059764,-73.53233596399234)
1 (45.33021963238531,-73.72863940592036)
1 (45.36424465409861,-73.65420988664872)
1 (45.48407121161262,-73.63947120475478)
1 (45.63223171325857,-73.32925419384614)
1 (45.61891290490098,-73.29990539542851)
1 (45.55368130415493,-73.74232782514171)
1 (45.74007027282034,-73.57212833722035)
1 (45.25308143235408,-73.27605730027832)
1 (45.46927671701408,-73.55732745566918)
1 (45.50599865450023,-73.35773165498777)
1 (45.663342819860105,-73.4979753392486)
1 (45.745620403339885,-73.68021657700558)
1 (45.27180183235523,-73.30906925351039)
1 (45.403251662014064,-73.43456774547406)
1 (45.51618785534856,-73.45779317094025)
1 (45.70277630834251,-73.72669129393537)
1 (45.58346719950437,-73.62542490012979)
1 (45.27176944269508,-73.61944260736884)
1 (45.526631009690426,-73.28404161862218)
1 (45.31524737750697,-73.74497223197186)
1 (45.45657114481815,-73.50368203430227)
1 (45.621968252266605,-73.66992088607728)
1 (45.39109910051933,-73.47310462899131)
1 (45.33774664184745,-73.6682334804188)
1 (45.29933135677901,-73.36913607669541)
1 (45.74542145652784,-73.26290502117763)
1 (45.44265259955136,-73.3458351591431)
1 (45.736917285448236,-73.33888916810766)
1 (45.56708180284398,-73.53530242455466)
1 (45.74926483592293,-73.30469336546881)
1 (45.346104055628366,-73.55694652327755)
1 (45.66349731948372,-73.68985217749491)
1 (45.70789472908438,-73.62137363742016)
1 (45.53301506402278,-73.7095136740068)
1 (45.306350599096525,-73.38879693934035)
1 (45.516311526717296,-73.70579158363736)
1 (45.411455760659926,-73.29996818581697)
1 (45.5378797975241,-73.48832874508531)
1 (45.40124876628699,-73.6401144240303)
1 (45.49066910383889,-73.44368575180565)
1 (45.33502034655061,-73.62321799609931)
1 (45.723637236087136,-73.364711179517)
1 (45.27535959415564,-73.29520858669386)
1 (45.628744745409975,-73.26696803308464)
1 (45.60527966717272,-73.55024141181973)
1 (45.35316342942888,-73.50958414075383)
1 (45.55589230207973,-73.53421644446075)
1 (45.51452165265523,-73.32256172722589)
1 (45.519963976356266,-73.67404851050586)
1 (45.28968540978553,-73.36162493691657)
1 (45.47717441773618,-73.51992907363723)
1 (45.38087437105716,-73.66510150169498)
1 (45.49801175335508,-73.52092572776631)
1 (45.63683828187452,-73.37512828864539)
1 (45.324976868950415,-73.271745850907)
1 (45.52136963079366,-73.3076377908925)
1 (45.45213257303694,-73.67034655997051)
1 (45.67660438944827,-73.41212621932564)
1 (45.43702175315397,-73.31230333404989)
1 (45.524363380822294,-73.35312133841475)
1 (45.382591857583506,-73.31845529369865)
1 (45.6852126644928,-73.37056142042492)
1 (45.62100114615248,-73.6473255543547)
1 (45.47197203046377,-73.73596461122368)
1 (45.61604581645351,-73.2831705592835)
1 (45.33207640109786,-73.51531092791272)
1 (45.47643504554703,-73.51424264005097)
1 (45.37149613026649,-73.47797700644828)
1 (45.73825442873968,-73.32395573487157)
1 (45.491847303006914,-73.35385702582848)
1 (45.73169656836669,-73.71012454666156)
1 (45.711874561884166,-73.73797065046767)
1 (45.3945007932996,-73.52430281578594)
1 (45.424664318819765,-73.27340230610189)
1 (45.332532412573535,-73.6844769737883)
1 (45.66274733836304,-73.30933382648176)
1 (45.256544875879385,-73.35997694325631)
1 (45.40467504307544,-73.53122554364602)
1 (45.643406929240605,-73.45744609894614)
1 (45.558705207505405,-73.59486872963713)
1 (45.57993979607119,-73.45106819612302)
1 (45.50190796249505,-73.56507558032281)
1 (45.74799773683316,-73.29897919678217)
1 (45.4363041559807,-73.46319050768292)
1 (45.40053884351107,-73.37089770174434)
1 (45.347573754020594,-73.4653998134716)
1 (45.460171019502496,-73.47948791213095)
1 (45.51642285411379,-73.26598452091756)
1 (45.54402122832232,-73.25982478519833)
1 (45.33787351532326,-73.32620434476442)
1 (45.28176485433013,-73.27756111740648)
1 (45.64954139606697,-73.6704185596089)
1 (45.747264766386664,-73.36700224653575)
1 (45.356392324407125,-73.56634254526614)
1 (45.668508333177186,-73.3052741563099)
1 (45.366519095948355,-73.3360069563742)
1 (45.31539366463599,-73.51812634733965)
1 (45.72015609466338,-73.68802896952897)
1 (45.590404917209,-73.58664145278233)
1 (45.30244989200366,-73.34022359619793)
1 (45.363329424407816,-73.38222870438197)
1 (45.679429812801956,-73.31437554223696)
1 (45.49790800954203,-73.69975929090667)
1 (45.38617311569874,-73.63216041512155)
1 (45.315673031782296,-73.28555666790689)
1 (45.42633547991818,-73.72274674533935)
1 (45.43021682272985,-73.66818562920439)
1 (45.313017958057735,-73.66852855792206)
1 (45.46374668763744,-73.69558931900151)
1 (45.69236764568105,-73.46573087447474)
1 (45.62702084318492,-73.66210387796535)
1 (45.443359736516214,-73.26129887894504)
1 (45.5036228998882,-73.37323577161739)
1 (45.63988485962601,-73.54652402184429)
1 (45.6300207941645,-73.44481749188073)
1 (45.394565970553906,-73.54127871426519)
1 (45.60396941043833,-73.56626268646035)
1 (45.37765503757215,-73.4905238878636)
1 (45.4855544180436,-73.375122198584)
1 (45.718910589158504,-73.31692188873735)
1 (45.677537879893485,-73.4919980436653)
1 (45.55553285480531,-73.52993011972968)
1 (45.28465507263562,-73.65110286065611)
1 (45.68503411819773,-73.48266862906542)
1 (45.65512439650775,-73.73235772757128)