1550 1550
101 (45.5,-73.5)
1 (45.61834748069655,-73.49314810414394)
1 (45.401871354250474,-73.35590172836999)
1 (45.30552834583966,-73.50611246193638)
1 (45.685830220425224,-73.53924219030512)
1 (45.424078479550246,-73.36579319172448)
1 (45.41917578322853,-73.74100499504874)
1 (45.37822319861464,-73.39829091363332)
1 (45.31245049813791,-73.42334965435695)
1 (45.55639834508805,-73.36509201585305)
1 (45.34629076091526,-73.5575945575991)
1 (45.43375421077473,-73.44639678097523)
1 (45.29581944390325,-73.27445310222949)
1 (45.286659422582495,-73.74447796172075)
1 (45.37375986734246,-73.6215118680175)
1 (45.60698864364416,-73.36320697998757)
1 (45.38693985342771,-73.6361876958834)
1 (45.26540368232133,-73.42017767556094)
1 (45.520092675053164,-73.67238064059433)
1 (45.5748883582202,-73.3825258278329)
1 (45.470725152261814,-73.63339556486173)
1 (45.64847329585647,-73.38658525632604)
1 (45.65931114461106,-73.46243543099915)
1 (45.32838758339939,-73.7049395297123)
1 (45.63018225026974,-73.42507484050903)
1 (45.48780006521172,-73.26222128429217)
1 (45.540225758604905,-73.38560290040125)
1 (45.67086367191274,-73.57317890135566)
1 (45.30486296875978,-73.43097987144259)
1 (45.3419521147137,-73.68307346668415)
1 (45.533769537919866,-73.33238262062065)
1 (45.46077905712537,-73.63138702058015)
1 (45.342412635739144,-73.45491933005364)
1 (45.6865155789704,-73.63511557424263)
1 (45.46971803375645,-73.33107429679376)
1 (45.741072454355425,-73.59758893166753)
1 (45.367043552549454,-73.70279929048229)
1 (45.32938983449773,-73.69280194428906)
1 (45.54912342054242,-73.41089833432979)
1 (45.52287739693315,-73.65365995075328)
1 (45.51376170010368,-73.56845803627239)
1 (45.66107398244133,-73.50533403422047)
1 (45.443790809295336,-73.49755660801522)
1 (45.61614640024936,-73.33208978165953)
1 (45.7021747865869,-73.43533942855625)
1 (45.69502306656402,-73.74749614825338)
1 (45.31912501461468,-73.52678022965738)
1 (45.52475864657396,-73.5538390387939)
1 (45.74870961368622,-73.61705183511883)
1 (45.47815191648554,-73.62685710074506)
1 (45.641675660167806,-73.33641130250977)
1 (45.54868956957516,-73.34658530086453)
1 (45.741067090454905,-73.43485943256496)
1 (45.57656485075035,-73.41413474147123)
1 (45.25770903838793,-73.27256544769409)
1 (45.36082019779269,-73.64765528830792)
1 (45.72374288305192,-73.30515269940025)
1 (45.46658931970008,-73.33852018441961)
1 (45.3541345831714,-73.32042208713641)
1 (45.45096460246799,-73.470940366411)
1 (45.36844183947218,-73.5849451171398)
1 (45.28619164449519,-73.5647586021483)
1 (45.538114345215334,-73.44518916764963)
1 (45.45469348407312,-73.5920919185956)
1 (45.42821436749841,-73.29844276687045)
1 (45.5268529210866,-73.34378354275266)
1 (45.396683272903644,-73.70378945596599)
1 (45.50953196354487,-73.28129373596688)
1 (45.399142871462416,-73.74273392406245)
1 (45.3709833386142,-73.30370157561008)
1 (45.52270878896528,-73.56281501857119)
1 (45.4061098398084,-73.4879081426828)
1 (45.4384063403649,-73.34564524592383)
1 (45.504952843197074,-73.72292407765997)
1 (45.618517491889754,-73.73329704222097)
1 (45.426842346069186,-73.25629276855307)
1 (45.71255121901875,-73.52381176212678)
1 (45.36281648227417,-73.50224323833483)
1 (45.4135172078282,-73.70783747115593)
1 (45.38971947646798,-73.52708487841407)
1 (45.47479677024885,-73.66400719986954)
1 (45.3808123716361,-73.42764894216253)
1 (45.25714262057106,-73.56064989629233)
1 (45.53978221732599,-73.35325006165519)
1 (45.295202877274086,-73.7257817758719)
1 (45.46771056442738,-73.6906834916718)
1 (45.37345241848333,-73.44605596006289)
1 (45.55586353478277,-73.43519227712424)
1 (45.49252864704165,-73.33845422096107)
1 (45.52109082758979,-73.5081311164684)
1 (45.38870626421956,-73.60598464140499)
1 (45.56517247913123,-73.2542219413039)
1 (45.441609715210426,-73.64050489044944)
1 (45.444627489542185,-73.5578389815195)
1 (45.36824950747296,-73.57202099376937)
1 (45.68329937313608,-73.4586791630201)
1 (45.555082498069524,-73.48441696065396)
1 (45.74645956945831,-73.3224667485472)
1 (45.72403403971326,-73.62255140634872)
1 (45.722220269551684,-73.53200880884869)
1 (45.3632835491339,-73.5050123449668)
1 (45.42372410979414,-73.30796144454686)
1 (45.47910310313421,-73.43055208433385)
1 (45.33387885746694,-73.6470843571956)
1 (45.7411519788557,-73.42432954216855)
1 (45.46333111241618,-73.47855450134135)
1 (45.50036844903988,-73.71256777741871)
1 (45.481923805252976,-73.48607742265659)
1 (45.455963300084214,-73.34108997216225)
1 (45.414057921750945,-73.62507796233085)
1 (45.436007840430186,-73.56442757529643)
1 (45.25917984267575,-73.68016980804937)
1 (45.33472259438322,-73.62779986653365)
1 (45.61004140687853,-73.2583966048653)
1 (45.71881094011194,-73.54424454977332)
1 (45.69343048426767,-73.3984049619988)
1 (45.47504530595916,-73.4335344963582)
1 (45.25074588657314,-73.49475296322302)
1 (45.62180197770212,-73.43824632673855)
1 (45.30909078965274,-73.4899756882919)
1 (45.548353606737756,-73.66545174133066)
1 (45.667485152938795,-73.27482196709548)
1 (45.47746697980447,-73.51998329683576)
1 (45.33734799958908,-73.45924505566428)
1 (45.36921671757359,-73.69708160009827)
1 (45.7315763700052,-73.63327228114404)
1 (45.296914042407934,-73.48846130593088)
1 (45.59234846205009,-73.42779729835496)
1 (45.52966296894284,-73.42643893272093)
1 (45.48420437802039,-73.61063101955078)
1 (45.6502943888098,-73.64574594772924)
1 (45.65600864612988,-73.61281564491547)
1 (45.522292071785174,-73.68200587495188)
1 (45.69307419098118,-73.2742489025027)
1 (45.29481271818892,-73.74958499043719)
1 (45.63902875867682,-73.72608389168738)
1 (45.40101546752692,-73.34963111467928)
1 (45.66593001324698,-73.69016250245431)
1 (45.66165467381391,-73.35159613060208)
1 (45.410686698111185,-73.57290870686279)
1 (45.65325297090634,-73.46839273471792)
1 (45.276018827273674,-73.56265072533924)
1 (45.43815974602158,-73.30656672150961)
1 (45.31499073739604,-73.50525933625545)
1 (45.5824139285357,-73.41847159249932)
1 (45.279576651070386,-73.63328211869607)
1 (45.60656759168752,-73.51341245693094)
1 (45.51576897981639,-73.25842187923655)
1 (45.62449082742431,-73.6990820637842)
1 (45.6304157074056,-73.30625013325306)
1 (45.425666044345896,-73.32334189974227)
1 (45.738273655435705,-73.57546467557766)
1 (45.64759363227634,-73.66950701291175)
1 (45.62169042827687,-73.34179304542067)
1 (45.46666877060334,-73.42577363131865)
1 (45.29987849187426,-73.39881196792936)
1 (45.40825287146957,-73.50128390239176)
1 (45.30992067450637,-73.33449546234563)
1 (45.439650887982225,-73.39755302670834)
1 (45.44744720120176,-73.28322254831609)
1 (45.463319724451665,-73.46458890062857)
1 (45.30135003064645,-73.56826833676767)
1 (45.67187047376109,-73.47601544266564)
1 (45.643951208555094,-73.55947028143004)
1 (45.46129111183363,-73.54686585215403)
1 (45.6057175438816,-73.71480430529923)
1 (45.72430424641994,-73.49144268571274)
1 (45.57191485426345,-73.65302349995137)
1 (45.361887895630886,-73.27674703993927)
1 (45.38752081554001,-73.71730519913805)
1 (45.25772547964338,-73.26945970004513)
1 (45.74626599765135,-73.33701990763286)
1 (45.257714559735234,-73.50131246632641)
1 (45.56984877292251,-73.5762787606252)
1 (45.38465224049946,-73.68891832382506)
1 (45.25417036233518,-73.57383416791549)
1 (45.596828086912716,-73.73973477959044)
1 (45.37086205613947,-73.62920115016281)
1 (45.3684941421323,-73.45581493819333)
1 (45.26442760706324,-73.47453478773586)
1 (45.73004454769694,-73.61135644973798)
1 (45.47799929923457,-73.29084248924562)
1 (45.65622571376239,-73.52878897302799)
1 (45.57400729427662,-73.28052732900596)
1 (45.3318113149133,-73.71124621997029)
1 (45.6899873185169,-73.59605199804355)
1 (45.35591448520028,-73.50674906770321)
1 (45.58430286337572,-73.64668075486617)
1 (45.368473072751584,-73.68128176151724)
1 (45.481733453853096,-73.2617997087938)
1 (45.395431944546864,-73.66417380989873)
1 (45.72468179204555,-73.38023381280709)
1 (45.41275972411229,-73.59980521926846)
1 (45.57217799015894,-73.36027178655162)
1 (45.723675492363064,-73.6946338842405)
1 (45.46590995204163,-73.66477834744278)
1 (45.728324421023515,-73.68789865413953)
1 (45.70018505012858,-73.56981598779788)
1 (45.54062948020164,-73.59808258735102)
1 (45.69102843592203,-73.67361633699743)
1 (45.6731596691167,-73.70532630429243)
1 (45.43854984446269,-73.34553454549813)
1 (45.66759350521266,-73.52246146285846)
1 (45.316260812698644,-73.35178762451923)
1 (45.595719809189276,-73.28419040665258)
1 (45.50120054769898,-73.72632097758303)
1 (45.29390606734179,-73.74516800176741)
1 (45.67952915222302,-73.52106516396061)
1 (45.52257791252424,-73.32334748966618)
1 (45.6236728609951,-73.37013795470837)
1 (45.46149170495361,-73.3549323740819)
1 (45.33915666079591,-73.33721469625898)
1 (45.561445180653095,-73.44163214323524)
1 (45.72193539213172,-73.28433299621076)
1 (45.27355975637729,-73.56964982043358)
1 (45.550335360948175,-73.50381565693088)
1 (45.56838105387012,-73.3629349122787)
1 (45.65964405937192,-73.59278883581891)
1 (45.43878279987695,-73.50071585959601)
1 (45.31193666160739,-73.52194027129197)
1 (45.25302213036053,-73.48118141298943)
1 (45.57890344455388,-73.55670546818078)
1 (45.38728307973145,-73.5494109965169)
1 (45.50124318826795,-73.6299876946948)
1 (45.52065796241456,-73.7282593890156)
1 (45.37461351439448,-73.44081057248019)
1 (45.31975475858445,-73.49588182970425)
1 (45.739179723104264,-73.46297001606135)
1 (45.47498196197526,-73.74294065389978)
1 (45.517479512446265,-73.69179530557659)
1 (45.676050426683986,-73.71626558159993)
1 (45.253621769931144,-73.33554702308041)
1 (45.63034541121151,-73.71384481209246)
1 (45.555763466762386,-73.27077238073363)
1 (45.6345597267989,-73.338504716083)
1 (45.633359374158864,-73.42810676713867)
1 (45.50734283644103,-73.6444915372357)
1 (45.25085509708547,-73.3565530779185)
1 (45.378708439749815,-73.52239861085717)
1 (45.490294790878146,-73.53018839049702)
1 (45.41055678952385,-73.663488437869)
1 (45.42674060759338,-73.51154044818952)
1 (45.491906004825736,-73.4244392580639)
1 (45.67245180631112,-73.37054468218906)
1 (45.312290112511484,-73.3779012035717)
1 (45.73844715274292,-73.27703511600997)
1 (45.46726963748489,-73.28297768892895)
1 (45.295375011465545,-73.43814060536118)
1 (45.39111400161869,-73.64285307286957)
1 (45.68954140636521,-73.53975097553348)
1 (45.44345323840311,-73.43426812186135)
1 (45.48449704557003,-73.57338522155318)
1 (45.39905974141212,-73.495400364349)
1 (45.353760069982506,-73.3863374268428)
1 (45.40290909608067,-73.44493666764805)
1 (45.34605202989635,-73.48389348188134)
1 (45.656282429007874,-73.37573108622922)
1 (45.38085066481859,-73.53770503467976)
1 (45.693910647851574,-73.42142143842645)
1 (45.30911322817302,-73.71407499397333)
1 (45.597024778964446,-73.6337332950554)
1 (45.49170068561629,-73.3299516095512)
1 (45.36266428287969,-73.43193101701273)
1 (45.6063331281192,-73.47284661832177)
1 (45.41570901946403,-73.6939803416979)
1 (45.29283309938107,-73.58368541120932)
1 (45.406838448260395,-73.3514681071908)
1 (45.28596399892969,-73.59876553724442)
1 (45.48698515300792,-73.62717964179244)
1 (45.36534653911059,-73.57854251536926)
1 (45.68683803063633,-73.31546518370449)
1 (45.27273719002039,-73.31688010087812)
1 (45.35856358104294,-73.25113197842194)
1 (45.708378119749675,-73.72469515169607)
1 (45.35615233032526,-73.34257915254736)
1 (45.62017904332586,-73.31659488850339)
1 (45.74066036201952,-73.25924817906522)
1 (45.74216713329841,-73.39814781923035)
1 (45.297104566841014,-73.56219176951214)
1 (45.72194186699762,-73.55484707728516)
1 (45.54088307622131,-73.74967005167896)
1 (45.70079768069791,-73.28161818472508)
1 (45.6733311396732,-73.35716279406694)
1 (45.37472776456365,-73.56389109689397)
1 (45.618385473734584,-73.40304241076215)
1 (45.36969838938812,-73.42779952163457)
1 (45.33531877319661,-73.60738261534397)
1 (45.71038375622196,-73.417988114475)
1 (45.55611914339292,-73.43198312669836)
1 (45.74797731514039,-73.63680164679867)
1 (45.44032761683892,-73.59467144279205)
1 (45.63974604220785,-73.38829760782633)
1 (45.37501011456999,-73.30029803295025)
1 (45.34067021058668,-73.61456722804758)
1 (45.27302849270771,-73.50457169769592)
1 (45.57581174432513,-73.69026757497915)
1 (45.73888870788693,-73.58498761322572)
1 (45.4109802180701,-73.25406022232993)
1 (45.37818230592597,-73.33558063478365)
1 (45.328816143218894,-73.60282048530397)
1 (45.32400066964159,-73.72909228456376)
1 (45.64758716551327,-73.25602345542504)
1 (45.741689955163366,-73.40137002011475)
1 (45.69079350533608,-73.61363173267767)
1 (45.651927708585916,-73.30842314257994)
1 (45.3271045490062,-73.6811022034253)
1 (45.38134056117226,-73.48653974918427)
1 (45.35219976674618,-73.61979749839479)
1 (45.30974560024385,-73.31022517480964)
1 (45.676762332381514,-73.40013058215794)
1 (45.33358642159604,-73.5914522575124)
1 (45.41817505228408,-73.588188892391)
1 (45.60624795876961,-73.29681964820126)
1 (45.26739375551205,-73.2843776010075)
1 (45.64767267749695,-73.57669464863292)
1 (45.41702420405515,-73.45478920223175)
1 (45.33806382291216,-73.70227262081805)
1 (45.391804181015786,-73.3525499220012)
1 (45.623449827924766,-73.3927153433215)
1 (45.3184934952052,-73.41731127117039)
1 (45.46449713745939,-73.38513647379094)
1 (45.50860012267448,-73.46634799062869)
1 (45.65419720835864,-73.45518220105387)
1 (45.7044215875111,-73.65039169689315)
1 (45.61491630280486,-73.43531133534981)
1 (45.45655667524069,-73.54137251592881)
1 (45.660785632673395,-73.6016089138101)
1 (45.35934287516717,-73.34765881637604)
1 (45.477521892636915,-73.60807322219473)
1 (45.269601343653214,-73.61517827551337)
1 (45.72850726603387,-73.4397966194891)
1 (45.67362135155442,-73.3699714255159)
1 (45.74332068631625,-73.63331578121102)
1 (45.54749246525869,-73.48927183190557)
1 (45.68290079053281,-73.27363760583056)
1 (45.37669312274106,-73.65412488976189)
1 (45.40413407496334,-73.52305260207557)
1 (45.4622703310927,-73.53685038545737)
1 (45.465900143317405,-73.6668277950633)
1 (45.74299570822672,-73.41132179930013)
1 (45.328469118206954,-73.37522681612023)
1 (45.60555917374113,-73.6430783613992)
1 (45.29863480333844,-73.580035278783)
1 (45.538162159546616,-73.5197038063917)
1 (45.664080113175054,-73.54687503768189)
1 (45.5067980496041,-73.6196987588461)
1 (45.74220986548877,-73.3920713362339)
1 (45.59805833468838,-73.390241660581)
1 (45.74104915756989,-73.44469233722721)
1 (45.27747886131423,-73.31077608655617)
1 (45.39279393414463,-73.49061109001273)
1 (45.55824113169515,-73.46028028426531)
1 (45.2742134752766,-73.55604526150404)
1 (45.46146954440622,-73.48136774562768)
1 (45.572343026447605,-73.49301063842655)
1 (45.376416172144545,-73.34403566964956)
1 (45.28876786341249,-73.71847973529374)
1 (45.29650058575857,-73.45592080686498)
1 (45.501288558318954,-73.53276740501543)
1 (45.4154727267012,-73.5443407115232)
1 (45.31787030121236,-73.50077067747688)
1 (45.71689302828949,-73.34819089771341)
1 (45.56451762217063,-73.4221707568131)
1 (45.47967428775088,-73.50493652219008)
1 (45.54607888966752,-73.44356026656972)
1 (45.552606051196626,-73.59948033648315)
1 (45.40697356597469,-73.37668963558203)
1 (45.32158267444598,-73.65760639141662)
1 (45.69744812878595,-73.28263168471855)
1 (45.50468219454119,-73.41699207602517)
1 (45.72020510873262,-73.36164414556225)
1 (45.26229395223599,-73.49344909046648)
1 (45.5921128541283,-73.65286524923224)
1 (45.602168492554654,-73.57909662810702)
1 (45.7061920057313,-73.49670794255367)
1 (45.692564294356615,-73.56258851544884)
1 (45.42018776125615,-73.64592380906865)
1 (45.470591528589125,-73.44930854182748)
1 (45.329775532154926,-73.32878830454096)
1 (45.347403758151806,-73.68161641002644)
1 (45.40681073916426,-73.46971419987179)
1 (45.36706454570464,-73.41576967809809)
1 (45.59602173510969,-73.65883078456011)
1 (45.37171628624187,-73.50306515898559)
1 (45.667158220729995,-73.33267178026118)
1 (45.5621048381559,-73.3480357678491)
1 (45.71384577850982,-73.48309527758725)
1 (45.31956393893945,-73.47620751564865)
1 (45.67526042479983,-73.55091476473926)
1 (45.27323936033122,-73.5379634252075)
1 (45.63222528245305,-73.4844503984232)
1 (45.354633515189576,-73.60348003483902)
1 (45.39544491028749,-73.25131540199575)
1 (45.480476893890426,-73.46649429329396)
1 (45.56033100016047,-73.3842330358821)
1 (45.5444837360737,-73.27182723456673)
1 (45.250236365332434,-73.41853462829272)
1 (45.57872475808312,-73.61313338585357)
1 (45.707902775087184,-73.34022005103816)
1 (45.26615100286757,-73.313263209716)
1 (45.723540824650655,-73.4090673750944)
1 (45.44722817675128,-73.3999183135426)
1 (45.60719907284989,-73.45125874269495)
1 (45.365691974473464,-73.32394776188077)
1 (45.52294242066552,-73.43034516435111)
1 (45.64111055894392,-73.73667633515161)
1 (45.50284804920414,-73.30410331977743)
1 (45.339241017194624,-73.64607365314582)
1 (45.3499408801773,-73.35794295080913)
1 (45.535092691163776,-73.50936621688558)
1 (45.42092834068414,-73.37300388087662)
1 (45.42816068599092,-73.29186216344331)
1 (45.45195772687259,-73.63893710925117)
1 (45.37446900504138,-73.72830163508965)
1 (45.653607818534596,-73.45759509966888)
1 (45.64586330881006,-73.46396361516189)
1 (45.254939457311785,-73.40446144780849)
1 (45.31341907119347,-73.4280530124095)
1 (45.520668250403496,-73.71963123937422)
1 (45.37888190391369,-73.70155975779066)
1 (45.50038578108087,-73.28950801486413)
1 (45.64573236757716,-73.28582472021517)
1 (45.39424404709545,-73.25411455714014)
1 (45.32976843101234,-73.5564650078261)
1 (45.43563097295358,-73.33301970362282)
1 (45.55802461093236,-73.3001045484529)
1 (45.59810334060307,-73.50536382954847)
1 (45.69439758005152,-73.57852332124028)
1 (45.73120660283892,-73.7063215373511)
1 (45.36052356923888,-73.74638217831394)
1 (45.41779935092376,-73.71356998935127)
1 (45.59125421394688,-73.26459754845196)
1 (45.424113620579384,-73.39293732271328)
1 (45.27550259535197,-73.50173371162154)
1 (45.5830202469013,-73.45238563071075)
1 (45.38528259087965,-73.50044824653945)
1 (45.31083203529809,-73.31783876654869)
1 (45.4884400567876,-73.70506893644556)
1 (45.708465633688185,-73.6930954512796)
1 (45.673875396768565,-73.39979878001044)
1 (45.33889624459108,-73.29917385899972)
1 (45.291982614973925,-73.59483842382434)
1 (45.30457778638642,-73.70591421330866)
1 (45.327580925871196,-73.31988349487762)
1 (45.67086416013079,-73.57052127188393)
1 (45.27779069657837,-73.74099713137804)
1 (45.59445572893516,-73.48395938525039)
1 (45.60310628739372,-73.7077760469499)
1 (45.71950830046094,-73.49671787696846)
1 (45.656344084149794,-73.26302152301109)
1 (45.49828028897877,-73.2504452285841)
1 (45.47119494998525,-73.30679450145011)
1 (45.578056852262584,-73.48130605480884)
1 (45.40978587555269,-73.50077701087343)
1 (45.271578283663004,-73.48464504802217)
1 (45.426956639831396,-73.62728029604456)
1 (45.39431299380609,-73.43864781312874)
1 (45.60788289217,-73.48003259839291)
1 (45.40865395591701,-73.27716883548437)
1 (45.67522781109095,-73.46104787438544)
1 (45.362480455791726,-73.57875244873264)
1 (45.34218064751569,-73.38941962368064)
1 (45.54751569323433,-73.70010279875669)
1 (45.70854064851104,-73.59380174324991)
1 (45.63152351271086,-73.62786479800526)
1 (45.35843110151991,-73.66063153800131)
1 (45.73762637575326,-73.2525579344414)
1 (45.42027898860254,-73.74481804722404)
1 (45.55388957737079,-73.48286080626401)
1 (45.59237109978652,-73.61866139136744)
1 (45.55680517330824,-73.31717434100578)
1 (45.52059898137563,-73.63818738793871)
1 (45.32342236447256,-73.6724973380841)
1 (45.43892991307535,-73.54387416484029)
1 (45.688609194131935,-73.43812828624976)
1 (45.64769291254462,-73.48491576201344)
1 (45.6762939858745,-73.37356313395108)
1 (45.70994374278162,-73.36271058061861)
1 (45.696522957616615,-73.6061887659782)
1 (45.69197404918038,-73.53018053470478)
1 (45.45378386519977,-73.60497778693147)
1 (45.36045554433484,-73.55881952577248)
1 (45.356283836769464,-73.61137053467039)
1 (45.475760813235254,-73.69503839419616)
1 (45.4507327189367,-73.59788553668328)
1 (45.6886780901689,-73.27141564992272)
1 (45.532671647661395,-73.39873048276826)
1 (45.55603833590872,-73.71688199118398)
1 (45.598499778537565,-73.71479084762898)
1 (45.33969847889947,-73.42265926899827)
1 (45.712090438371725,-73.73785409178144)
1 (45.54287554454186,-73.5679422794775)
1 (45.656251206366534,-73.66578258723916)
1 (45.56800234391121,-73.59085540731779)
1 (45.42727065845358,-73.39157907652408)
1 (45.451075868536314,-73.30613334794896)
1 (45.70940801783828,-73.64489376752441)
1 (45.33889562153889,-73.72126868917023)
1 (45.435419832202925,-73.34450286745006)
1 (45.727639704810095,-73.38753674092493)
1 (45.39908155573026,-73.38464354274888)
1 (45.47390224752895,-73.64135116918575)
1 (45.636149801272076,-73.52682097907201)
1 (45.722616800066334,-73.34482194187156)
1 (45.43132453471213,-73.50180857920004)
1 (45.67021573509787,-73.72217982384753)
1 (45.34050872324049,-73.34404295095831)
1 (45.49592668666207,-73.6109001254979)
1 (45.54002604107682,-73.38247045650041)
1 (45.349282947394435,-73.40290067795168)
1 (45.62744596246427,-73.6981330227772)
1 (45.47772516171516,-73.64210784195431)
1 (45.702278293375066,-73.72938610081175)
1 (45.41459790964898,-73.66997634424551)
1 (45.6490379145308,-73.56062206969492)
1 (45.62489509152272,-73.37021766746929)
1 (45.53004358991625,-73.26972812175931)
1 (45.623784126553524,-73.45803393887523)
1 (45.370802978871104,-73.53323794097061)
1 (45.34123965386355,-73.38757263038845)
1 (45.3869493568707,-73.49624184108467)
1 (45.40504320172708,-73.31411025890675)
1 (45.358433739482706,-73.70660097764923)
1 (45.55395601341096,-73.64464124206783)
1 (45.40403948079242,-73.6898659779873)
1 (45.5730481540296,-73.54209093495636)
1 (45.34727454223863,-73.50253160260074)
1 (45.46396768066397,-73.31429010177268)
1 (45.69331015594705,-73.34686382759217)
1 (45.524359380315715,-73.41914066498697)
1 (45.45587254736182,-73.56051675508154)
1 (45.61269364275548,-73.35207092366045)
1 (45.682858135966214,-73.50851178201928)
1 (45.61744142469841,-73.45092120877915)
1 (45.52993033750698,-73.60388228285868)
1 (45.5328323861605,-73.65681878736096)
1 (45.62246983255445,-73.36639220558133)
1 (45.56735880566241,-73.50739417835202)
1 (45.72798835001919,-73.59621788153348)
1 (45.37573891083861,-73.61085856826618)
1 (45.433479042736586,-73.39133725654033)
1 (45.31022877424989,-73.55600532992038)
1 (45.58516515048117,-73.37360169783024)
1 (45.53297291171329,-73.65411641237213)
1 (45.701721743646424,-73.60907085693904)
1 (45.41750942229652,-73.58404740383904)
1 (45.41628362612884,-73.31317129452044)
1 (45.39459625309925,-73.42143309630164)
1 (45.73741582202615,-73.52059549607047)
1 (45.265201040017416,-73.67699822184578)
1 (45.54471133603917,-73.47358796336265)
1 (45.51179773689177,-73.34737616342736)
1 (45.25079404705245,-73.54037074500101)
1 (45.28803891467825,-73.59463113648292)
1 (45.46824313764805,-73.5179412290149)
1 (45.556423532273065,-73.51784776240541)
1 (45.31731835109885,-73.70033040985413)
1 (45.273755778850344,-73.56169438927203)
1 (45.6983541216114,-73.604640377563)
1 (45.59499112246327,-73.42278491885186)
1 (45.43130345510422,-73.74278522734758)
1 (45.277491902544384,-73.3649565880056)
1 (45.63415103044643,-73.30683998300674)
1 (45.31976508039184,-73.63924930430773)
1 (45.57177812294909,-73.6002578626527)
1 (45.36143104889767,-73.7234149603131)
1 (45.45735030845038,-73.49594617221479)
1 (45.50447273370789,-73.34920324440083)
1 (45.32941207033377,-73.6352972285528)
1 (45.48974036594051,-73.27346334427077)
1 (45.65961090990479,-73.49975060541591)
1 (45.57723783356481,-73.47126889251456)
1 (45.26833663002072,-73.38831883754064)
1 (45.533892378237304,-73.38581671104862)
1 (45.438549905029305,-73.72073903567201)
1 (45.32831035092764,-73.56076738910264)
1 (45.32168739637566,-73.45651826916158)
1 (45.46844714720278,-73.40598928094622)
1 (45.32376914107816,-73.27512129401502)
1 (45.39517060797089,-73.5073350037407)
1 (45.644696910091525,-73.5019043785611)
1 (45.46237280486694,-73.28512283037087)
1 (45.51922097196632,-73.58812957486921)
1 (45.29258571557831,-73.4344130018227)
1 (45.474165460743436,-73.26149936952122)
1 (45.69598251871341,-73.44296234424188)
1 (45.57324123558735,-73.25613189451815)
1 (45.380196558039884,-73.57990817711344)
1 (45.668138258048735,-73.30775244362626)
1 (45.35856605883715,-73.5797756896055)
1 (45.6125776002434,-73.3611076456665)
1 (45.2852134784968,-73.31232090009875)
1 (45.72461698615022,-73.68221387689631)
1 (45.406794013870254,-73.52901422280048)
1 (45.501741373667684,-73.29803206497638)
1 (45.42279864173412,-73.31163761961939)
1 (45.70313395826897,-73.40051662668431)
1 (45.28897291260362,-73.61751138966369)
1 (45.41401095938983,-73.55071652545297)
1 (45.38171335080642,-73.31928456714722)
1 (45.598016837616285,-73.70171205567942)
1 (45.46522924932428,-73.37501581015799)
1 (45.42541502039678,-73.72665146683345)
1 (45.5678083350743,-73.73643969432207)
1 (45.337172287197255,-73.29000679758165)
1 (45.67870058411461,-73.30985623101186)
1 (45.36802350876265,-73.53639898388754)
1 (45.622935245158885,-73.7249995893825)
1 (45.7052164436151,-73.69194769774238)
1 (45.55781192102417,-73.34253465521418)
1 (45.30387472178308,-73.27808174049753)
1 (45.26185735376575,-73.34049830252609)
1 (45.61478049927769,-73.72710151433412)
1 (45.25471531556815,-73.3640450729313)
1 (45.605866353297586,-73.26251525550269)
1 (45.29473769416014,-73.6012749785694)
1 (45.274819425951044,-73.46527648843306)
1 (45.44997097779332,-73.2607141958225)
1 (45.25693896523113,-73.4895303958145)
1 (45.7277826389701,-73.2731871114591)
1 (45.42975200857731,-73.41833242759941)
1 (45.67854804215735,-73.62236148893562)
1 (45.60387965059808,-73.26103283593991)
1 (45.45961926658345,-73.5241663450815)
1 (45.468260330335426,-73.5896263480092)
1 (45.55722284950473,-73.72557495058773)
1 (45.42707425712035,-73.29134657646422)
1 (45.715984320374965,-73.47791366844974)
1 (45.325576725124975,-73.3791404724595)
1 (45.618453251386626,-73.25889991578626)
1 (45.312536229550155,-73.2503881651468)
1 (45.490303201161666,-73.57103091853982)
1 (45.72808651354019,-73.71733951381646)
1 (45.58080677828242,-73.63173747888165)
1 (45.43754016790318,-73.55021867965358)
1 (45.382736898705645,-73.49288539042587)
1 (45.45407443793181,-73.67580398534916)
1 (45.511020880221956,-73.58374956141274)
1 (45.50618826772592,-73.56052023106353)
1 (45.35527509032078,-73.36250452386555)
1 (45.40944309399703,-73.6776866500577)
1 (45.45777339801582,-73.68656736612189)
1 (45.69623769862476,-73.31354387953505)
1 (45.54545353219469,-73.67179745480978)
1 (45.442231367627876,-73.30603869025087)
1 (45.26224138046035,-73.70460026917837)
1 (45.60351715796112,-73.63407596341335)
1 (45.40627377404217,-73.39940037491077)
1 (45.444761073875206,-73.58305273555929)
1 (45.37552630514207,-73.65674188786176)
1 (45.2952606075114,-73.50496948357016)
1 (45.56490344563584,-73.57444250612905)
1 (45.41723985518736,-73.46826949827698)
1 (45.638023926241424,-73.29577021555622)
1 (45.70868641136971,-73.35378762248823)
1 (45.417735231512,-73.44452971174444)
1 (45.29164857675903,-73.6987948450184)
1 (45.60081681813657,-73.59723875874784)
1 (45.256149931320785,-73.32110620006907)
1 (45.604382458297124,-73.27724231617854)
1 (45.43974116811589,-73.46957431062891)
1 (45.59416772272299,-73.72465550454599)
1 (45.6231977644335,-73.446021918434)
1 (45.62818976485568,-73.69944441197863)
1 (45.41398521955105,-73.32677182000576)
1 (45.373191884733686,-73.31274659754159)
1 (45.37085166792653,-73.57941329827969)
1 (45.515836619517096,-73.35370120029337)
1 (45.59527137567115,-73.52229955298704)
1 (45.29578643454704,-73.28560161040247)
1 (45.578450404485274,-73.71050115533286)
1 (45.533612150857245,-73.52610138614544)
1 (45.54621957762311,-73.45254581109778)
1 (45.61289502884402,-73.3014973205464)
1 (45.388377512103546,-73.26725556789425)
1 (45.60293904511662,-73.27478147657993)
1 (45.493910445853814,-73.6793476983765)
1 (45.576185760173146,-73.29119674690692)
1 (45.43900325770596,-73.3261960983348)
1 (45.68272503260965,-73.46344888005885)
1 (45.49086979164383,-73.40625566506071)
1 (45.69322053460886,-73.43152046716558)
1 (45.297168737646544,-73.54213223071002)
1 (45.51111975718572,-73.4792006365544)
1 (45.4281344114317,-73.65813656616736)
1 (45.58519409620001,-73.27098702534565)
1 (45.6265404476693,-73.4833908655865)
1 (45.724255353655806,-73.2889346729859)
1 (45.69922733470905,-73.2871622576699)
1 (45.527320655250044,-73.59931927505178)
1 (45.45316322954692,-73.43307770386154)
1 (45.49454876938935,-73.36365049168417)
1 (45.43887064597554,-73.30323059464925)
1 (45.37694640715907,-73.52761359118546)
1 (45.51453992070872,-73.5919195506596)
1 (45.45614397990648,-73.37493610829718)
1 (45.38526385409352,-73.40186561942707)
1 (45.719466006902884,-73.62096876934378)
1 (45.30356565505215,-73.49323419599776)
1 (45.31007222780242,-73.44293815799655)
1 (45.539756275983294,-73.43764392699336)
1 (45.68712109588921,-73.30037154945634)
1 (45.54364509282012,-73.31557487722706)
1 (45.62670839385127,-73.59011204972884)
1 (45.42274113605273,-73.46619399201141)
1 (45.53075906175036,-73.60563560149478)
1 (45.45632065067318,-73.6535962518881)
1 (45.48810166315324,-73.43004894953523)
1 (45.349599807324054,-73.3528153888327)
1 (45.64963010918596,-73.28619081667694)
1 (45.30773971554085,-73.68268856188725)
1 (45.737758554194684,-73.49567664777226)
1 (45.27552424210338,-73.32076472978301)
1 (45.40930078888747,-73.56151987238563)
1 (45.34528928963532,-73.52792710017133)
1 (45.730456462508904,-73.4861310353781)
1 (45.38304567915438,-73.68725530158122)
1 (45.70276211853752,-73.26803882854243)
1 (45.360725808068146,-73.52288366453244)
1 (45.59966587248878,-73.58659506892798)
1 (45.71109775345294,-73.41021710221746)
1 (45.334810379585655,-73.48421874973306)
1 (45.7411285727277,-73.4188469569837)
1 (45.68515933315998,-73.39040217686626)
1 (45.74944216626458,-73.44386429912998)
1 (45.434778816926,-73.60074511455065)
1 (45.49400475619971,-73.47999881822858)
1 (45.38838530303687,-73.32770099038393)
1 (45.54728508259971,-73.27611694139301)
1 (45.72769815754026,-73.67751200272764)
1 (45.35787408038701,-73.27509311037835)
1 (45.34818501574934,-73.37997812408635)
1 (45.50991223869977,-73.39592380146836)
1 (45.61896438012251,-73.3042477805447)
1 (45.734661484964256,-73.351184223122)
1 (45.45443053489254,-73.73473607245921)
1 (45.682171034642934,-73.31353318295838)
1 (45.67259154371586,-73.55656937567028)
1 (45.305225677982015,-73.3499519457227)
1 (45.34216201940261,-73.4096230106075)
1 (45.442627650601636,-73.63175861089141)
1 (45.68812802914625,-73.51426179858902)
1 (45.314351835327166,-73.50216967631951)
1 (45.63380238653683,-73.25031125607647)
1 (45.657227346356564,-73.54128630430688)
1 (45.706314198723945,-73.68357990864068)
1 (45.63653651644288,-73.31086284129405)
1 (45.32202755394878,-73.5814216011868)
1 (45.46628606828126,-73.48807119493468)
1 (45.398559690162195,-73.540369294169)
1 (45.358892977333184,-73.60870432854257)
1 (45.31087024304598,-73.66478993369202)
1 (45.50364145262122,-73.6358685593739)
1 (45.42031830920542,-73.28580304501034)
1 (45.74250495943144,-73.55019390799579)
1 (45.2576355809999,-73.49437342597066)
1 (45.471791405161056,-73.62194792053194)
1 (45.43343885985097,-73.28153152151475)
1 (45.54855701987364,-73.4741684022491)
1 (45.48320664378333,-73.33209297505675)
1 (45.62184834237853,-73.47903621494885)
1 (45.6275698803822,-73.50604165618519)
1 (45.34056974625151,-73.44718961417277)
1 (45.343317920559976,-73.26390872296119)
1 (45.312137233200495,-73.47153716116463)
1 (45.6956964713598,-73.74902295545776)
1 (45.49906766434128,-73.67335674083746)
1 (45.578375031791055,-73.4304257232923)
1 (45.44426555998736,-73.46907351655508)
1 (45.34388731417458,-73.6355369575008)
1 (45.31000828246592,-73.33109029925089)
1 (45.28439858825157,-73.46132635638554)
1 (45.70049334158642,-73.35539928072862)
1 (45.54033002533018,-73.44678701180699)
1 (45.61330010706375,-73.27243428951572)
1 (45.272670579200216,-73.5179267265888)
1 (45.631231296102385,-73.34572863349257)
1 (45.33373299348774,-73.57928526684157)
1 (45.622738017241936,-73.39542359482755)
1 (45.71066115081877,-73.72315351352778)
1 (45.266495364456595,-73.46052847549144)
1 (45.696171751309,-73.35921380230143)
1 (45.65368391856937,-73.3750633998025)
1 (45.56181414453839,-73.63323847747068)
1 (45.55014560905331,-73.2788214750097)
1 (45.47045806265704,-73.30377666186294)
1 (45.619820940952835,-73.31346760047592)
1 (45.466769304797324,-73.28042734021089)
1 (45.520737652745225,-73.46904650021742)
1 (45.62710990012604,-73.29633974905023)
1 (45.28530919398336,-73.74470299118738)
1 (45.33359942526487,-73.69099992493717)
1 (45.287814832604056,-73.47052329192262)
1 (45.66100028111764,-73.51715548738827)
1 (45.38367128126658,-73.30488610856102)
1 (45.52964049581275,-73.65789845159895)
1 (45.47746912565491,-73.5735682598339)
1 (45.58276323801808,-73.34646898768008)
1 (45.33973568770695,-73.25307967798389)
1 (45.69249307084009,-73.42226091221418)
1 (45.44599901735507,-73.52130826857304)
1 (45.585035013628314,-73.33180277630981)
1 (45.4559661779296,-73.40353551671446)
1 (45.30277273869394,-73.29315626989057)
1 (45.68549237370112,-73.63123930761704)
1 (45.58860854505966,-73.68621675662995)
1 (45.54950520432573,-73.40483067138558)
1 (45.28618815493536,-73.60981849913976)
1 (45.470162543624404,-73.30957690023354)
1 (45.498579398027765,-73.6593404908621)
1 (45.65125969014813,-73.67644379677147)
1 (45.537524478214806,-73.32567626713491)
1 (45.41726577118533,-73.70644517166588)
1 (45.62556134514273,-73.49797453044958)
1 (45.50335701850443,-73.68831860201126)
1 (45.38411053367111,-73.36847511330345)
1 (45.26142790953292,-73.6349513235985)
1 (45.35204956013805,-73.58805769975113)
1 (45.71629969325772,-73.6439611886197)
1 (45.63134767300306,-73.30578909454366)
1 (45.26620885514192,-73.25219259534646)
1 (45.749009714768725,-73.74479722865259)
1 (45.57214643935214,-73.50261823686272)
1 (45.45787853319306,-73.72021863052245)
1 (45.321732519204936,-73.37524241782134)
1 (45.47277099874995,-73.49275859800767)
1 (45.585048137792555,-73.65108285365258)
1 (45.552973897725344,-73.57357157222195)
1 (45.402210669010294,-73.68016264327723)
1 (45.39730121908148,-73.55271203446254)
1 (45.55546656768682,-73.41067501991385)
1 (45.51371558288148,-73.71432427662138)
1 (45.682188698327096,-73.40708889589025)
1 (45.561942099711956,-73.62703237328948)
1 (45.479404197842996,-73.43994340959661)
1 (45.64455368334063,-73.55765955794483)
1 (45.73534137278065,-73.56943564677864)
1 (45.639682941613614,-73.45044933381719)
1 (45.29897305620923,-73.46863555926646)
1 (45.42681613319505,-73.34237845854877)
1 (45.36464683648253,-73.54026818890202)
1 (45.25605072324348,-73.44794500431458)
1 (45.60563078181298,-73.67348325358005)
1 (45.550748875630006,-73.7439826614514)
1 (45.73776685511791,-73.26388808936979)
1 (45.613694745582016,-73.71659538347511)
1 (45.53241213708183,-73.3813499006846)
1 (45.527664578752315,-73.4982244242475)
1 (45.62646155567749,-73.7156792610697)
1 (45.50274402465997,-73.42315292064461)
1 (45.696483939916064,-73.66028687833408)
1 (45.524778194541796,-73.56442090483972)
1 (45.673866597058215,-73.60826131682818)
1 (45.402015509687416,-73.58416689076412)
1 (45.67835164496665,-73.73404572534366)
1 (45.690307369190286,-73.73282982205997)
1 (45.738461132303264,-73.71699723998009)
1 (45.501151251464584,-73.57043848284046)
1 (45.649045596818596,-73.5305929617343)
1 (45.361415878868286,-73.45538317632547)
1 (45.48855453023291,-73.57290213514239)
1 (45.59876261781483,-73.55260748634498)
1 (45.38161524786345,-73.55017446061817)
1 (45.67257823701927,-73.55407611868945)
1 (45.546119960191696,-73.64599997758512)
1 (45.456659796203525,-73.47966742827622)
1 (45.50825924807669,-73.61347637496881)
1 (45.70694348703437,-73.33630760029885)
1 (45.60380313921454,-73.51717528518199)
1 (45.31524451264504,-73.55720607136381)
1 (45.50941974791263,-73.42542918842415)
1 (45.4582765238479,-73.52146993159712)
1 (45.56393414044602,-73.41156646369585)
1 (45.400144322545586,-73.56716811497354)
1 (45.5461688848627,-73.26520212050887)
1 (45.496054775767135,-73.25808383485578)
1 (45.37337060309384,-73.34154781271093)
1 (45.375166369056544,-73.74593699056463)
1 (45.37221559744902,-73.48793447405095)
1 (45.351298660857374,-73.38577618270268)
1 (45.35300025392644,-73.48234707335288)
1 (45.32164896086071,-73.31253265658869)
1 (45.68686100914553,-73.39875100989227)
1 (45.26571374977854,-73.47139706956061)
1 (45.44573110667291,-73.27834527041462)
1 (45.44928889849373,-73.61372216174719)
1 (45.41523038816286,-73.43460805215229)
1 (45.57172278489866,-73.52357315161927)
1 (45.43179719345575,-73.65310582316165)
1 (45.36852276328736,-73.72784000443143)
1 (45.52710978775335,-73.46451734581487)
1 (45.59596582658199,-73.66499415184855)
1 (45.285208243043435,-73.57117981527055)
1 (45.379540340180725,-73.74411500138231)
1 (45.63071565236926,-73.39369441832551)
1 (45.60384641198148,-73.41672942469788)
1 (45.470171148877405,-73.57473428269006)
1 (45.35800815379302,-73.30930074927335)
1 (45.70272528943958,-73.63217841109035)
1 (45.42770209781616,-73.62387136895639)
1 (45.60131159323172,-73.29305023479016)
1 (45.44258146409224,-73.40840626186915)
1 (45.44089660013189,-73.36347024804782)
1 (45.54617729854025,-73.42680266910025)
1 (45.51652374869115,-73.29793759913917)
1 (45.3542825706684,-73.72132398194671)
1 (45.35060489063366,-73.42373586506048)
1 (45.50737674295563,-73.55738418712946)
1 (45.436276374876996,-73.55311370469147)
1 (45.30282379802292,-73.27215176925819)
1 (45.30162514614345,-73.47712172120066)
1 (45.713377449498836,-73.61436034738469)
1 (45.508203257683576,-73.58059223668093)
1 (45.55995318597107,-73.46300591843621)
1 (45.416487786546824,-73.54772899157692)
1 (45.70867758423224,-73.34727893692946)
1 (45.660806253075336,-73.34212960955337)
1 (45.404900926018406,-73.45912199065964)
1 (45.27673595441672,-73.34379375590748)
1 (45.740160157649996,-73.35322223476871)
1 (45.31509896093853,-73.70877561300209)
1 (45.27200484720505,-73.26704038259565)
1 (45.55841265606143,-73.68461980227966)
1 (45.48114971943744,-73.46564621740015)
1 (45.62801924260867,-73.26657508745008)
1 (45.555592928948464,-73.72267347231536)
1 (45.333105646072525,-73.7158110063987)
1 (45.43714024943833,-73.48962486945392)
1 (45.56643863364478,-73.58146770383486)
1 (45.652201013993654,-73.4810512396219)
1 (45.395878394722395,-73.47335010320573)
1 (45.67577229593539,-73.31279633574064)
1 (45.735596794691105,-73.42143252580865)
1 (45.445203933694735,-73.47454221911471)
1 (45.60641512179586,-73.73207085959689)
1 (45.64863745146488,-73.2963078652325)
1 (45.51078916748126,-73.30892440313279)
1 (45.561937924438716,-73.68134667225276)
1 (45.35470803131466,-73.44907032728747)
1 (45.49748845196403,-73.72505648073786)
1 (45.64613592294626,-73.65164890790649)
1 (45.35839283428293,-73.42105887026834)
1 (45.38761502503718,-73.48760824788326)
1 (45.36243280693301,-73.47152206029827)
1 (45.65926030515126,-73.57472282888159)
1 (45.71155181607768,-73.26909529596324)
1 (45.35761574234488,-73.68204032273046)
1 (45.33468830228932,-73.40248990935487)
1 (45.415704543704294,-73.45226701373421)
1 (45.324457076926066,-73.5567857866235)
1 (45.58009434223353,-73.67933233392459)
1 (45.321478317124146,-73.43295959539459)
1 (45.461911471889515,-73.51147848886333)
1 (45.3740793392743,-73.29892423609525)
1 (45.6104769607023,-73.36770195198461)
1 (45.71564515820266,-73.50653688943001)
1 (45.28059986298046,-73.257228590708)
1 (45.45706961701223,-73.26557604589587)
1 (45.377552061818555,-73.5779350638354)
1 (45.38755963281469,-73.65660582816693)
1 (45.267361797074734,-73.34023430264861)
1 (45.413471010305976,-73.28993895457859)
1 (45.734301693982516,-73.61792362424313)
1 (45.64190475461863,-73.67757757357563)
1 (45.35230995542163,-73.3668492446368)
1 (45.733468969805664,-73.2790542303339)
1 (45.412572022406344,-73.57597165945579)
1 (45.406911933469985,-73.31051314704985)
1 (45.31560321046325,-73.52352155059735)
1 (45.37725788668698,-73.26916508328875)
1 (45.49291088483638,-73.70341666833694)
1 (45.54862767426296,-73.7224167558474)
1 (45.47067840483555,-73.2639653377919)
1 (45.4631023958395,-73.74251915955226)
1 (45.625900909171115,-73.56211288955772)
1 (45.32778884892879,-73.43349665861159)
1 (45.51401666892335,-73.68209262693347)
1 (45.40367127473781,-73.29741203679859)
1 (45.36631593627832,-73.4973236093547)
1 (45.64188486836785,-73.72169047020631)
1 (45.46527214413859,-73.56875271153945)
1 (45.69572223217586,-73.63826848285323)
1 (45.606429238235116,-73.37156927271626)
1 (45.31998459121662,-73.40875170737792)
1 (45.74659153229667,-73.52532570492698)
1 (45.6932156370387,-73.7275585423596)
1 (45.71980132372322,-73.36997824840526)
1 (45.362906359556305,-73.307194494103)
1 (45.57495232708393,-73.38221726706371)
1 (45.31893531365411,-73.31634511985968)
1 (45.65187566806624,-73.5626871783184)
1 (45.64630916610246,-73.48239333616867)
1 (45.46634804740852,-73.54530130300762)
1 (45.29469458428323,-73.44526006103592)
1 (45.318710424136874,-73.2848377355129)
1 (45.7292829890797,-73.35913472365701)
1 (45.27564843666113,-73.26835748241216)
1 (45.59520555490768,-73.38270560533918)
1 (45.30017424672986,-73.26971673257731)
1 (45.536016690476224,-73.57691758636422)
1 (45.320962921600575,-73.7245506512271)
1 (45.455689985059756,-73.34207801430918)
1 (45.438934349958544,-73.34558640095132)
1 (45.30312129409043,-73.3732993720021)
1 (45.26633537312209,-73.62499870567468)
1 (45.388309607467875,-73.69481031214244)
1 (45.58156491164448,-73.38175167483803)
1 (45.31018692358006,-73.64958465672828)
1 (45.561598138522896,-73.50747604060935)
1 (45.287494256890554,-73.27103097634186)
1 (45.32310400013712,-73.54441152755638)
1 (45.53615160808169,-73.74815314353457)
1 (45.3632138531842,-73.69329941428711)
1 (45.32924571488911,-73.7146355038268)
1 (45.741387059302134,-73.29784101143795)
1 (45.50905980720277,-73.34572397666635)
1 (45.48493272188744,-73.28544294304695)
1 (45.494495678341146,-73.73456766426098)
1 (45.732485175544014,-73.4614510081376)
1 (45.741789149801185,-73.7418531791735)
1 (45.552093759057534,-73.45592933242523)
1 (45.67159560570824,-73.4691073249987)
1 (45.683576218480965,-73.50827260495774)
1 (45.271323175024726,-73.69696113804056)
1 (45.65839780853601,-73.64554404703044)
1 (45.41801695689315,-73.55496184194617)
1 (45.34457686679617,-73.66541280230723)
1 (45.44414838003559,-73.349186962623)
1 (45.448980716692844,-73.67391936551132)
1 (45.58633960677711,-73.36795764369309)
1 (45.38486392008242,-73.25202863553278)
1 (45.71535367209146,-73.61436666691439)
1 (45.67861466201911,-73.63303519058373)
1 (45.64460681788735,-73.27712913359677)
1 (45.74641264370875,-73.56536636781509)
1 (45.354010331967764,-73.34843199764619)
1 (45.41886574306295,-73.31218348221844)
1 (45.64612477952801,-73.62900169736119)
1 (45.52968064810887,-73.5004128783457)
1 (45.572410634821566,-73.42652675071118)
1 (45.71303602529163,-73.2774431504275)
1 (45.42878476727392,-73.55386559434125)
1 (45.27356515755328,-73.46370586894923)
1 (45.721743194503475,-73.2681375208471)
1 (45.60271810031311,-73.60371241358703)
1 (45.74898626916173,-73.56083776225873)
1 (45.615761897858896,-73.5168499500371)
1 (45.32178325564903,-73.7125357531486)
1 (45.57479038411708,-73.63234528364549)
1 (45.680238949938634,-73.26350830238417)
1 (45.44485378964886,-73.56028538179422)
1 (45.31717595112732,-73.52382788860687)
1 (45.602681151889584,-73.50243928473816)
1 (45.731521751274386,-73.45296857428832)
1 (45.280457382318254,-73.74285634149498)
1 (45.577890760353974,-73.67991063988345)
1 (45.58072950253342,-73.57882108518329)
1 (45.26547717438562,-73.61001772309676)
1 (45.74275542020956,-73.65772578714805)
1 (45.28642516742004,-73.47462802932988)
1 (45.57547143298782,-73.27477706369908)
1 (45.421518942395195,-73.32334463168135)
1 (45.59774337557073,-73.26018336740826)
1 (45.47933577317025,-73.33742732604266)
1 (45.44267901058846,-73.64257559039946)
1 (45.373931032996204,-73.45548197543575)
1 (45.48951832862367,-73.31789377205561)
1 (45.63567489370966,-73.64981062199851)
1 (45.48398086453974,-73.47982792792428)
1 (45.38003635697464,-73.27332946520085)
1 (45.59593815225074,-73.57913197670487)
1 (45.32991079143903,-73.71287883015677)
1 (45.441892152378166,-73.57473467854797)
1 (45.69851312903954,-73.63504299696558)
1 (45.56897919163728,-73.71955251155009)
1 (45.591909694032275,-73.39526525063084)
1 (45.2570819803551,-73.58826449263236)
1 (45.58293706867896,-73.70008669332626)
1 (45.74612058636746,-73.50303948720446)
1 (45.741557728829974,-73.36575529037478)
1 (45.636706623607466,-73.44631219896125)
1 (45.68062749611694,-73.5042445739561)
1 (45.74408324277225,-73.4671843398016)
1 (45.59060081257836,-73.68988938190435)
1 (45.60763640956062,-73.48988288978309)
1 (45.29187566598093,-73.61638897045349)
1 (45.67125182381901,-73.31893810664995)
1 (45.52928073202103,-73.44484595844477)
1 (45.3534046141574,-73.50634907267047)
1 (45.569633072203935,-73.46880222538007)
1 (45.32010752219772,-73.60098521323262)
1 (45.640345458998226,-73.38190123672639)
1 (45.25870638709427,-73.63982775357388)
1 (45.36473832381575,-73.32784886163783)
1 (45.32600015153107,-73.56438541520654)
1 (45.60801192438497,-73.54076295166807)
1 (45.71027584331721,-73.55372414222037)
1 (45.546760299070755,-73.74679494453557)
1 (45.40358728783614,-73.55803114068873)
1 (45.31445920139069,-73.5950745222234)
1 (45.32796945244219,-73.59348909382922)
1 (45.25553598757669,-73.71757149114283)
1 (45.39726891048317,-73.6204666641419)
1 (45.64143043803563,-73.58338696771774)
1 (45.42488384472636,-73.57263698947094)
1 (45.663480947663956,-73.61327890632697)
1 (45.506945487120525,-73.33461640557623)
1 (45.61952150050251,-73.55489505767696)
1 (45.62033621368368,-73.68007098650266)
1 (45.453750688077164,-73.3882291920379)
1 (45.67542762026068,-73.38096894656681)
1 (45.69273450699128,-73.53423481703531)
1 (45.65453531848714,-73.38176258355001)
1 (45.344330919854826,-73.377322957665)
1 (45.74882548684362,-73.59976372525279)
1 (45.49087438886403,-73.58463923852689)
1 (45.578771329581066,-73.56483219677524)
1 (45.613134953951345,-73.41155792960188)
1 (45.64624613259319,-73.74772733336867)
1 (45.62736663263096,-73.62374887338841)
1 (45.619952598876885,-73.5470778520892)
1 (45.70418626869832,-73.34146601392067)
1 (45.40012673699864,-73.50990623218726)
1 (45.665074224080385,-73.52137446137628)
1 (45.64331748247188,-73.44999865651931)
1 (45.619964422076364,-73.43527563636836)
1 (45.553531996418705,-73.70214274709501)
1 (45.51769200398302,-73.38350831965495)
1 (45.26214929353889,-73.30836006770956)
1 (45.429992381323366,-73.49359633535592)
1 (45.52574372996466,-73.47474134766898)
1 (45.67929660195999,-73.30188132000849)
1 (45.26832260645884,-73.66434778495186)
1 (45.35074349327909,-73.3974224327356)
1 (45.682470889187066,-73.70287184573328)
1 (45.29962990835018,-73.72336241607621)
1 (45.682508978668174,-73.26935712053768)
1 (45.4769461270139,-73.68125267235516)
1 (45.472007997991774,-73.62425661139676)
1 (45.74769440340332,-73.46849769535075)
1 (45.3478701734573,-73.39146475306015)
1 (45.36936414881152,-73.59812269961364)
1 (45.613670244788004,-73.65968864444064)
1 (45.43123835206334,-73.30348548923072)
1 (45.6160671103796,-73.60162972518087)
1 (45.329131331834084,-73.51834729063354)
1 (45.44983326446989,-73.72692720990227)
1 (45.264708956425444,-73.3448848325166)
1 (45.29941259297956,-73.28667056141467)
1 (45.31371790151776,-73.37876907388896)
1 (45.69790586576209,-73.73351814717009)
1 (45.30325176842953,-73.45135386152067)
1 (45.68799596226842,-73.51206540942464)
1 (45.574607218444214,-73.27431087269676)
1 (45.46356366329954,-73.30908555026)
1 (45.68533427978477,-73.63171512553046)
1 (45.555607781535265,-73.73262201705084)
1 (45.72176084071437,-73.65862823632156)
1 (45.5015718513456,-73.71264177585127)
1 (45.6515718985556,-73.37364468764363)
1 (45.703292764251955,-73.72406448209263)
1 (45.544950038350365,-73.49565929182695)
1 (45.33552520890394,-73.72546263693985)
1 (45.53233453115257,-73.67228190403215)
1 (45.71435885321929,-73.48358360569429)
1 (45.54703185646577,-73.57886864461135)
1 (45.472833494897095,-73.71507465300532)
1 (45.72171170721203,-73.41305662726866)
1 (45.71967092720853,-73.72239776027716)
1 (45.26924787796105,-73.60998223996837)
1 (45.57628025983726,-73.43090128533)
1 (45.28041452198752,-73.63803101707047)
1 (45.59705686070646,-73.44837116619756)
1 (45.613623890517815,-73.50401011850167)
1 (45.57848337049801,-73.46711485327779)
1 (45.43519250137483,-73.60005237254367)
1 (45.653654409292734,-73.51173630553473)
1 (45.49254844101068,-73.26235378029327)
1 (45.35058515852834,-73.70324131721627)
1 (45.36734337734634,-73.38401435927221)
1 (45.465026776642944,-73.36196756462842)
1 (45.26060845603339,-73.63079528809578)
1 (45.661500530496106,-73.40806443389982)
1 (45.307894158313296,-73.74952309376359)
1 (45.66987519785029,-73.63885287474838)
1 (45.50876013144998,-73.634164708964)
1 (45.28905101363213,-73.56737651097548)
1 (45.582031314553575,-73.7242652164518)
1 (45.64417651054342,-73.59581011096483)
1 (45.42591310948034,-73.45448295381499)
1 (45.26931288477219,-73.37112238191335)
1 (45.37035847439956,-73.35237473986965)
1 (45.60357392555873,-73.72849540230683)
1 (45.55800613505491,-73.49437685647663)
1 (45.395507613813216,-73.67048353372526)
1 (45.57955955190633,-73.37709550889304)
1 (45.307849084128506,-73.35674991583717)
1 (45.41965223602496,-73.34256327231684)
1 (45.70276258664171,-73.5904494446326)
1 (45.340045608562775,-73.5120362273074)
1 (45.66630357981588,-73.28293226400582)
1 (45.53843168974384,-73.73319923545357)
1 (45.30007038727951,-73.35842265799015)
1 (45.27316335113919,-73.33031489877493)
1 (45.66787794647605,-73.52468316124016)
1 (45.63691077962718,-73.46589485405516)
1 (45.53577463773247,-73.28440482471565)
1 (45.29554369116857,-73.67588949861677)
1 (45.68483639850827,-73.4951694381557)
1 (45.28246446637194,-73.62818603116006)
1 (45.60791058960549,-73.70331038581836)
1 (45.35316815267129,-73.37637181762125)
1 (45.32384535820573,-73.37885413247822)
1 (45.45998122703666,-73.33726370170108)
1 (45.35572861125587,-73.56495475102167)
1 (45.6027315573455,-73.4116214023257)
1 (45.623273851576684,-73.32583954526868)
1 (45.64752803392576,-73.59275654277806)
1 (45.59372856710798,-73.7322640138771)
1 (45.68287888186649,-73.56741628338848)
1 (45.52054400488453,-73.46283024603713)
1 (45.60005367060114,-73.70736407510715)
1 (45.474533460143924,-73.42325290662764)
1 (45.342894571230936,-73.47849756923576)
1 (45.63835971210418,-73.59376276260072)
1 (45.67120852460185,-73.65713693015093)
1 (45.49193012930221,-73.60731796443741)
1 (45.321422340625055,-73.34028467483044)
1 (45.56364159005852,-73.33814890574394)
1 (45.628358968513375,-73.56820120458313)
1 (45.360405480832625,-73.541392762433)
1 (45.492793619367454,-73.4435580355055)
1 (45.41799633986107,-73.33017960982251)
1 (45.54087438328569,-73.43172384423022)
1 (45.6325060714162,-73.50651205733757)
1 (45.423542747636716,-73.56140631785289)
1 (45.643548709659576,-73.47663616858894)
1 (45.44676508817851,-73.51391581895598)
1 (45.54034938426286,-73.68033176047332)
1 (45.60668715031514,-73.59273481742231)
1 (45.55296402457004,-73.64665562444608)
1 (45.62774919770534,-73.30287000455449)
1 (45.67261481343596,-73.45615162234196)
1 (45.26635038631698,-73.7416320365954)
1 (45.317489691137204,-73.54139740274867)
1 (45.44782653211888,-73.70903068585443)
1 (45.72334250762651,-73.39398740282192)
1 (45.2503064728214,-73.38689133727996)
1 (45.691843452221306,-73.3666578711278)
1 (45.335437761996985,-73.61109153377024)
1 (45.673868189209124,-73.3642395599289)
1 (45.65302339395427,-73.67098444199767)
1 (45.399776751218305,-73.30647975527089)
1 (45.61428689484519,-73.7141188848213)
1 (45.39422212587953,-73.31950519020029)
1 (45.43678404805265,-73.71278373388975)
1 (45.729141335416024,-73.67080338543032)
1 (45.51290516879117,-73.5616972764377)
1 (45.27532030737579,-73.50508016796825)
1 (45.44346268089201,-73.72333022979628)
1 (45.51028705878735,-73.4652064778501)
1 (45.30803456186976,-73.41889404794694)
1 (45.62827595615421,-73.29369839912142)
1 (45.31453497332817,-73.67894403909831)
1 (45.27661915930913,-73.50577945891165)
1 (45.68190904530395,-73.61783991958237)
1 (45.7121595921602,-73.70505490937731)
1 (45.46189992386635,-73.58097427561056)
1 (45.531143086592095,-73.57718315912267)
1 (45.49851153968611,-73.33272243018796)
1 (45.37653565763042,-73.54565984285249)
1 (45.35709157912525,-73.70648521658723)
1 (45.667825002173444,-73.50693576181553)
1 (45.32888496696033,-73.62598903047615)
1 (45.430103903440205,-73.47957007232657)
1 (45.53145878623635,-73.6291756202498)
1 (45.721596054334384,-73.40397584485487)
1 (45.68057533848374,-73.48255687270125)
1 (45.47177359881172,-73.71554541130547)
1 (45.304891135630086,-73.66482810393234)
1 (45.745828575871435,-73.68454844864989)
1 (45.511284947967404,-73.42382595576883)
1 (45.545498814325754,-73.37117624476357)
1 (45.385669122962895,-73.27058535641763)
1 (45.74111239981602,-73.38346100504567)
1 (45.731814082686675,-73.66829266291866)
1 (45.605202679865116,-73.44952949788984)
1 (45.609016717263366,-73.30235021694479)
1 (45.684159273892945,-73.6237560119599)
1 (45.52836902746342,-73.68056055589271)
1 (45.401119012718766,-73.73885972619028)
1 (45.70693445718348,-73.40960633858239)
1 (45.330663564987205,-73.49284735912036)
1 (45.45931471148021,-73.32554519077918)
1 (45.52387924355184,-73.32093233940364)
1 (45.62689116185056,-73.72195642746945)
1 (45.59094746910287,-73.44816709663705)
1 (45.40645008907867,-73.71966992002706)
1 (45.467672808227846,-73.74850573885753)
1 (45.54195246388748,-73.35667484639886)
1 (45.402218683390224,-73.25036964489637)
1 (45.585884258149775,-73.74584958365826)
1 (45.69880920513444,-73.32751921308406)
1 (45.31992417286569,-73.65157152581685)
1 (45.646268819054896,-73.29714016673113)
1 (45.448591671764255,-73.57405883437917)
1 (45.34100975561388,-73.31453361346558)
1 (45.34408867303332,-73.40246401169132)
1 (45.286440560153856,-73.60565418603517)
1 (45.425724279012584,-73.40428214490537)
1 (45.713757226171445,-73.71497148709207)
1 (45.70311250886921,-73.25955460449839)
1 (45.522691791212765,-73.56673504339129)
1 (45.59875900658209,-73.52364219377239)
1 (45.58503145809626,-73.74270375193028)
1 (45.392703194667156,-73.31200925859255)
1 (45.388584724746444,-73.46875637346422)
1 (45.49955845801907,-73.64450368912215)
1 (45.62475907003549,-73.37652959521164)
1 (45.2965933830746,-73.26503543090317)
1 (45.33902825534233,-73.66433627295818)
1 (45.370423149070845,-73.36534928576005)
1 (45.670305435035914,-73.32409656465515)
1 (45.339430670934114,-73.48875547744197)
1 (45.50260157511402,-73.62787004214253)
1 (45.33921327154002,-73.47122474810402)
1 (45.54033701622009,-73.57880780537823)
1 (45.32915089795502,-73.59317258167356)
1 (45.39728722130529,-73.52694850774625)
1 (45.589618203462685,-73.66554992863938)
1 (45.25838214712723,-73.6302631401657)
1 (45.6314133096957,-73.55852616713604)
1 (45.533441698885206,-73.30570865748803)
1 (45.73165179902125,-73.70009268097299)
1 (45.67241847127107,-73.26378097947736)
1 (45.44367560057168,-73.325333498967)
1 (45.45283171107892,-73.65316356051487)
1 (45.70245170953125,-73.74490248944196)
1 (45.5818151157691,-73.25954795630493)
1 (45.56148698857752,-73.62341446770014)
1 (45.377564271059995,-73.60455842695085)
1 (45.65246068323096,-73.7150006028199)
1 (45.60795767575962,-73.67694308971942)
1 (45.654577318811484,-73.69419643507656)
1 (45.26773870167173,-73.39879955358602)
1 (45.397068158543306,-73.64562378562637)
1 (45.66988422974724,-73.2845833684944)
1 (45.69532061198652,-73.43559594524595)
1 (45.711648636215905,-73.59000331065558)
1 (45.63879015441813,-73.58281823988962)
1 (45.551260488670565,-73.5716376964821)
1 (45.3071508650266,-73.3737742369813)
1 (45.69736229912261,-73.28621172674974)
1 (45.290065597335754,-73.33118086674749)
1 (45.67002210884259,-73.650955953292)
1 (45.42550844915165,-73.7410633938099)
1 (45.43950895229683,-73.26332180817772)
1 (45.351747263668365,-73.27554460327562)
1 (45.28701241684401,-73.7395602274328)
1 (45.28889511744087,-73.31436004905763)
1 (45.560099923791284,-73.57727528766206)
1 (45.427365391298714,-73.36840465002558)
1 (45.514943624948785,-73.27704481528)
1 (45.40261574748575,-73.5432834417314)
1 (45.54721201146873,-73.6725557486971)
1 (45.578242157818984,-73.74988264131152)
1 (45.61400963242519,-73.61743222556915)
1 (45.742785050914534,-73.37239484081941)
1 (45.540361696929956,-73.3600400625915)
1 (45.34953509038513,-73.3420254507933)
1 (45.68547854717097,-73.6050316896449)
1 (45.59317726736614,-73.53677502590057)
1 (45.61639812255798,-73.41225086473631)
1 (45.42228754867038,-73.63423563596629)
1 (45.49959317576299,-73.71984737618757)
1 (45.53249698156298,-73.48525686026956)
1 (45.37474292050264,-73.39905705554781)
1 (45.47156443912523,-73.25163035939175)
1 (45.31910731463121,-73.35308294848302)
1 (45.714649218896405,-73.46060976740307)
1 (45.74580521526002,-73.26186923516543)
1 (45.43575125355901,-73.27312558538708)
1 (45.704786325130726,-73.64828948041851)
1 (45.70958693209725,-73.64097292718168)
1 (45.57139966887863,-73.49937680030882)
1 (45.52709451946986,-73.64104255764809)
1 (45.41419989600242,-73.71870351455667)
1 (45.29731402322931,-73.62183420013348)
1 (45.630995961227256,-73.7128736906059)
1 (45.43856190042428,-73.37903336024783)
1 (45.63013504758732,-73.42632223749189)
1 (45.73262201730344,-73.39285157003667)
1 (45.41262755573013,-73.63421970278559)
1 (45.327099955682314,-73.71012241474695)
1 (45.379957851254765,-73.28326255956664)
1 (45.62313843861797,-73.33881393060804)
1 (45.552288124377746,-73.63448402849598)
1 (45.2783677265888,-73.54166084624562)
1 (45.6322515272539,-73.41095098847033)
1 (45.68826515886003,-73.66903818915387)
1 (45.490643583001756,-73.58631819863757)
1 (45.583024326564825,-73.65899055248553)
1 (45.68205945777873,-73.36769120673291)
1 (45.291584689842125,-73.5544995613389)
1 (45.52088792808325,-73.32810505644468)
1 (45.27964853458194,-73.34461486040286)
1 (45.56106092374234,-73.53015623145981)
1 (45.26431270853548,-73.62699185486113)
1 (45.52657108312768,-73.35293075966516)
1 (45.54436866208524,-73.51467269737337)
1 (45.33400794931372,-73.58935197318816)
1 (45.662374746295804,-73.36961462736426)
1 (45.333226644127365,-73.72042665386395)
1 (45.632280734226285,-73.33951301626414)
1 (45.267751178196875,-73.59659911318917)
1 (45.72468534856975,-73.30288420636498)
1 (45.72262792958516,-73.5645278495625)
1 (45.700733080283236,-73.69016650956625)
1 (45.48418296826503,-73.37008019432776)
1 (45.42520771520881,-73.74576528143866)
1 (45.283500243246586,-73.44519554267974)
1 (45.469555556668425,-73.62751140015202)
1 (45.333425952630215,-73.44749872186948)
1 (45.636372019645265,-73.30592008251733)
1 (45.39751764698077,-73.66714968374428)
1 (45.298311478774295,-73.52593018374348)
1 (45.34859498926516,-73.64539725502777)
1 (45.546430420782535,-73.62847194022532)
1 (45.28441220038622,-73.56365909867313)
1 (45.38565033232093,-73.29825420376793)
1 (45.26846074353251,-73.66068128191627)
1 (45.59832705898657,-73.30758009682025)
1 (45.655023893781056,-73.61843588637885)
1 (45.42083949319316,-73.56379298956665)
1 (45.739343060431736,-73.52489575066546)
1 (45.34266100905256,-73.7401227536543)
1 (45.64611942114383,-73.67368084954865)
1 (45.64255297800161,-73.47624513804973)
1 (45.432562084071314,-73.59680123935878)
1 (45.72232038840127,-73.57578504863514)
1 (45.33580784457578,-73.34732704835261)
1 (45.384995450630385,-73.30328767348857)
1 (45.438775508419205,-73.65379646990883)
1 (45.43136576101739,-73.29284901293093)
1 (45.26338129312527,-73.65752805088549)
1 (45.316439510731016,-73.72464078847325)
1 (45.42552981625637,-73.51773420440848)
1 (45.61574087519673,-73.30398226372907)
1 (45.50240886302939,-73.72743814518796)
1 (45.70025449315077,-73.69040472563798)