250 250
101 (45.5,-73.5)
1 (45.580130977274855,-73.67607585311508)
1 (45.70319726650195,-73.70429738926602)
1 (45.57913516493702,-73.66464810489626)
1 (45.631337357954614,-73.52361269028867)
1 (45.43284073158395,-73.25131595159398)
1 (45.74900164515956,-73.27657243928923)
1 (45.450429147572834,-73.40754131357399)
1 (45.2596391017135,-73.33922807311819)
1 (45.47296423619178,-73.30725911803924)
1 (45.536927712009046,-73.5493281339575)
1 (45.60136245060765,-73.442391305702)
1 (45.37364763110149,-73.61567819011555)
1 (45.34596389770909,-73.67217917231977)
1 (45.604677419022885,-73.48944862217007)
1 (45.68490218323786,-73.32399465959374)
1 (45.538820968332104,-73.70156559147624)
1 (45.51114645629403,-73.48233386315675)
1 (45.3846611598436,-73.61905048747663)
1 (45.5813903904145,-73.3561144988682)
1 (45.49674931881519,-73.50627924423091)
1 (45.353888047587475,-73.60219146248792)
1 (45.30017811136897,-73.6946128377944)
1 (45.51688785850198,-73.70517318209586)
1 (45.673948456277586,-73.56570604362743)
1 (45.56449131283462,-73.47016388022732)
1 (45.38652965667442,-73.44003197736676)
1 (45.47256407872762,-73.37597516016446)
1 (45.38062501314229,-73.33276528655604)
1 (45.36375275265317,-73.46164333097035)
1 (45.298393565520605,-73.39414744804073)
1 (45.527711523835436,-73.57875658867289)
1 (45.6232417743033,-73.69081305335119)
1 (45.280318432364176,-73.73613932901088)
1 (45.68978744502192,-73.30828641879299)
1 (45.40396225365936,-73.39185889174729)
1 (45.57971119350524,-73.5629633232316)
1 (45.309906044356154,-73.4103128308788)
1 (45.57794935651609,-73.40437325156013)
1 (45.60328506835932,-73.49932283851042)
1 (45.41104520438788,-73.36537273618441)
1 (45.41147167009171,-73.27370453645796)
1 (45.42746383926435,-73.67915117387399)
1 (45.65734131816751,-73.65770016841086)
1 (45.70828941501958,-73.4275357855767)
1 (45.42039914664452,-73.63895416416752)
1 (45.315961359956965,-73.31506276342303)
1 (45.63077745055262,-73.42137975505173)
1 (45.49856991816707,-73.37763744743266)
1 (45.58379035429892,-73.29330750637601)
1 (45.66771938767547,-73.63333640228362)
1 (45.646032459528634,-73.53072483436053)
1 (45.3590806906418,-73.36601009398964)
1 (45.54793434872622,-73.39320827052062)
1 (45.66649331072663,-73.39982527555676)
1 (45.32223834409308,-73.74231857358711)
1 (45.312839884750666,-73.3747413808214)
1 (45.253033732501336,-73.51877142641928)
1 (45.58390501129469,-73.66914606097839)
1 (45.64579177404895,-73.25561456285095)
1 (45.30504296656488,-73.73648030904475)
1 (45.315266036736745,-73.4799351434795)
1 (45.38471763097664,-73.72766393266747)
1 (45.41517491000763,-73.26528923377829)
1 (45.68384092580387,-73.36048801406194)
1 (45.60125859327916,-73.34108794515912)
1 (45.59532433942165,-73.57087093244779)
1 (45.52760372856394,-73.54359312595179)
1 (45.734371716938625,-73.5389804413768)
1 (45.32505477627934,-73.50596818300907)
1 (45.54677932248979,-73.7257045591505)
1 (45.500081751011976,-73.3319976816133)
1 (45.439872884365506,-73.58180950191517)
1 (45.62264987378815,-73.57963246137915)
1 (45.7286992156584,-73.60335336483747)
1 (45.74243753776862,-73.69643465698002)
1 (45.26870372869518,-73.40252983386024)
1 (45.68417459857471,-73.59929026785333)
1 (45.615362956947436,-73.44309647913326)
1 (45.72492386549988,-73.37542493119766)
1 (45.411104926029424,-73.55389787891704)
1 (45.64880451744599,-73.60080115364856)
1 (45.45033823666323,-73.282724010793)
1 (45.30795681873181,-73.52539358894953)
1 (45.514523908841845,-73.5858502323786)
1 (45.59247335983497,-73.36263185687922)
1 (45.600962790178265,-73.26608508005613)
1 (45.626572888029685,-73.64246810617367)
1 (45.59133396131337,-73.47400814254661)
1 (45.56346842160684,-73.544069917812)
1 (45.719008424199146,-73.47331039738572)
1 (45.547182265549246,-73.31505666019329)
1 (45.39777530421088,-73.74175490653681)
1 (45.745986244642424,-73.30949080275931)
1 (45.568856115872386,-73.33425635448454)
1 (45.339196322009975,-73.3365032707783)
1 (45.70794618548995,-73.27393328016637)
1 (45.456726478949214,-73.40547529062685)
1 (45.509510145960945,-73.56071734574756)
1 (45.32910753412547,-73.58211673011296)
1 (45.53167218092938,-73.69520950366702)
1 (45.30460237980549,-73.5325742020933)
1 (45.74177958681459,-73.40795330466841)
1 (45.429599939673174,-73.42987018837516)
1 (45.45008176195672,-73.56115107954741)
1 (45.46864575355544,-73.72851708015145)
1 (45.55695498343235,-73.45107931864565)
1 (45.56126818434743,-73.37906836407801)
1 (45.36771630144499,-73.48506488572238)
1 (45.67418463692296,-73.35466198022002)
1 (45.44830873087953,-73.43686414651903)
1 (45.60952336051284,-73.39627894413088)
1 (45.60500262306837,-73.69864283846346)
1 (45.572371840111494,-73.65248298228059)
1 (45.57174684852171,-73.64648458796334)
1 (45.68426378023282,-73.39282550412379)
1 (45.37991624637068,-73.41946171436538)
1 (45.35314242621615,-73.71189247521546)
1 (45.66694064316231,-73.57978247319055)
1 (45.574888670348976,-73.61313839830802)
1 (45.3526633772552,-73.27338403668384)
1 (45.54667825349024,-73.56819503069192)
1 (45.67526617388773,-73.6465713226706)
1 (45.4182331219759,-73.58826081194147)
1 (45.53220991153347,-73.39490709344994)
1 (45.59345776847626,-73.51946975658126)
1 (45.41587970150758,-73.42553927023313)
1 (45.72200221140647,-73.68380660055992)
1 (45.46848537085655,-73.70350672822116)
1 (45.38796904615855,-73.63117794353266)
1 (45.306257270087265,-73.4262955190525)
1 (45.511282583814065,-73.64666702316123)
1 (45.279090131798604,-73.7290229000934)
1 (45.62616437318085,-73.26979297292146)
1 (45.73852648797641,-73.66510677859203)
1 (45.49070949497797,-73.4297630050397)
1 (45.68433385624048,-73.73413393323094)
1 (45.411734403813774,-73.38224931096771)
1 (45.34791873406149,-73.73987085887765)
1 (45.73986756889068,-73.44914009313646)
1 (45.34943340559197,-73.25696612843876)
1 (45.70127994257146,-73.61300745666165)
1 (45.534669800766906,-73.46487423152999)
1 (45.584503232945764,-73.30270260180787)
1 (45.45769828483617,-73.57188587682582)
1 (45.29345959550393,-73.72553172417166)
1 (45.725697098949915,-73.50088033531901)
1 (45.41112712954325,-73.35488426461441)
1 (45.56353174619787,-73.44152098161157)
1 (45.69219146699915,-73.6699777683492)