1600 1600
101 (45.5,-73.5)
1 (45.669353849408346,-73.52567727750635)
1 (45.30838899109858,-73.37132234445731)
1 (45.46091182868583,-73.31833097116773)
1 (45.63350477817783,-73.5564658335668)
1 (45.69872263050928,-73.53114173256057)
1 (45.61635278774144,-73.48515369651953)
1 (45.707448223376595,-73.3141038037386)
1 (45.34319586021779,-73.58876852295543)
1 (45.40921979800008,-73.49637386354945)
1 (45.30243607191061,-73.73547384985451)
1 (45.746935021991085,-73.65521412058693)
1 (45.745246238114206,-73.30325010801216)
1 (45.6372265634392,-73.6112080746135)
1 (45.529005386649416,-73.58074608086567)
1 (45.29503595869339,-73.59509545864046)
1 (45.596263229441035,-73.48323534485573)
1 (45.30346542244241,-73.74905242253725)
1 (45.65650961141742,-73.29313509150258)
1 (45.72494320060518,-73.5270993900895)
1 (45.693200902364985,-73.59108758111263)
1 (45.362726755573,-73.44554872796844)
1 (45.61429569256549,-73.734522790404)
1 (45.485380862020364,-73.50501044694703)
1 (45.70097822368033,-73.66591331729556)
1 (45.42110639776167,-73.46045410205647)
1 (45.486298711695135,-73.492600957126)
1 (45.41365862865173,-73.45518100008586)
1 (45.313135441525525,-73.6741171798475)
1 (45.50708227159947,-73.35829083763764)
1 (45.57918426291383,-73.28133766547403)
1 (45.49260357700847,-73.45333283605822)
1 (45.575607065879844,-73.6546041027076)
1 (45.60775839032575,-73.41831141106623)
1 (45.365521394982686,-73.38511441460042)
1 (45.72519816410692,-73.3140723519539)
1 (45.328689312612376,-73.37542551984303)
1 (45.706604046457585,-73.5593255847972)
1 (45.31956420485203,-73.30083070605066)
1 (45.42575284141717,-73.61616627924055)
1 (45.34728030340124,-73.59366663009881)
1 (45.68401662226802,-73.3399364723035)
1 (45.28822013369033,-73.60727310855194)
1 (45.35144102610404,-73.66162476371002)
1 (45.384471107087265,-73.38537145112761)
1 (45.56703593864224,-73.46973233564167)
1 (45.66478324934243,-73.46604556735377)
1 (45.72302487973963,-73.74163866404542)
1 (45.44856568753752,-73.3873025710151)
1 (45.73953842578217,-73.64198115978782)
1 (45.25801048064084,-73.53335786207883)
1 (45.30859978028307,-73.45741805632039)
1 (45.26860799631967,-73.66733255650666)
1 (45.34923900621165,-73.37337471817855)
1 (45.37411899437384,-73.43696908537724)
1 (45.36918582202045,-73.71897862440602)
1 (45.528494189581,-73.31526374391142)
1 (45.272829103937674,-73.41136910279832)
1 (45.254282892675555,-73.34758304261757)
1 (45.38999431494243,-73.41992303908093)
1 (45.57474826331228,-73.72087346472205)
1 (45.62557874100061,-73.64466857853384)
1 (45.63520723165214,-73.54899247098469)
1 (45.64619739100969,-73.66126398719334)
1 (45.428039090115696,-73.38098139849866)
1 (45.426730773915516,-73.32739956749946)
1 (45.32535761724018,-73.28626881057959)
1 (45.277029065038036,-73.27233586798924)
1 (45.55351703617317,-73.4523360789781)
1 (45.657015607491786,-73.3025217906917)
1 (45.31442340518851,-73.54629458607891)
1 (45.667045570806,-73.2518420153956)
1 (45.470048286820216,-73.64211733908913)
1 (45.569614352851815,-73.28502321248975)
1 (45.558592712730885,-73.29993520978047)
1 (45.55837330894095,-73.62708424358074)
1 (45.40342504824623,-73.40285162770276)
1 (45.74089857714577,-73.64044595319571)
1 (45.70921725021404,-73.61014694049192)
1 (45.44277249168198,-73.60442164536141)
1 (45.31362961589033,-73.2735369875234)
1 (45.47227479432264,-73.46928972199899)
1 (45.67744522867761,-73.38531818534351)
1 (45.40734454912956,-73.25900554136125)
1 (45.25123061488947,-73.58377466792837)
1 (45.27946183327867,-73.68283995418544)
1 (45.552400437331976,-73.43214062938762)
1 (45.732711445410175,-73.38683743870996)
1 (45.622989377070994,-73.6127042254911)
1 (45.33052922901806,-73.63096729810748)
1 (45.51548547498421,-73.33730743594505)
1 (45.66749509975083,-73.51719678915435)
1 (45.571754689065614,-73.6695388960062)
1 (45.31902462786076,-73.71744543829578)
1 (45.518387501304645,-73.5823351329463)
1 (45.42792494540805,-73.4584855655579)
1 (45.300723969165546,-73.4374982360377)
1 (45.38351849016792,-73.31333408276777)
1 (45.61736443610467,-73.67080617118245)
1 (45.59640175811599,-73.62553645783608)
1 (45.29714904417361,-73.29793485878682)
1 (45.30989418965332,-73.65397407483637)
1 (45.481389775077986,-73.42232903420988)
1 (45.71784598443879,-73.27143154711659)
1 (45.535564617395664,-73.72645208721235)
1 (45.377711513354484,-73.28014135689195)
1 (45.716734281726715,-73.46251271073442)
1 (45.51765857130667,-73.62187830014985)
1 (45.365617587846494,-73.72780952428805)
1 (45.33697185132171,-73.45890680979008)
1 (45.275562451978445,-73.31325250980203)
1 (45.29012243398858,-73.28518994019922)
1 (45.4145752782937,-73.65141327019833)
1 (45.62661306147214,-73.3947487362968)
1 (45.34112206709498,-73.36262397374274)
1 (45.63107279102362,-73.68591682409492)
1 (45.459590795539675,-73.60418778263117)
1 (45.571062235337294,-73.41646491164109)
1 (45.707104854313314,-73.36868182076547)
1 (45.31366443258353,-73.64517587050524)
1 (45.34980359919287,-73.55262614349716)
1 (45.416174428382185,-73.70043111491216)
1 (45.29375647023695,-73.52646085469009)
1 (45.731063916095216,-73.60572485164805)
1 (45.68335330488776,-73.58081575431068)
1 (45.69088555454747,-73.46575289671394)
1 (45.56831377053865,-73.50247556137288)
1 (45.45489509459696,-73.37482844821)
1 (45.56938509995337,-73.64623613788031)
1 (45.505907400659346,-73.45185759739641)
1 (45.26234773372959,-73.71601545969662)
1 (45.58326584127219,-73.63296286107007)
1 (45.43012457024719,-73.55012597657814)
1 (45.52579311309549,-73.36407338245255)
1 (45.403589901973184,-73.52153288570342)
1 (45.677204207996326,-73.33140605468336)
1 (45.42310037203337,-73.71421593444975)
1 (45.4757011756817,-73.34774223116936)
1 (45.304820665720484,-73.32142024421394)
1 (45.709332183089145,-73.47676019102845)
1 (45.68859266310634,-73.73062453872076)
1 (45.66918586985442,-73.42641375315497)
1 (45.27739744513503,-73.51347352199505)
1 (45.5736050812172,-73.67545349661242)
1 (45.252385477444165,-73.52671351522497)
1 (45.668342627219275,-73.7146666533465)
1 (45.462000823137984,-73.5523389515333)
1 (45.329944704561704,-73.68626811771162)
1 (45.538901259341216,-73.36170000604697)
1 (45.31263612025445,-73.59110475364815)
1 (45.294176880481835,-73.27923972750959)
1 (45.48259452053792,-73.60394105360507)
1 (45.574795469358456,-73.74682200057411)
1 (45.47773945286027,-73.39207455199175)
1 (45.74725377650752,-73.5492795569991)
1 (45.71602482009289,-73.67188490551813)
1 (45.58808966803053,-73.25585428531616)
1 (45.550712344932535,-73.5616509177702)
1 (45.62021074031168,-73.56062009077819)
1 (45.63721601618586,-73.59707540809863)
1 (45.33292095614051,-73.5677714783809)
1 (45.73284664658417,-73.5684381316785)
1 (45.26307754205583,-73.66482892362983)
1 (45.69814832587496,-73.61515258917642)
1 (45.59498603966573,-73.45835527887544)
1 (45.4065071693247,-73.27473288753966)
1 (45.25744262777078,-73.31269517750205)
1 (45.59732585777876,-73.42878238679299)
1 (45.45775793604106,-73.33254259770412)
1 (45.42729598728297,-73.31859628161051)
1 (45.694648058168404,-73.66480947834535)
1 (45.58416316579707,-73.51732570708765)
1 (45.534553653173376,-73.26431153984531)
1 (45.3278684230255,-73.44438159693478)
1 (45.31924928207725,-73.2712051430429)
1 (45.71506260005873,-73.69086166634531)
1 (45.49653060825887,-73.3859021467221)
1 (45.54472867361534,-73.59226477785339)
1 (45.43031793344301,-73.59935767410748)
1 (45.73501034834258,-73.63661197471552)
1 (45.35169036743136,-73.34316868620982)
1 (45.40433336969489,-73.43232439851366)
1 (45.558165820345835,-73.56483911406276)
1 (45.38351948776357,-73.5808133054903)
1 (45.55496740251298,-73.4088604249722)
1 (45.72983109401818,-73.40371823282938)
1 (45.559068134788276,-73.59392439816122)
1 (45.54874801820136,-73.56408463352763)
1 (45.6544812186525,-73.72062774890054)
1 (45.55476601438032,-73.69450292053399)
1 (45.39556407033211,-73.62244649205002)
1 (45.318620104130936,-73.70333612966327)
1 (45.30403007438861,-73.48555049556707)
1 (45.555073743051175,-73.47264401931822)
1 (45.49491294711837,-73.3101971363867)
1 (45.602778611816696,-73.68826690389653)
1 (45.59690404815173,-73.36798537564265)
1 (45.435697566485224,-73.55376295632082)
1 (45.703284027623724,-73.62517015265477)
1 (45.62419706049619,-73.63549806125829)
1 (45.30109601919369,-73.65252936581648)
1 (45.63315319094225,-73.56616802367755)
1 (45.47825800720322,-73.32694415825773)
1 (45.70427915274591,-73.29838820295937)
1 (45.700988350486405,-73.64889593154166)
1 (45.320370017405594,-73.5487161213866)
1 (45.58721850060858,-73.25350151475638)
1 (45.390273909523124,-73.5055782278831)
1 (45.37559358453387,-73.68050098822117)
1 (45.32513725907076,-73.29205223945894)
1 (45.70421144520195,-73.69078048771348)
1 (45.59883469801079,-73.57631217586457)
1 (45.3684272041342,-73.3735554330809)
1 (45.69848283656,-73.60877344594171)
1 (45.42285075323017,-73.47925741593322)
1 (45.57455009207776,-73.33558107585384)
1 (45.3290906013981,-73.3384611675206)
1 (45.29431328590445,-73.59306432435406)
1 (45.327848145055455,-73.38685576052622)
1 (45.58727484975605,-73.72713673784617)
1 (45.33164235548901,-73.71030741611216)
1 (45.34664281934065,-73.30535079476206)
1 (45.39274541747629,-73.65247897687401)
1 (45.41708904813035,-73.39742220208187)
1 (45.69983600336974,-73.39026433281626)
1 (45.65573950946718,-73.6925189528328)
1 (45.59642721687031,-73.47946397934079)
1 (45.30071347750211,-73.49846589988297)
1 (45.29430237049318,-73.70467062980677)
1 (45.61951701620505,-73.42924620009543)
1 (45.275992426006596,-73.63325221258673)
1 (45.63820948796041,-73.33278621355221)
1 (45.3417545823918,-73.57361218594629)
1 (45.47149959241448,-73.7409910650565)
1 (45.35856244660069,-73.67257508815506)
1 (45.383791446101334,-73.3383535008773)
1 (45.5112939768407,-73.65578858264337)
1 (45.71168885839202,-73.64418906662814)
1 (45.73960413255719,-73.71845066980191)
1 (45.669579715631194,-73.28665632754578)
1 (45.567894855009435,-73.31146421493598)
1 (45.34166024128815,-73.41420103814286)
1 (45.70034601732638,-73.54028854878027)
1 (45.336122606442686,-73.44191879792419)
1 (45.55814648126733,-73.60030110062053)
1 (45.64021729027263,-73.46656122243543)
1 (45.38186548973696,-73.61339977392073)
1 (45.668515120217734,-73.30451596220034)
1 (45.60833008751834,-73.40587009860066)
1 (45.340931998180984,-73.71207164939784)
1 (45.45842528978512,-73.6772086175329)
1 (45.261942814211466,-73.43663397055073)
1 (45.53990936996104,-73.65363753634067)
1 (45.69789916538073,-73.3212898792451)
1 (45.277637444403226,-73.6984631872563)
1 (45.56547881616196,-73.74322211251871)
1 (45.632512371985754,-73.46422398367487)
1 (45.55103311912998,-73.7089569618993)
1 (45.36003265333536,-73.51874163880774)
1 (45.277962099638856,-73.4562834010898)
1 (45.489482939355895,-73.45873211697833)
1 (45.62723466397949,-73.42391241633294)
1 (45.27561336807743,-73.34055096622653)
1 (45.3947853098203,-73.44555066456157)
1 (45.58607992823263,-73.30794062329178)
1 (45.438756602567935,-73.5050431361581)
1 (45.53996861498735,-73.58131514319054)
1 (45.32941997706525,-73.35359500313407)
1 (45.70540216965102,-73.49216088351533)
1 (45.26509586999944,-73.73881314078682)
1 (45.29752869003898,-73.49954960318064)
1 (45.658507471600544,-73.42841353979126)
1 (45.59211746413889,-73.61355339543945)
1 (45.32974032685524,-73.62892099276745)
1 (45.684537929062245,-73.37251883579198)
1 (45.66434383098754,-73.30154322926691)
1 (45.27907361381174,-73.4777007688603)
1 (45.408098503622945,-73.26363178944611)
1 (45.38932356545912,-73.37967400128753)
1 (45.4735863927302,-73.33474773289642)
1 (45.66686966505237,-73.53623422002019)
1 (45.727940285716,-73.64133055328391)
1 (45.55243889041376,-73.72116747852832)
1 (45.716010538777766,-73.53332410452192)
1 (45.561465499493444,-73.65731037899367)
1 (45.64867671638271,-73.38984400720976)
1 (45.27425877601526,-73.37574120739778)
1 (45.252144599768144,-73.39907625427347)
1 (45.499907830927825,-73.56573531118327)
1 (45.73080704451314,-73.6900774215037)
1 (45.62260573533307,-73.27728562537027)
1 (45.64361107302815,-73.47100204342746)
1 (45.31925088370063,-73.66953269693026)
1 (45.43186109406067,-73.58951365642663)
1 (45.65798464319361,-73.56436618227593)
1 (45.665002220803025,-73.67674088403267)
1 (45.54874962766847,-73.36475285061255)
1 (45.29016519757017,-73.26612102376102)
1 (45.61900416876337,-73.43201422173627)
1 (45.281118318215775,-73.49282861827396)
1 (45.33040400546751,-73.28531970577417)
1 (45.582759662496365,-73.67821702814878)
1 (45.53556318152289,-73.49007923194867)
1 (45.638396397636185,-73.28680682321034)
1 (45.69793195639519,-73.33971245883444)
1 (45.56879603143081,-73.4108347715784)
1 (45.66238005880232,-73.4074391239094)
1 (45.7443580160053,-73.58923308861452)
1 (45.669249668921935,-73.25127880048082)
1 (45.55474216080028,-73.40413889936812)
1 (45.250443271946885,-73.49636558818202)
1 (45.633903731607774,-73.41863930551737)
1 (45.73253695181946,-73.69397665453617)
1 (45.642723300924054,-73.62443803118491)
1 (45.29896114575543,-73.26634143044441)
1 (45.446282790760755,-73.65748494159291)
1 (45.430965891426226,-73.49034117086538)
1 (45.648327324927294,-73.61334045486309)
1 (45.55538903042455,-73.35162656066746)
1 (45.461565900901576,-73.35215192747977)
1 (45.37617111344522,-73.7134740746513)
1 (45.299202114309495,-73.72560003028755)
1 (45.65611200788427,-73.59186975595017)
1 (45.27044933349778,-73.68502823820832)
1 (45.64553948524373,-73.4098519733183)
1 (45.45077337159982,-73.74119915188628)
1 (45.42536126372426,-73.42006283088655)
1 (45.376218430702295,-73.74172696891799)
1 (45.64339758077546,-73.53475068245562)
1 (45.68041092377748,-73.41221562386448)
1 (45.474942116211494,-73.58713433176351)
1 (45.6526986883967,-73.57148778414313)
1 (45.63117496388692,-73.56708242161314)
1 (45.746371567096915,-73.38002037495626)
1 (45.3723520831927,-73.6274794294432)
1 (45.70702250072116,-73.41380757337936)
1 (45.25662145194087,-73.64544271407871)
1 (45.52284672188708,-73.27335287055159)
1 (45.26986689270091,-73.34472300429486)
1 (45.3210396903054,-73.33934729279176)
1 (45.53715641924416,-73.44216379308148)
1 (45.647442921887254,-73.67282103349035)
1 (45.51217261316844,-73.47201273586492)
1 (45.270199972629094,-73.42816175499628)
1 (45.37742834319076,-73.3671716279267)
1 (45.74242326140258,-73.5023726319639)
1 (45.36512209591293,-73.53613909751829)
1 (45.44373548990192,-73.48329932814917)
1 (45.326162633980985,-73.56844317506611)
1 (45.69603802228208,-73.28328498679451)
1 (45.63319381266666,-73.32977919167432)
1 (45.31497147721005,-73.65281833235305)
1 (45.4023759769048,-73.57086088192791)
1 (45.615272458715964,-73.56121986340067)
1 (45.55823117278217,-73.2711611358804)
1 (45.435593267099726,-73.70826715049351)
1 (45.446035216874165,-73.27026127575293)
1 (45.686340010283885,-73.69189036719074)
1 (45.51704049601677,-73.30544607318245)
1 (45.25269766181725,-73.60267471858057)
1 (45.57323895086252,-73.37447454232642)
1 (45.30424892497608,-73.54588690513381)
1 (45.66042579630944,-73.3771245058594)
1 (45.672456965057506,-73.30609848348924)
1 (45.4409999659697,-73.25815192312706)
1 (45.45777061104799,-73.56820879755668)
1 (45.26123838481471,-73.37772397755218)
1 (45.41922354225305,-73.29177655650334)
1 (45.65170661798993,-73.57317783205694)
1 (45.481137583946214,-73.50304865879511)
1 (45.664019540739176,-73.34812489598663)
1 (45.36390328693742,-73.42093104252362)
1 (45.25234128447588,-73.33146357615362)
1 (45.40879939794687,-73.4693764026947)
1 (45.353814336476404,-73.58978130152845)
1 (45.62042598514939,-73.34926929942135)
1 (45.40853405050631,-73.5519195330195)
1 (45.294564469722474,-73.44786951847746)
1 (45.28673466814548,-73.71414369041956)
1 (45.334140698366724,-73.45323010367292)
1 (45.45852972017217,-73.43840265074262)
1 (45.481456075445024,-73.61473682687199)
1 (45.749849715864684,-73.53458047814188)
1 (45.71096434692594,-73.6490215847902)
1 (45.677146226306945,-73.430436231078)
1 (45.43361057392762,-73.33298229869371)
1 (45.642981977997835,-73.5800952229335)
1 (45.46111160324088,-73.35249775194539)
1 (45.7048027140154,-73.34349870147612)
1 (45.366545954873146,-73.48665600048638)
1 (45.699986831758565,-73.38513624333221)
1 (45.45623416874303,-73.70292054608544)
1 (45.72169523269071,-73.69067848946422)
1 (45.537128917469225,-73.71863897665415)
1 (45.29209393949871,-73.5847958503543)
1 (45.52379764443935,-73.54865419995653)
1 (45.572198353052386,-73.65249156713148)
1 (45.67956852251866,-73.50750886074935)
1 (45.58088853874778,-73.7196956158417)
1 (45.427524050384,-73.56783896226864)
1 (45.66957064762016,-73.53665887980688)
1 (45.69876464197096,-73.39403332709357)
1 (45.41351073043871,-73.52985499071806)
1 (45.707728133179344,-73.27209082313392)
1 (45.63604234743112,-73.44464025275731)
1 (45.35733916336256,-73.54283790345113)
1 (45.477650948673165,-73.3918398474235)
1 (45.68037565463817,-73.51627431563556)
1 (45.25836307988751,-73.73672182980755)
1 (45.317678303416415,-73.69979543847191)
1 (45.358919633329386,-73.42848796597053)
1 (45.51869161818345,-73.51239516849677)
1 (45.46388807877358,-73.26245382769955)
1 (45.52531394733041,-73.48068365148991)
1 (45.268169329843985,-73.69550825768351)
1 (45.46614680120621,-73.72065968726578)
1 (45.64728072290028,-73.69823547010256)
1 (45.54497226742251,-73.30165808447192)
1 (45.331347360405324,-73.72425073488772)
1 (45.354650501528866,-73.36574779172382)
1 (45.30290978324009,-73.7088440974334)
1 (45.58561765314595,-73.63708693958215)
1 (45.45945700404246,-73.57494388277502)
1 (45.72677770600737,-73.70134653105221)
1 (45.54301919403278,-73.52470520091417)
1 (45.57582019496666,-73.66529496941969)
1 (45.44120561669467,-73.42969652739376)
1 (45.4858588688162,-73.52099097838891)
1 (45.7067488730106,-73.40170022428991)
1 (45.27577475784135,-73.73776312318749)
1 (45.52591748345928,-73.62956099382556)
1 (45.62276032491022,-73.28825938218966)
1 (45.39008432799262,-73.305309272789)
1 (45.53729973405172,-73.48233088860663)
1 (45.389289778223365,-73.43495433184715)
1 (45.6931834479764,-73.63436938289195)
1 (45.351813399908096,-73.53588515179092)
1 (45.4481437309253,-73.7259481855713)
1 (45.49956966502094,-73.66373463038234)
1 (45.34431086521694,-73.34622234738568)
1 (45.37556824085179,-73.38685615418096)
1 (45.72192822731886,-73.29752371783121)
1 (45.52673062202333,-73.73622925392186)
1 (45.31462758868208,-73.34294243979876)
1 (45.293030553130734,-73.30265395552674)
1 (45.320054309108876,-73.64641662006996)
1 (45.562226212494046,-73.53151178752292)
1 (45.45574539412068,-73.5139575593328)
1 (45.49837839279637,-73.37816384606603)
1 (45.41690167030164,-73.58711829549021)
1 (45.54189929793428,-73.33422475080854)
1 (45.45005848960625,-73.66666877483276)
1 (45.40905241088484,-73.41649404234579)
1 (45.444647956480004,-73.35567129245034)
1 (45.389624988530805,-73.52624467758923)
1 (45.52305855531173,-73.70675542035363)
1 (45.45291992899133,-73.63686096105)
1 (45.57903664092462,-73.53837216369197)
1 (45.524265285154186,-73.55248677426354)
1 (45.5741374462855,-73.54916238082495)
1 (45.28691474102785,-73.49938727608708)
1 (45.652421446796694,-73.3083050933732)
1 (45.49751365959036,-73.56514573499382)
1 (45.274705427260166,-73.6328168028568)
1 (45.577230959559294,-73.48860980166212)
1 (45.605415539247794,-73.28025323917221)
1 (45.655207620385724,-73.52566975172512)
1 (45.30745333192939,-73.28712076351337)
1 (45.296148891699296,-73.57249386966791)
1 (45.71347359397595,-73.66953459330244)
1 (45.33968744020829,-73.41876456153884)
1 (45.545586534350974,-73.57326707621853)
1 (45.615571117674506,-73.42875123294382)
1 (45.44973479100493,-73.3153093059789)
1 (45.27577914798431,-73.60772441667274)
1 (45.5958590988343,-73.59842487465265)
1 (45.6023469246768,-73.40525827822061)
1 (45.47045502274512,-73.50390536085838)
1 (45.40797990583377,-73.73538675636837)
1 (45.2542359549921,-73.67584201596948)
1 (45.545463175979876,-73.55637147226716)
1 (45.334356242178494,-73.40270935600326)
1 (45.58142392249276,-73.45000761861478)
1 (45.54801149039175,-73.57891100752242)
1 (45.37017977911552,-73.47193688838664)
1 (45.69222120669821,-73.29016939537571)
1 (45.58420697481731,-73.61035453742196)
1 (45.66321250806902,-73.51224558411049)
1 (45.71918779955837,-73.49079070325067)
1 (45.30806171108358,-73.64245690029149)
1 (45.69364773748571,-73.49931387056046)
1 (45.681113781151744,-73.297814494647)
1 (45.40586853645155,-73.26554757454913)
1 (45.3981884422064,-73.51233426015831)
1 (45.49406398876838,-73.45030935182953)
1 (45.67269419283466,-73.64917962153599)
1 (45.569731387029684,-73.52047365160823)
1 (45.39951058247677,-73.51077509094969)
1 (45.358641821701845,-73.66582888357074)
1 (45.32486177963466,-73.28188527105634)
1 (45.48910893175564,-73.7192412449383)
1 (45.403393171690055,-73.57688417347647)
1 (45.612975984415364,-73.38235627035696)
1 (45.39727561028817,-73.48304534453115)
1 (45.63118713015766,-73.73436192549089)
1 (45.61640061132806,-73.59666370207083)
1 (45.522859564628256,-73.41100492074995)
1 (45.43359278469239,-73.63817545582516)
1 (45.64444888429442,-73.4850950460586)
1 (45.334254175689665,-73.30617294182223)
1 (45.373900959527376,-73.45815029628714)
1 (45.27596857093376,-73.58831679062946)
1 (45.623609094527886,-73.38562832521221)
1 (45.54033180587071,-73.28962802556296)
1 (45.535546461526756,-73.50535801910699)
1 (45.55663783442026,-73.56549858308647)
1 (45.60211918513501,-73.32032769855)
1 (45.36503818135344,-73.25798879130221)
1 (45.52708641229469,-73.40290454775878)
1 (45.46540590754597,-73.32958609089599)
1 (45.35231948148292,-73.73785297707117)
1 (45.267373438357644,-73.6685796334502)
1 (45.72822314751695,-73.70618716496786)
1 (45.716876983124116,-73.50456091837847)
1 (45.69831730081473,-73.33093650627221)
1 (45.42502830992157,-73.6212910561899)
1 (45.50177888222164,-73.65932033218897)
1 (45.2662482358963,-73.48728064686736)
1 (45.671669030337185,-73.64362136950344)
1 (45.44433417234878,-73.34190900292073)
1 (45.62112153189192,-73.6052151956965)
1 (45.447497684573605,-73.67676451387293)
1 (45.46494432660353,-73.32275634036063)
1 (45.62639585122021,-73.43811872091193)
1 (45.519886719774654,-73.47643904199928)
1 (45.33279401734384,-73.64705214881872)
1 (45.26325047518951,-73.60554421333018)
1 (45.65073538476011,-73.48873003765)
1 (45.50657408109539,-73.3961517443741)
1 (45.73695640447631,-73.26168217012277)
1 (45.65879506328216,-73.50994047531944)
1 (45.66277505596597,-73.40167093840297)
1 (45.71159588734506,-73.29341595732694)
1 (45.41579260664022,-73.60283750613804)
1 (45.47856518671884,-73.56969927139045)
1 (45.37648747778377,-73.35129641461803)
1 (45.65935626153609,-73.31217795549023)
1 (45.63214324238052,-73.46320435275823)
1 (45.48020116900724,-73.33086331067926)
1 (45.42854113587092,-73.48055926033378)
1 (45.48293897406591,-73.66821597434755)
1 (45.3884605494444,-73.5235916264778)
1 (45.496142965435205,-73.70149494521584)
1 (45.34526943772402,-73.42858988680652)
1 (45.423982034206055,-73.48335305732773)
1 (45.74974973809542,-73.71435782943762)
1 (45.73112749429668,-73.6214449074391)
1 (45.60879130390981,-73.6192318958618)
1 (45.38531721959182,-73.5012310841207)
1 (45.30570090975539,-73.63369208466241)
1 (45.543114841099815,-73.3939558534406)
1 (45.43361151036406,-73.62108038158776)
1 (45.42895251658676,-73.46394295867944)
1 (45.44583984400206,-73.27079634370293)
1 (45.66272155170669,-73.39589750693044)
1 (45.490028970233716,-73.26456974931014)
1 (45.736975826238584,-73.30381986645429)
1 (45.746525720394814,-73.65701564037309)
1 (45.43123914280978,-73.25843019705623)
1 (45.4356808997313,-73.57665801028985)
1 (45.67795779321668,-73.67967047129038)
1 (45.393623880716085,-73.44296307614543)
1 (45.262315989815235,-73.48489383466325)
1 (45.74155113470814,-73.46865436715989)
1 (45.74643222048123,-73.26176877154437)
1 (45.6896816794743,-73.27468669774233)
1 (45.65738057525194,-73.34771901954392)
1 (45.42377071005334,-73.48773697031133)
1 (45.268031781787975,-73.54488769819301)
1 (45.31943580020228,-73.71692494131035)
1 (45.72988438816148,-73.28115731208842)
1 (45.41753874883301,-73.31770777572939)
1 (45.387857573009484,-73.34367526762213)
1 (45.67247881345057,-73.34649754667066)
1 (45.31844251346727,-73.36162739541268)
1 (45.45449191856304,-73.58953129135676)
1 (45.484660292608154,-73.4996700328668)
1 (45.64691343224085,-73.51387888797841)
1 (45.39395000433772,-73.34247415019954)
1 (45.429850378595255,-73.43720416111185)
1 (45.27841138735096,-73.70425294774003)
1 (45.482822348912315,-73.64600053115205)
1 (45.5907523186855,-73.58493740930714)
1 (45.370668576593104,-73.60950245187018)
1 (45.52384218829425,-73.71683223488377)
1 (45.29938192658686,-73.33832994577939)
1 (45.316947722828,-73.60212730634767)
1 (45.7415188516044,-73.32315344725028)
1 (45.30752919058959,-73.63255842060836)
1 (45.63444773721945,-73.35927212598124)
1 (45.523899939725624,-73.30780310822436)
1 (45.448936019167974,-73.41797891409509)
1 (45.59110363997449,-73.72886621323595)
1 (45.41044026788831,-73.5649412230287)
1 (45.34003913481307,-73.43675233034618)
1 (45.53095111575385,-73.74955670882018)
1 (45.268163426762264,-73.2951401456699)
1 (45.37535870160954,-73.59734880635918)
1 (45.39902940880663,-73.47856718469582)
1 (45.64304229543472,-73.62994747717835)
1 (45.627465580580036,-73.72480086379706)
1 (45.69275102355034,-73.61405577755565)
1 (45.31738071541402,-73.34161502163423)
1 (45.576831179022705,-73.50203353440382)
1 (45.73997736294366,-73.52410905967567)
1 (45.4794685489153,-73.67233485568312)
1 (45.401583689979496,-73.33899974483712)
1 (45.6728526522947,-73.40801656380187)
1 (45.41236416523716,-73.26698360701563)
1 (45.715033052599296,-73.26589029719369)
1 (45.289845124451595,-73.46331110239039)
1 (45.61372621609974,-73.68762120957096)
1 (45.474492250163365,-73.40013119220212)
1 (45.571444473947,-73.38718201838847)
1 (45.358502533728014,-73.29195870305477)
1 (45.70905720162132,-73.71655132485805)
1 (45.29352451815658,-73.67778392013759)
1 (45.33725749219644,-73.36340072031773)
1 (45.348195694051164,-73.73988758994624)
1 (45.40839572634564,-73.37074576084416)
1 (45.53218748211012,-73.38034205776846)
1 (45.73475503907897,-73.58914106862373)
1 (45.289873460673434,-73.25147229142283)
1 (45.40358169283258,-73.27698064785072)
1 (45.293787434469124,-73.34621866651776)
1 (45.554046772206796,-73.65381972564796)
1 (45.43571390565293,-73.39838620750157)
1 (45.30680389583032,-73.28536492387873)
1 (45.421554001217636,-73.72118296238935)
1 (45.65292082531493,-73.73688517182318)
1 (45.52503588555852,-73.7252432553214)
1 (45.515701357291086,-73.47427608019748)
1 (45.34488933130558,-73.70449938965865)
1 (45.4962768031094,-73.5188660652432)
1 (45.340280180527685,-73.55980852394228)
1 (45.50183504051077,-73.3732829576262)
1 (45.490100732339975,-73.44615919103602)
1 (45.533968161699846,-73.73130521426657)
1 (45.633138385236485,-73.3795750221841)
1 (45.383857992169254,-73.46460252214703)
1 (45.39819527303223,-73.6245013819865)
1 (45.340882251567436,-73.34362580401374)
1 (45.6259076000931,-73.70150310960783)
1 (45.27171219387937,-73.39863734545933)
1 (45.317314152049754,-73.60852004992816)
1 (45.56808593680367,-73.25997695533906)
1 (45.4181490696864,-73.33671976512328)
1 (45.49318004908675,-73.73414090165302)
1 (45.66238511907073,-73.48415471090372)
1 (45.378865019142054,-73.274105394973)
1 (45.25372893228504,-73.72697441371082)
1 (45.43911880555503,-73.38855733483015)
1 (45.35957106433976,-73.59886081953643)
1 (45.66848565246442,-73.40530007327213)
1 (45.72831909703357,-73.45464822359769)
1 (45.38870591750968,-73.35908268591825)
1 (45.718092827829985,-73.6537570642823)
1 (45.49150572670964,-73.61345669081118)
1 (45.642436602630596,-73.39311370240985)
1 (45.30102356944372,-73.6499944309448)
1 (45.597004422540564,-73.74764653261347)
1 (45.745464485097266,-73.266309033585)
1 (45.330099261794096,-73.33924154561774)
1 (45.684310339581835,-73.71679623333445)
1 (45.25949882361779,-73.65220847872783)
1 (45.284778402022894,-73.60687376885573)
1 (45.418175971376,-73.34485164402847)
1 (45.27920837029226,-73.61272466936673)
1 (45.43232229058625,-73.47265765548498)
1 (45.263671529658325,-73.34415594041378)
1 (45.596509756926565,-73.33890490189408)
1 (45.417333885607256,-73.39816504914734)
1 (45.71287557181847,-73.72316799904308)
1 (45.631968321986854,-73.36516166255173)
1 (45.60389157021761,-73.50723302943331)
1 (45.541499389613925,-73.74852284263669)
1 (45.591579932452525,-73.72135765397387)
1 (45.33257718528497,-73.44126517328831)
1 (45.259963091064435,-73.27160300231488)
1 (45.49891559821777,-73.57109796347383)
1 (45.48208621705033,-73.58113212360469)
1 (45.37449286436366,-73.67697695848315)
1 (45.49812660783475,-73.58491310975592)
1 (45.34370125550154,-73.316508543074)
1 (45.27690505584411,-73.45818242533167)
1 (45.58014562673324,-73.3241599099392)
1 (45.47954005289569,-73.63431750357546)
1 (45.510028831302314,-73.54521110128594)
1 (45.57103635508329,-73.57743521074171)
1 (45.430925618500446,-73.45974029246315)
1 (45.49327547227852,-73.41907603202097)
1 (45.34223444866982,-73.68466412979224)
1 (45.32117613935103,-73.44675159245125)
1 (45.559710372788295,-73.39996054631118)
1 (45.472718830723124,-73.5449263042355)
1 (45.593220026653135,-73.28768174494422)
1 (45.33307896459387,-73.53617167847794)
1 (45.56422352783764,-73.59922065156098)
1 (45.58328947236025,-73.45177495172274)
1 (45.6274757076818,-73.47752452679744)
1 (45.594653906403636,-73.57700165663607)
1 (45.44005309693418,-73.6565550100574)
1 (45.461557276029424,-73.66650465642292)
1 (45.6900508343855,-73.64027415261086)
1 (45.59737240562514,-73.51004016527604)
1 (45.557157187132304,-73.42779167950583)
1 (45.3108356131487,-73.54769422095625)
1 (45.727801578645774,-73.30003896020185)
1 (45.41356591994936,-73.48724110205798)
1 (45.72868543813907,-73.6164408967341)
1 (45.68332829242069,-73.36404819476745)
1 (45.37424318597543,-73.48753712765132)
1 (45.42219163003807,-73.70610947669475)
1 (45.54594426831945,-73.59135968371919)
1 (45.4039085508623,-73.42333324604613)
1 (45.33433519506433,-73.28760445201432)
1 (45.70064430902712,-73.73112730661722)
1 (45.2783339942952,-73.55423949947617)
1 (45.71560831642057,-73.34361785648689)
1 (45.530527591861585,-73.62617355881663)
1 (45.72519240651384,-73.33150647814696)
1 (45.26208607873661,-73.55496369787828)
1 (45.351895671277134,-73.43361242818064)
1 (45.496396060592836,-73.73227136480511)
1 (45.64761659371166,-73.73956531508418)
1 (45.32662844988471,-73.72788177313194)
1 (45.36581894599457,-73.52390662184536)
1 (45.62919453322623,-73.58558180082129)
1 (45.540628750096836,-73.60902584807654)
1 (45.43240722563462,-73.49704724610794)
1 (45.671095235771276,-73.46590075864232)
1 (45.537653002345465,-73.53512059863905)
1 (45.62964967175787,-73.3275285676549)
1 (45.318992789442596,-73.37346604286724)
1 (45.37522171307912,-73.3902281979184)
1 (45.346348951680554,-73.6495689213937)
1 (45.65352347804745,-73.71266165802672)
1 (45.58729842050236,-73.34240216270356)
1 (45.60968773284114,-73.69146551939549)
1 (45.44298026122101,-73.73481290593841)
1 (45.62174693341739,-73.49580141628249)
1 (45.26473965269621,-73.71378774408608)
1 (45.687365914433826,-73.58092750782886)
1 (45.27986794488767,-73.3292358334257)
1 (45.36079181377335,-73.3730608876331)
1 (45.527162367325815,-73.68378411348263)
1 (45.54216029725428,-73.42434363827051)
1 (45.4660167006222,-73.3623098809659)
1 (45.3670984112953,-73.27764355171891)
1 (45.37636785745827,-73.73054092917252)
1 (45.5309896759054,-73.45621311583896)
1 (45.511061470683096,-73.53703431594633)
1 (45.609318228829224,-73.40289878885989)
1 (45.697062872617565,-73.342200120513)
1 (45.30318429742132,-73.33763511970236)
1 (45.70742810749137,-73.37176694802795)
1 (45.547384207390735,-73.38037633754188)
1 (45.74206296733879,-73.45019165653744)
1 (45.56737400795958,-73.39941145791337)
1 (45.262036272034,-73.7119958754912)
1 (45.2609863180938,-73.39217614045744)
1 (45.71957697232537,-73.31586787042636)
1 (45.71094599040424,-73.28721815241784)
1 (45.4138727011466,-73.39759815095827)
1 (45.70503092537519,-73.37189097293576)
1 (45.28140106446348,-73.49352331039935)
1 (45.35215013187763,-73.6006430528418)
1 (45.3987629148041,-73.64613251864786)
1 (45.73466182360844,-73.32343830695929)
1 (45.33585024325822,-73.36784698140495)
1 (45.52993035259448,-73.49288629267717)
1 (45.74766963757661,-73.58771285936497)
1 (45.66742124594442,-73.66207854010587)
1 (45.73425557446162,-73.63885378051826)
1 (45.36155976741851,-73.57292046667843)
1 (45.529845860092834,-73.262009379898)
1 (45.27512881080234,-73.35691631456054)
1 (45.50485520589739,-73.5023420835556)
1 (45.62315802273076,-73.3269073691675)
1 (45.277170788591334,-73.26292434321334)
1 (45.72305668622184,-73.5291819326008)
1 (45.43290728155928,-73.64892442365199)
1 (45.33316872839857,-73.65066823538935)
1 (45.45099681329287,-73.59148922338267)
1 (45.59897894867568,-73.53558964957934)
1 (45.41085291917543,-73.57967780580321)
1 (45.543875353531604,-73.46000432934053)
1 (45.437835523881944,-73.65253019711712)
1 (45.29967340537804,-73.44106968316937)
1 (45.60735741084316,-73.61146107123027)
1 (45.67103346483564,-73.72066465257544)
1 (45.68521104066675,-73.705648822316)
1 (45.66745389766601,-73.6601710216456)
1 (45.62905762193676,-73.31994560597369)
1 (45.316697620371045,-73.61475792661128)
1 (45.71400867107888,-73.45606470747083)
1 (45.39431122410414,-73.42143160547023)
1 (45.47384390062971,-73.54340675914632)
1 (45.665320890659004,-73.43540536639159)
1 (45.36864697754301,-73.34586722722325)
1 (45.33624087597834,-73.58401300593499)
1 (45.699504506761464,-73.44532250739637)
1 (45.658205308766604,-73.67643138625377)
1 (45.29140160537925,-73.48122297243356)
1 (45.505335653048306,-73.7108963725692)
1 (45.356560719653245,-73.5088264069088)
1 (45.27638118778607,-73.65888896820132)
1 (45.732208736976204,-73.50608589692622)
1 (45.63222128889504,-73.67793649366803)
1 (45.35912069693301,-73.7110617084983)
1 (45.386993573811786,-73.41121674079469)
1 (45.430276457567615,-73.60795705416034)
1 (45.31641318726018,-73.47307093909147)
1 (45.592580381809846,-73.50048336047239)
1 (45.73327385851201,-73.39482433827358)
1 (45.42883203668624,-73.7162407109022)
1 (45.40717251419762,-73.7149810738085)
1 (45.681999266362126,-73.5751550393133)
1 (45.273174778420724,-73.54190327076378)
1 (45.30933342180379,-73.32874384663228)
1 (45.38243957979616,-73.29550185545797)
1 (45.469979550423744,-73.33508778012046)
1 (45.69674681387072,-73.44725992361045)
1 (45.456472937054706,-73.27686580713748)
1 (45.61842282507417,-73.42507727518097)
1 (45.37787640304988,-73.25666733568629)
1 (45.577334210967926,-73.43096766709613)
1 (45.59030124885926,-73.61502496083317)
1 (45.567421373882055,-73.73555841087567)
1 (45.44916778046486,-73.31221697398279)
1 (45.73666867305587,-73.56363493672963)
1 (45.42679997504874,-73.69486939821213)
1 (45.48645940953408,-73.46964070253486)
1 (45.49881171981521,-73.43274265294194)
1 (45.528938904091966,-73.62108613497855)
1 (45.453230764614815,-73.359818355327)
1 (45.48431042913766,-73.6612377429176)
1 (45.41741935028883,-73.38690750955014)
1 (45.373914083912155,-73.31025230031346)
1 (45.429589228411196,-73.57048137562616)
1 (45.27948951240713,-73.58608799577459)
1 (45.304071678759236,-73.32428235254507)
1 (45.49419950623441,-73.48306831620545)
1 (45.35249163361142,-73.6465019767315)
1 (45.68679172125994,-73.63689171625235)
1 (45.72660828348224,-73.60591929317573)
1 (45.43670226193715,-73.43017360221961)
1 (45.74282264166788,-73.68537281785126)
1 (45.47495477070758,-73.65227469058688)
1 (45.5332161257411,-73.42029510273117)
1 (45.58338543315654,-73.72121317533036)
1 (45.743472155312936,-73.5937691306914)
1 (45.363024128317534,-73.60387576051257)
1 (45.264146430428035,-73.55767146482634)
1 (45.481388595056835,-73.43353585596289)
1 (45.63848937180805,-73.54194736112981)
1 (45.54799856727437,-73.42085501399286)
1 (45.337387975843555,-73.59091870742516)
1 (45.44759301258675,-73.48608667452483)
1 (45.52998223091624,-73.52675585529718)
1 (45.281334408547465,-73.60611950711537)
1 (45.30712472507495,-73.58585018631454)
1 (45.527709429658906,-73.6702901299979)
1 (45.534090321276224,-73.60380448890044)
1 (45.636886555424574,-73.67356342483521)
1 (45.618806023751226,-73.33911385658087)
1 (45.51496679708703,-73.34472138243052)
1 (45.48235942992836,-73.72434009950915)
1 (45.73786432867596,-73.31061941502404)
1 (45.40965752377888,-73.51668830438524)
1 (45.3584798851468,-73.63536209423125)
1 (45.73984578749472,-73.4873746243664)
1 (45.33538038814761,-73.54541819349812)
1 (45.52846083061278,-73.44102970480873)
1 (45.41637400416046,-73.358237901521)
1 (45.37627821984056,-73.49261277736741)
1 (45.25617082727929,-73.57285310605458)
1 (45.57343013424949,-73.64991689983266)
1 (45.63374491680672,-73.25623438318082)
1 (45.55160621774121,-73.35472617149273)
1 (45.362064424597484,-73.26884666695764)
1 (45.37201381032157,-73.72504133417138)
1 (45.350532087325064,-73.51688825180855)
1 (45.60226225086585,-73.3145207315151)
1 (45.28877941807567,-73.29711576362953)
1 (45.45144934461222,-73.26338868166953)
1 (45.56938340719541,-73.41295091361731)
1 (45.439466117809836,-73.25754435914618)
1 (45.3566256783787,-73.58773261031784)
1 (45.673899362477954,-73.73945915702612)
1 (45.638589426977994,-73.28252101345599)
1 (45.49589986337813,-73.32568155015588)
1 (45.67069062080658,-73.34177821872478)
1 (45.334997246883816,-73.3813732971288)
1 (45.4301654238845,-73.44054298905043)
1 (45.58208102877446,-73.68228204111462)
1 (45.55308682508668,-73.59138523367733)
1 (45.649630204769984,-73.5589100987271)
1 (45.71815912987426,-73.48846847788755)
1 (45.63876262061243,-73.36637024117054)
1 (45.574839579895155,-73.71946708436246)
1 (45.67378806056319,-73.55652446436599)
1 (45.58726258768207,-73.36387737359887)
1 (45.49668772459072,-73.54648230671972)
1 (45.5799923994877,-73.7184302656792)
1 (45.3363057967393,-73.4793906905721)
1 (45.326805970747685,-73.34685558015651)
1 (45.38002704916563,-73.35967783417374)
1 (45.7195087553974,-73.34216664435213)
1 (45.379328086723014,-73.41551904334565)
1 (45.39021161466122,-73.61492612290233)
1 (45.51482743309673,-73.39627296535271)
1 (45.63754801470044,-73.68062272729262)
1 (45.63132382885497,-73.35199209907128)
1 (45.6249864648981,-73.3133307206027)
1 (45.32879944946176,-73.26584180992748)
1 (45.57769380173049,-73.56124264156642)
1 (45.661478863382385,-73.7183679294286)
1 (45.603330886709614,-73.48245841421964)
1 (45.35377225550079,-73.55503299061505)
1 (45.301712845522935,-73.55658178208)
1 (45.489294996687526,-73.3052968940971)
1 (45.50844206056893,-73.55921849442646)
1 (45.567143839511935,-73.36274839063954)
1 (45.338422511243394,-73.25238802163064)
1 (45.64822340667666,-73.6813988553409)
1 (45.656590210787165,-73.54415416337133)
1 (45.533654668872494,-73.47323069682123)
1 (45.70524508905755,-73.30544727179476)
1 (45.52716069883007,-73.60644787256545)
1 (45.36004544738994,-73.30109425839848)
1 (45.33381305059534,-73.60260679917968)
1 (45.3700269232127,-73.6954903898823)
1 (45.538635519197946,-73.3139110381953)
1 (45.46093374081505,-73.33113954401084)
1 (45.3903001675161,-73.52943392726041)
1 (45.34570065222849,-73.45045819435431)
1 (45.287514034820624,-73.4108885539429)
1 (45.49109994735751,-73.73778064273912)
1 (45.42868294878417,-73.29479525252083)
1 (45.43536852748319,-73.49942152805271)
1 (45.53905231824328,-73.51850171999341)
1 (45.538055946711935,-73.47494442039994)
1 (45.43376302460024,-73.53249203442486)
1 (45.27038498051018,-73.68245317261717)
1 (45.410123793866774,-73.65077576853781)
1 (45.52209219324332,-73.34476578837473)
1 (45.587889704081576,-73.36487897625227)
1 (45.40901664098423,-73.32174864657038)
1 (45.332449831233326,-73.70506459043301)
1 (45.71463071625917,-73.58688157820455)
1 (45.30256522247224,-73.67488981239266)
1 (45.38825786022834,-73.63329257496291)
1 (45.46166167651641,-73.3120639027167)
1 (45.452897688374925,-73.27604365602335)
1 (45.57967031951399,-73.4397999756694)
1 (45.74637983418727,-73.63336759972871)
1 (45.3310217514342,-73.66846007339393)
1 (45.630993653124825,-73.61984790604794)
1 (45.563638398920574,-73.68727316902313)
1 (45.65879155578706,-73.56920271608305)
1 (45.67363256673534,-73.35026119965136)
1 (45.67243969854831,-73.62337606810804)
1 (45.27090615568233,-73.50923874597923)
1 (45.45479056769223,-73.27805788862973)
1 (45.461961260849854,-73.47985749572908)
1 (45.314277425760274,-73.46254736763355)
1 (45.60796906643019,-73.44414681736166)
1 (45.407781890666264,-73.25404180643247)
1 (45.33850794752406,-73.49485779894754)
1 (45.657801174323815,-73.28297663623509)
1 (45.414369655663045,-73.41314785084107)
1 (45.316542878754895,-73.57695965679444)
1 (45.73644602831863,-73.64174908248107)
1 (45.5660002901039,-73.5161359693287)
1 (45.391946817583516,-73.270743766462)
1 (45.52011258138875,-73.73248784033056)
1 (45.61406247870008,-73.6924257871012)
1 (45.612789811738985,-73.67961667481961)
1 (45.4066741696761,-73.40545734316541)
1 (45.61388326304206,-73.72797242884556)
1 (45.35182635673689,-73.2566359461627)
1 (45.41410765570678,-73.50328848106517)
1 (45.27441574384973,-73.70106671965927)
1 (45.259472619565834,-73.2831483072288)
1 (45.485913628812476,-73.4383909644844)
1 (45.295956225361245,-73.59815283636304)
1 (45.26692692794874,-73.54395210640214)
1 (45.60595457652543,-73.2500758195054)
1 (45.57701637137626,-73.45938580560556)
1 (45.37946691507241,-73.25968710799692)
1 (45.69942895972903,-73.43710129461199)
1 (45.4650268100549,-73.29159184162816)
1 (45.63826452882665,-73.7474766380598)
1 (45.28806528955975,-73.3724767328783)
1 (45.58608506119215,-73.65632105298809)
1 (45.50769322201005,-73.72257210487516)
1 (45.671088394580885,-73.36326268397121)
1 (45.30681530151735,-73.25793198253011)
1 (45.47470622107591,-73.2592011805974)
1 (45.375039416800256,-73.29330171106385)
1 (45.48284982778718,-73.51281919768024)
1 (45.449020554864205,-73.68188638327489)
1 (45.69701490338435,-73.63237815387681)
1 (45.720679296197076,-73.56925062246845)
1 (45.58507043606418,-73.26962844808929)
1 (45.51016082398125,-73.61387359965964)
1 (45.395794708381956,-73.63764516227909)
1 (45.327450964785974,-73.4365511458826)
1 (45.59608479260265,-73.50375557655589)
1 (45.314241817641616,-73.70487958728685)
1 (45.31525420805552,-73.29245544443718)
1 (45.565939976677484,-73.63747407822983)
1 (45.6969468099808,-73.3913161928478)
1 (45.482636476227064,-73.32536707267798)
1 (45.4659329191389,-73.29536593916694)
1 (45.58740813477072,-73.61520061884586)
1 (45.31441745451216,-73.25228261451552)
1 (45.680495817014155,-73.38036905830572)
1 (45.40047770648419,-73.58196779437893)
1 (45.268705951416436,-73.32218673446138)
1 (45.32986185269707,-73.33967556376767)
1 (45.42080745593544,-73.49344828003636)
1 (45.46161766555659,-73.47185097546225)
1 (45.551746806684086,-73.52141696652555)
1 (45.73788394006901,-73.57818829053451)
1 (45.6311800403915,-73.52631957961366)
1 (45.48866560919821,-73.34214960934335)
1 (45.44512105836637,-73.48484447493216)
1 (45.30352679713894,-73.62528989482735)
1 (45.313431524078695,-73.27593189963368)
1 (45.59387424841634,-73.6382150412869)
1 (45.58042818835436,-73.36831431896468)
1 (45.3918668264544,-73.50285482080388)
1 (45.251059656244166,-73.56580693442277)
1 (45.74497533762786,-73.40696342318114)
1 (45.3409049824719,-73.41726669129098)
1 (45.26882976273947,-73.42236528447164)
1 (45.344672538101904,-73.32343125975177)
1 (45.51522969157579,-73.41344477684721)
1 (45.70492813015061,-73.53251705739508)
1 (45.29705678561644,-73.301733626066)
1 (45.28045760019491,-73.61049873265488)
1 (45.48731637787768,-73.27618032503761)
1 (45.571969095748145,-73.60041013606909)
1 (45.57564882745812,-73.34679142726586)
1 (45.36176702852596,-73.4478001817266)
1 (45.42238914515849,-73.43181504483933)
1 (45.463579539857406,-73.3666444833625)
1 (45.69761714843104,-73.44549217939273)
1 (45.45889772874642,-73.6515571456378)
1 (45.43062819328715,-73.614632277125)
1 (45.61698542180616,-73.50806458953554)
1 (45.42386831970769,-73.49787451784478)
1 (45.65714402386355,-73.27299657966124)
1 (45.50461542390089,-73.41147721638237)
1 (45.613867849353426,-73.43171744885345)
1 (45.697551794941006,-73.67983276048294)
1 (45.3082011710306,-73.60796346303628)
1 (45.40186132616513,-73.32763631200588)
1 (45.31190877325411,-73.70547036648256)
1 (45.54759813274842,-73.51374179874809)
1 (45.31499785190188,-73.61836800717111)
1 (45.4878116024253,-73.6742192600943)
1 (45.471679760336635,-73.39948688409393)
1 (45.5552760316722,-73.49398300844605)
1 (45.60503573329295,-73.48226457260066)
1 (45.27566160301683,-73.46259061311294)
1 (45.596451894336155,-73.4928578082271)
1 (45.68259625153913,-73.39041819545182)
1 (45.37231419674886,-73.36435902077586)
1 (45.52430682017603,-73.36639780194838)
1 (45.62750495244634,-73.37468411498682)
1 (45.38639065346698,-73.7278584407098)
1 (45.29291848649735,-73.3737413068536)
1 (45.3807574469881,-73.6867424598786)
1 (45.262513910557715,-73.34390857728931)
1 (45.56689431695667,-73.31457465489103)
1 (45.54434919185079,-73.5506404977739)
1 (45.67834518053447,-73.63104195847009)
1 (45.28959105553069,-73.38719314527604)
1 (45.524659089252154,-73.567896785315)
1 (45.5836714290178,-73.59899862318761)
1 (45.62705036830798,-73.59112799649655)
1 (45.45456168669076,-73.38913878082509)
1 (45.72462639502188,-73.25994848177147)
1 (45.26456167191588,-73.45666074096142)
1 (45.25727770313512,-73.48112911091228)
1 (45.50405161411338,-73.30414473580011)
1 (45.291187747225415,-73.68156419737817)
1 (45.498330354802164,-73.66997768815362)
1 (45.60340847254169,-73.57068400685411)
1 (45.671964499216074,-73.69420409045074)
1 (45.28306081329617,-73.59743546777925)
1 (45.28899857256792,-73.41461855273512)
1 (45.73845755662506,-73.62403256452946)
1 (45.50192729365401,-73.41193243357135)
1 (45.4218093918222,-73.74053338579883)
1 (45.59750671466656,-73.3793898622154)
1 (45.39616326605111,-73.53053142368937)
1 (45.52328172890431,-73.58312663121686)
1 (45.57283518738343,-73.46885397387629)
1 (45.61513339949897,-73.60485807368765)
1 (45.541838247766826,-73.48714100726943)
1 (45.42320014606294,-73.41815040539498)
1 (45.40266974245284,-73.58253355707929)
1 (45.65120272776524,-73.74357253654117)
1 (45.37830939730941,-73.66843080666648)
1 (45.482503703921175,-73.25644379246863)
1 (45.26139446989909,-73.67438078314191)
1 (45.46515789750615,-73.58368559058687)
1 (45.398275068633076,-73.6946499206191)
1 (45.66776103505337,-73.62345319896217)
1 (45.464017066767155,-73.26187229174091)
1 (45.498079575598034,-73.55276681065617)
1 (45.71940764326893,-73.58340963663203)
1 (45.39724567483021,-73.45427894196594)
1 (45.269632241698524,-73.32365893650254)
1 (45.58372675922514,-73.29360816845242)
1 (45.56352956719973,-73.74552485692296)
1 (45.62333012074791,-73.51333733083466)
1 (45.48219507019515,-73.73862927510575)
1 (45.34417868228058,-73.27881709663843)
1 (45.36619100294674,-73.46056151173426)
1 (45.498894902866674,-73.41433390542743)
1 (45.721735025572706,-73.50057739116158)
1 (45.60015550394547,-73.30599419241145)
1 (45.62797722387693,-73.64263649749242)
1 (45.52033056372708,-73.51984483915639)
1 (45.53983876511406,-73.45652184891603)
1 (45.25109618911077,-73.59029260142846)
1 (45.74387387215063,-73.58201724913039)
1 (45.66471089501027,-73.3748034685438)
1 (45.67822983475255,-73.69172253525755)
1 (45.705071522782475,-73.54615575600339)
1 (45.672018196142005,-73.72306774110045)
1 (45.66371530323339,-73.70318858875072)
1 (45.39427351708216,-73.55944253652818)
1 (45.563610500496814,-73.72503060157129)
1 (45.428164407379064,-73.41408779914995)
1 (45.68187873742785,-73.3722116369646)
1 (45.40223471407819,-73.72850161462951)
1 (45.39151814491926,-73.25085291456041)
1 (45.51719122440662,-73.43959255836612)
1 (45.291746943058634,-73.60329951859299)
1 (45.604117249512846,-73.49666839639531)
1 (45.52676294222523,-73.47010173763394)
1 (45.53797992615821,-73.52057905759543)
1 (45.2635155459125,-73.58416985169876)
1 (45.408912508526406,-73.49293802326096)
1 (45.51051193726067,-73.40821985209219)
1 (45.32299065814014,-73.3433267126115)
1 (45.31173077119152,-73.51129579068032)
1 (45.564085698755626,-73.26674219266216)
1 (45.34239165500311,-73.49919701909865)
1 (45.59886556360813,-73.55227860225769)
1 (45.56663010409967,-73.46705698484057)
1 (45.548127721260464,-73.63713846112796)
1 (45.39105304750902,-73.43011292814748)
1 (45.2793865463696,-73.51755044777414)
1 (45.662700976555364,-73.41087376951795)
1 (45.69800087977146,-73.5500255803129)
1 (45.415118443878136,-73.31743681912906)
1 (45.62711589839074,-73.56261420090894)
1 (45.46203555907508,-73.43862133541289)
1 (45.37030650963119,-73.56643197062668)
1 (45.27458872849768,-73.30688048916838)
1 (45.645047967645084,-73.71270296083567)
1 (45.55505986539567,-73.33962086574999)
1 (45.56000261711619,-73.47992397332091)
1 (45.53778889273528,-73.5636017139229)
1 (45.684599842337626,-73.3994843180162)
1 (45.30621525260551,-73.35550438318383)
1 (45.5254997632499,-73.43618087020738)
1 (45.313929958100594,-73.49455477588825)
1 (45.381269394579505,-73.43254878915178)
1 (45.33717032691196,-73.42025029981373)
1 (45.59396319711125,-73.30278351675848)
1 (45.26636554642987,-73.41978520762933)
1 (45.65428855161362,-73.42326038548177)
1 (45.46514170661894,-73.5356864904469)
1 (45.445649387067704,-73.41226350698348)
1 (45.386621158443155,-73.28446543130956)
1 (45.63160019354563,-73.72151607170534)
1 (45.73890131344053,-73.31175772228761)
1 (45.3011051970813,-73.67645970465563)
1 (45.73427420898579,-73.37846826459987)
1 (45.486486519603815,-73.30096102740058)
1 (45.340048736857,-73.57585445118146)
1 (45.56005761437268,-73.44522895125027)
1 (45.47276312989839,-73.40527511217597)
1 (45.29717728560733,-73.40320667310681)
1 (45.74212651027683,-73.3304996872076)
1 (45.56582239107563,-73.35755803476344)
1 (45.65620341373815,-73.61701580916042)
1 (45.665765803095205,-73.62659812335058)
1 (45.64515661646871,-73.71369093602242)
1 (45.29405951734284,-73.30812350997886)
1 (45.347289009878665,-73.60743686493713)
1 (45.45776094260815,-73.52007821132014)
1 (45.32817615415927,-73.49119401933028)
1 (45.389703795403456,-73.52734650278175)
1 (45.27135693503522,-73.72959506996982)
1 (45.64860331842286,-73.61769472139176)
1 (45.68735049443631,-73.48508573990705)
1 (45.600898614572074,-73.64798916731851)
1 (45.336693409159786,-73.48007337423958)
1 (45.388473602932976,-73.72429791088302)
1 (45.35224189983158,-73.71784207161706)
1 (45.283760880060164,-73.50633988762218)
1 (45.476159524039055,-73.56651575778893)
1 (45.52172130816373,-73.63797493115914)
1 (45.39781180433771,-73.42626902983906)
1 (45.276805594195686,-73.30103384407427)
1 (45.39021466985818,-73.25027814727397)
1 (45.422241956537576,-73.36976837475386)
1 (45.294734865068946,-73.47457282451101)
1 (45.568857778406255,-73.60755604004818)
1 (45.39641571588756,-73.43099216234214)
1 (45.63113093739965,-73.29622551765294)
1 (45.36560288323766,-73.57086636552731)
1 (45.309280201044,-73.62147357674249)
1 (45.715470226434654,-73.31483851849416)
1 (45.407942057101806,-73.55532522635652)
1 (45.6395967833873,-73.56640889033626)
1 (45.334344811748906,-73.37844396235063)
1 (45.6489217268448,-73.3833271198423)
1 (45.43187897112094,-73.37132955707912)
1 (45.62320470757537,-73.49187563818559)
1 (45.50857619469209,-73.57404655277429)
1 (45.72854512560416,-73.25438054548903)
1 (45.514247591691856,-73.36910661064712)
1 (45.62956432776583,-73.35995438184142)
1 (45.304894982373895,-73.48148375728982)
1 (45.54253057182453,-73.40251786235514)
1 (45.3084976110016,-73.31347185299154)
1 (45.43400768271857,-73.63856584181163)
1 (45.67238948643881,-73.34019903559486)
1 (45.568533641821546,-73.57993576247942)
1 (45.62918126695328,-73.58409453557638)
1 (45.6483864228434,-73.67400462626102)
1 (45.36554363991913,-73.46345850963405)
1 (45.46867021974769,-73.6552836707719)
1 (45.6161574580185,-73.5715162207696)
1 (45.331755698525726,-73.71829780733061)
1 (45.5337493322807,-73.6879431085977)
1 (45.426534021870985,-73.46192988457214)
1 (45.60536934536242,-73.55482819178322)
1 (45.479994892040885,-73.59007781802701)
1 (45.49493130991367,-73.6633980220635)
1 (45.73131493202035,-73.62251553628136)
1 (45.692523597189314,-73.49655473356312)
1 (45.661943156618314,-73.37326670961336)
1 (45.74211272716699,-73.3553864281039)
1 (45.43909636973486,-73.69159327278159)
1 (45.60099928310745,-73.56528905307925)
1 (45.69462802610224,-73.43286848719568)
1 (45.3567495838995,-73.509194371912)
1 (45.56640966864788,-73.3331475434936)
1 (45.59031476345099,-73.57162878441855)
1 (45.3751651817048,-73.40216651500715)
1 (45.62766190740353,-73.69793363138372)
1 (45.39612366056636,-73.62479334980854)
1 (45.266480450972594,-73.37795788810945)
1 (45.411907412055626,-73.6706228543706)
1 (45.29939020897189,-73.45288942658219)
1 (45.60074766256844,-73.45545028441498)
1 (45.28056572651445,-73.71762196831156)
1 (45.322421035582735,-73.27677629114832)
1 (45.49880490532619,-73.34915988775359)
1 (45.51322582788631,-73.35828888834524)
1 (45.52680809841301,-73.73404363475993)
1 (45.6908678251544,-73.48543611309991)
1 (45.513797216550664,-73.29463417234791)
1 (45.500301143579115,-73.49574600152549)
1 (45.576592712156405,-73.42532501132875)
1 (45.30237052147741,-73.70346836042987)
1 (45.72287933878309,-73.64535606748255)
1 (45.518527061840025,-73.38840613092839)
1 (45.709630318676446,-73.55488416339017)
1 (45.29694024712764,-73.26347151681298)
1 (45.599522265471165,-73.6453199571267)
1 (45.558005081469666,-73.35454569465189)
1 (45.52866196053094,-73.46367234094197)
1 (45.61054362086097,-73.47963840515776)
1 (45.34005923053452,-73.56374600907058)
1 (45.303926143425606,-73.50213685682404)
1 (45.26901821986264,-73.59451890281245)
1 (45.595888066619764,-73.2551013634292)
1 (45.288983001954506,-73.2778815689911)
1 (45.470994205408864,-73.490108105955)
1 (45.539361484831026,-73.41415077048693)
1 (45.34050316531161,-73.39505732695545)
1 (45.460465017758246,-73.424375463941)
1 (45.390809982331604,-73.65065821340542)
1 (45.354939149183615,-73.29343336999688)
1 (45.32469631653288,-73.65496988136381)
1 (45.57992467115037,-73.6172722211995)
1 (45.55729301273612,-73.43942053460233)
1 (45.4496758775629,-73.28137986198726)
1 (45.68696074085316,-73.4281450951098)
1 (45.69447666597827,-73.60567306499902)
1 (45.46022020564728,-73.5552745467167)
1 (45.478433152963994,-73.58347551782008)
1 (45.489414093558096,-73.35197796105156)
1 (45.526084760460215,-73.61911044002106)
1 (45.66195894969752,-73.44660151465361)
1 (45.34576421286212,-73.42986426907257)
1 (45.500845612433636,-73.48716642367114)
1 (45.36624987624145,-73.52368312161596)
1 (45.697472942731714,-73.29578101888124)
1 (45.52249241533638,-73.39394402379237)
1 (45.63995011891772,-73.59918978041703)
1 (45.43606079757551,-73.286998702618)
1 (45.502678782752895,-73.44872545674217)
1 (45.33644121993998,-73.59691795195687)
1 (45.34632684363129,-73.4463483182854)
1 (45.26043548612454,-73.62497023731387)
1 (45.70123166840603,-73.6312491576407)
1 (45.34864396247916,-73.60884838192756)
1 (45.27182134718598,-73.35366126096154)
1 (45.73038127715398,-73.578514119283)
1 (45.70481799281564,-73.66906910081514)
1 (45.55136141846115,-73.73176023840065)
1 (45.30978848865363,-73.72691950393444)
1 (45.65210191928563,-73.64319588798641)
1 (45.70703325720567,-73.30323420018917)
1 (45.74923540515395,-73.72534095794279)
1 (45.60485478337586,-73.53619049230248)
1 (45.7067797049579,-73.44987089553616)
1 (45.27592332281066,-73.56777979110845)
1 (45.609906457996416,-73.41078372693103)
1 (45.31075798701458,-73.67307170750736)
1 (45.36986079904365,-73.3693668079188)
1 (45.37526703635114,-73.57140442874292)
1 (45.49542380522444,-73.46332084015059)
1 (45.488842377906856,-73.46098992772465)
1 (45.463671792982154,-73.28925463741155)
1 (45.26967851952848,-73.39996574844524)
1 (45.310775598220616,-73.57899417760639)
1 (45.66478755599877,-73.47284288833515)
1 (45.642195722260944,-73.68575530654178)
1 (45.393607101932815,-73.73159228550387)
1 (45.7308677443877,-73.57620960152686)
1 (45.68614906278341,-73.68528051093114)
1 (45.73183569753856,-73.48882862286774)
1 (45.38931310213752,-73.63120814986779)
1 (45.2922792590752,-73.36762214818182)
1 (45.64828888266152,-73.37392225650106)
1 (45.47699406314359,-73.61349142278706)
1 (45.64389763381428,-73.36626740485275)
1 (45.46112243493046,-73.61289893197679)
1 (45.281273917808505,-73.52880769301545)
1 (45.36429551263809,-73.40541188658572)
1 (45.28046433244317,-73.46049504913077)
1 (45.4133357563795,-73.7379065954672)
1 (45.31532073911017,-73.44437717205925)
1 (45.324282011850464,-73.62382691331912)
1 (45.68349146629911,-73.57743148454102)
1 (45.38873797309316,-73.38087015942509)
1 (45.467364425853944,-73.51327924652267)
1 (45.73440779887876,-73.45982919638485)
1 (45.26349224160738,-73.700577246089)
1 (45.60517109250541,-73.7010502742399)
1 (45.316329927123405,-73.6283020257441)
1 (45.2721626355695,-73.46307124973181)
1 (45.29104165751624,-73.45193508901338)
1 (45.344060768569534,-73.36048559640054)
1 (45.45968389541843,-73.47172506658957)
1 (45.29215122607041,-73.62493290263082)
1 (45.255247866065595,-73.26574600439704)
1 (45.443721932500786,-73.36434714605404)
1 (45.46884517585425,-73.34638885902679)
1 (45.52595715950159,-73.74119935276386)
1 (45.32674628476637,-73.50921630663004)
1 (45.5617380123058,-73.32045182759906)
1 (45.286032016946,-73.57777872447016)
1 (45.528619378024956,-73.55229664945956)
1 (45.63029451010182,-73.51703257654248)
1 (45.692741679979854,-73.55348148874658)
1 (45.33012426456291,-73.39141992840979)
1 (45.42054928521278,-73.53413127587456)
1 (45.6570462460376,-73.38146121981066)
1 (45.55292538003994,-73.38445485274335)
1 (45.70411846722302,-73.54488102304134)
1 (45.59871670833651,-73.587581011147)
1 (45.271582217621145,-73.71482974110359)
1 (45.567609701209264,-73.26099897113637)
1 (45.52175423254378,-73.36868214317877)
1 (45.71593272144355,-73.74968371524518)
1 (45.39377636943848,-73.47618636318833)
1 (45.32319774433836,-73.29896705121169)
1 (45.49588973694231,-73.74540530469407)
1 (45.35205756892,-73.42457094559128)
1 (45.56057533763559,-73.32893509518664)
1 (45.469843596807166,-73.6709496668389)
1 (45.55620473957648,-73.43130337288694)
1 (45.425961752286426,-73.50719343933842)
1 (45.697769446843836,-73.37124294998162)
1 (45.68616307766914,-73.65222609882102)
1 (45.38880902124714,-73.49970475375397)
1 (45.52206837463842,-73.64788512823753)
1 (45.556833194639225,-73.45601628458196)
1 (45.442314740847245,-73.50970279485516)
1 (45.415334528472165,-73.56051059849433)
1 (45.43030499546881,-73.28081262683978)
1 (45.396913530754674,-73.69224305657454)
1 (45.4227794980831,-73.29438570637899)
1 (45.35408925148595,-73.28508143638636)
1 (45.32329290774391,-73.41435720742305)
1 (45.61704390485073,-73.59449803380298)
1 (45.595166770718215,-73.47293346633165)
1 (45.630851008341644,-73.64081001519578)
1 (45.619602242707764,-73.55647592299142)
1 (45.668662289481176,-73.72240759766616)
1 (45.53637538672217,-73.70883826568698)
1 (45.531879257002096,-73.61467737228358)
1 (45.70690074350621,-73.5230888954616)
1 (45.703511319696965,-73.526871203251)
1 (45.25243735928941,-73.47878123260018)
1 (45.61672299956331,-73.58008891184889)
1 (45.32382449016998,-73.25253958312192)
1 (45.53699853613283,-73.49483627452948)
1 (45.35337264793554,-73.5847093322132)
1 (45.53340304578265,-73.33628734383679)
1 (45.524398778402116,-73.62417495134585)
1 (45.63209509281219,-73.55942351960313)
1 (45.56938300488705,-73.49718051272889)
1 (45.50354654731884,-73.72463949463992)
1 (45.27383700630018,-73.6540923271178)
1 (45.43385082338228,-73.6171993287409)
1 (45.71971310827841,-73.34052404501891)
1 (45.37005219279045,-73.60109366258418)
1 (45.34954596144867,-73.31609999173834)
1 (45.5096038742784,-73.36939237802935)
1 (45.37050700671915,-73.7053629490131)
1 (45.72486390427941,-73.31910457675663)
1 (45.34616555250178,-73.61093812462885)
1 (45.57496318968457,-73.57885115726036)
1 (45.542988058118524,-73.34904534610213)
1 (45.25943141421046,-73.25232277000126)
1 (45.70847100143746,-73.38180726808629)
1 (45.61064161348004,-73.7095393474352)
1 (45.458290525166184,-73.71953158982316)
1 (45.60543564146411,-73.26134512289227)
1 (45.340965805098826,-73.74925089983141)
1 (45.40021809792988,-73.29036590434553)
1 (45.43027085761937,-73.6132841369943)
1 (45.55835718232409,-73.38382373596289)
1 (45.46799338162079,-73.41343924967327)
1 (45.443906959397566,-73.72014670283)
1 (45.64262682752049,-73.65270694078765)
1 (45.701465846292656,-73.40222965230566)
1 (45.54319578858917,-73.44690102536455)
1 (45.32841233183669,-73.60549477325537)
1 (45.67165270768303,-73.64368127202718)
1 (45.57280954119906,-73.31856864370155)
1 (45.63214733539784,-73.57575007593726)
1 (45.25794591852699,-73.5984356979736)
1 (45.740958536635056,-73.74874491038861)
1 (45.64278047861257,-73.6403456084713)
1 (45.31699150272824,-73.32245376562642)
1 (45.576486248691154,-73.5755453818432)
1 (45.31948156722607,-73.28646144414952)
1 (45.494836985358944,-73.25707479793137)
1 (45.29690906984798,-73.25818994883585)
1 (45.736357468677205,-73.37540681299468)
1 (45.2991181693291,-73.34252666859571)
1 (45.72695883627239,-73.5616324531752)
1 (45.48324567266284,-73.4878395464963)
1 (45.29320590787046,-73.68618284538964)
1 (45.613304138557496,-73.2531589446667)
1 (45.71641450201533,-73.34574886417192)
1 (45.51312701731936,-73.36566132742266)
1 (45.632452370788755,-73.55010181679327)
1 (45.28287167770308,-73.39632030305499)
1 (45.51541814886703,-73.37393678680513)
1 (45.73038958113681,-73.31469612971364)
1 (45.25729851845959,-73.32665285862154)
1 (45.500511036342665,-73.60131529317835)
1 (45.27025475078548,-73.41515286104034)
1 (45.307655305062355,-73.49794702521808)
1 (45.59336516759824,-73.33128777461259)
1 (45.49016513864949,-73.36231437341515)
1 (45.68145129593031,-73.38648924524084)
1 (45.3083780759008,-73.46438264348484)
1 (45.39004093401539,-73.74142651987206)
1 (45.50268504702099,-73.41634873398858)
1 (45.647572295213905,-73.63819200178648)
1 (45.61269029017106,-73.2678102215499)