1650 1650
101 (45.5,-73.5)
1 (45.42361916425744,-73.73656281079043)
1 (45.434074632537516,-73.62132342712137)
1 (45.360217653299735,-73.28430332608116)
1 (45.25587764429272,-73.43166550284595)
1 (45.33230125780773,-73.71426716187716)
1 (45.67765247495209,-73.44459565486801)
1 (45.74280108353813,-73.35822445585175)
1 (45.3533101859099,-73.5077662564788)
1 (45.53814469265555,-73.2988838613834)
1 (45.44645912108195,-73.74766521963161)
1 (45.25068709373063,-73.44749603617451)
1 (45.41065773007751,-73.35207620115438)
1 (45.33603360696673,-73.73471898431794)
1 (45.42723775782964,-73.42752379033209)
1 (45.67526489185146,-73.3370929671217)
1 (45.443217939612765,-73.61552642165044)
1 (45.354750372597344,-73.63051625647637)
1 (45.2523166112435,-73.35021000785896)
1 (45.719537011374456,-73.56553047593678)
1 (45.45318499079777,-73.32294093918225)
1 (45.72022598710714,-73.39701758124082)
1 (45.40072100491088,-73.38711737707365)
1 (45.73780106121335,-73.6730783474986)
1 (45.43868708275796,-73.28811349002865)
1 (45.37604760453039,-73.59440519550733)
1 (45.26484329596154,-73.73960154803659)
1 (45.65700259736406,-73.29638023007159)
1 (45.733420842087185,-73.48808222219648)
1 (45.641301296056305,-73.28142230747625)
1 (45.7439988268656,-73.61243419076919)
1 (45.722337234409686,-73.63877480481615)
1 (45.6007108177145,-73.39464928625881)
1 (45.710828059128126,-73.3329690299258)
1 (45.35119592131372,-73.67165006995124)
1 (45.33468018396655,-73.72061572488023)
1 (45.630822091506325,-73.63619222013466)
1 (45.42797141570766,-73.56797058463893)
1 (45.444448207650076,-73.59733437857727)
1 (45.372421274902045,-73.68888725038227)
1 (45.61535420332415,-73.73781390650542)
1 (45.28489442822439,-73.40431453572403)
1 (45.31895720501375,-73.4168970897097)
1 (45.515283675930334,-73.34041236962214)
1 (45.6975445836699,-73.56287807341589)
1 (45.73054454473654,-73.63265405357699)
1 (45.52149351153824,-73.67938125496691)
1 (45.71270430463605,-73.38795035890763)
1 (45.722309405791414,-73.4539770906784)
1 (45.491344209856656,-73.27587395604887)
1 (45.373304458984336,-73.40635210946687)
1 (45.56435419196085,-73.37348059740995)
1 (45.33485018076551,-73.44637908105666)
1 (45.73468547788036,-73.37601654719347)
1 (45.31287664393654,-73.62991389323817)
1 (45.505376849532944,-73.50796957826002)
1 (45.50165415271736,-73.30200118452917)
1 (45.53030665035262,-73.42546397408192)
1 (45.29488124836708,-73.70340118548907)
1 (45.31392274868691,-73.59191784661724)
1 (45.252716627703855,-73.48695570031137)
1 (45.68962917078474,-73.5341740587285)
1 (45.606630332454905,-73.44529168037282)
1 (45.58355814109317,-73.545984003363)
1 (45.56881328224381,-73.59071621688231)
1 (45.6881328099325,-73.29976654540724)
1 (45.5883722620582,-73.5518873533768)
1 (45.42812613240407,-73.45598230771029)
1 (45.46265075266064,-73.55995046587073)
1 (45.500847340820876,-73.72225645590764)
1 (45.36875443510147,-73.58931066757705)
1 (45.3116384809797,-73.411551103063)
1 (45.42772340593433,-73.49506672319936)
1 (45.306038763002846,-73.38023162339434)
1 (45.351781227131696,-73.2503629812272)
1 (45.5207758282097,-73.29278864039503)
1 (45.553704656557926,-73.63252080999168)
1 (45.63716824171013,-73.46027114584773)
1 (45.316595577349695,-73.43679181709915)
1 (45.42257483621911,-73.5341533781959)
1 (45.73220071146909,-73.51093042350784)
1 (45.68820188471324,-73.60640171426657)
1 (45.61641204223897,-73.60251394270311)
1 (45.27488015926689,-73.26992551579258)
1 (45.50169508892556,-73.69404369042658)
1 (45.602349496471724,-73.43138861993928)
1 (45.587929704570556,-73.66834117884952)
1 (45.482139452678986,-73.64052676086317)
1 (45.70551187907653,-73.29860889253159)
1 (45.69931032435856,-73.40665837733874)
1 (45.40755290274187,-73.69375569569014)
1 (45.31411949836122,-73.41399502462177)
1 (45.26162593191149,-73.45019215653687)
1 (45.721104133979864,-73.72264982282643)
1 (45.25574788883128,-73.36628185153712)
1 (45.730121647008986,-73.45191107901825)
1 (45.46814813777886,-73.66499000222984)
1 (45.3015655203406,-73.58639051768735)
1 (45.27586370442672,-73.74400121066259)
1 (45.57627458527811,-73.42407401471849)
1 (45.39331381106733,-73.53068371575529)
1 (45.48957971364631,-73.29809543116583)
1 (45.43874520007078,-73.56175788850949)
1 (45.54848269881462,-73.55122226226233)
1 (45.523802450275575,-73.4343822596801)
1 (45.281137939228266,-73.3235846239899)
1 (45.54946645385302,-73.28660081208805)
1 (45.43860801333073,-73.53009725730905)
1 (45.47021682918406,-73.46070069783727)
1 (45.74029054195369,-73.45431700863718)
1 (45.25751271988292,-73.48301004026288)
1 (45.306463928745295,-73.67014642668569)
1 (45.65354976313498,-73.45802104402983)
1 (45.41407586382756,-73.52183684350035)
1 (45.55673889022791,-73.42345383973846)
1 (45.345198851510794,-73.64616249046638)
1 (45.52146641200186,-73.64598232260337)
1 (45.37150311122476,-73.50843003347968)
1 (45.38643273888581,-73.25482341185396)
1 (45.33264780975979,-73.64615590953504)
1 (45.468230489931855,-73.51224673134108)
1 (45.321667330844434,-73.2707869351386)
1 (45.56981110646467,-73.40629226029272)
1 (45.68623030167938,-73.5687573583754)
1 (45.257102321673436,-73.62158883997662)
1 (45.39107454083532,-73.46846875757674)
1 (45.451276940236696,-73.2991469420805)
1 (45.26397226430605,-73.29944711587089)
1 (45.36903701498962,-73.33535463654758)
1 (45.26525520696442,-73.66397413422162)
1 (45.718765493525716,-73.29413609884581)
1 (45.67923059568881,-73.46990821287997)
1 (45.326510744848704,-73.31433735115927)
1 (45.524744225761964,-73.436203057276)
1 (45.52250783378808,-73.68688478266228)
1 (45.52169806918419,-73.47980025544646)
1 (45.66630339281581,-73.55311687310731)
1 (45.63050536982154,-73.72411481335246)
1 (45.62653959454271,-73.43692071640147)
1 (45.50226696479749,-73.43525078848758)
1 (45.360065555963494,-73.56890967230204)
1 (45.63887858443114,-73.4923769890974)
1 (45.45428328814825,-73.69085958114744)
1 (45.66432940907093,-73.53336098098357)
1 (45.606498135197214,-73.74297608937202)
1 (45.35112799758178,-73.68580212945662)
1 (45.51453223006704,-73.53529607118386)
1 (45.42909268510299,-73.29702274710591)
1 (45.54397262534723,-73.68763192401624)
1 (45.72766895429824,-73.31436935952864)
1 (45.31916413456896,-73.28994761911555)
1 (45.36748748557319,-73.4393438496147)
1 (45.55742012693306,-73.38691105559693)
1 (45.522052067723884,-73.38562740737164)
1 (45.52891268955961,-73.52659774397658)
1 (45.716247359180855,-73.51197815584176)
1 (45.47831735468881,-73.73392614102674)
1 (45.71478255692574,-73.2762761636214)
1 (45.688524973045745,-73.37438576469928)
1 (45.280737364350045,-73.36665771552448)
1 (45.6015976739315,-73.46297415001926)
1 (45.45205285267608,-73.50972355428763)
1 (45.537633097153474,-73.54698988767608)
1 (45.49211022158764,-73.33422371532288)
1 (45.56831527222258,-73.34943365237125)
1 (45.31946665549493,-73.28141473965154)
1 (45.50866802789369,-73.4022504070625)
1 (45.51136783306035,-73.400452953208)
1 (45.28789070229572,-73.42550071047806)
1 (45.40583264700185,-73.44873021074088)
1 (45.648143798952354,-73.71978004518039)
1 (45.39790660606384,-73.53297698068644)
1 (45.69876576586544,-73.33481033272878)
1 (45.73710579671771,-73.57725004589999)
1 (45.32264018318395,-73.25710819029581)
1 (45.48512443032355,-73.68859056722486)
1 (45.291296030168766,-73.32399024039943)
1 (45.285554588299085,-73.51018087285385)
1 (45.69581199910767,-73.51990589149244)
1 (45.730667578162056,-73.40524643739877)
1 (45.441708943129434,-73.7441938478119)
1 (45.38423217067625,-73.30274260134347)
1 (45.587753119809854,-73.55683865476286)
1 (45.43389564941892,-73.25803322942772)
1 (45.730955798018606,-73.31065952502634)
1 (45.50182956808738,-73.73831181073287)
1 (45.453043417431566,-73.46459371749864)
1 (45.33814262526694,-73.33343338347714)
1 (45.54728560663368,-73.74334262932722)
1 (45.457989129568595,-73.51811842925666)
1 (45.338806595160925,-73.66362874491925)
1 (45.26035218633811,-73.2511580760268)
1 (45.396369016385364,-73.28666761691524)
1 (45.28415630346389,-73.59129295066167)
1 (45.30910718088726,-73.38018893481966)
1 (45.51566547478751,-73.6378557559497)
1 (45.46780038619396,-73.4814467843948)
1 (45.560047824381996,-73.46706076903229)
1 (45.44701479462409,-73.64513917987861)
1 (45.52953932532316,-73.33199150663441)
1 (45.63180621246414,-73.43701267952311)
1 (45.68081453600023,-73.72588057580434)
1 (45.670663714263625,-73.49515838194115)
1 (45.65497314110457,-73.47419380842116)
1 (45.66498794925895,-73.7266109506028)
1 (45.63497691106525,-73.32132379091269)
1 (45.724635915099746,-73.43684269790204)
1 (45.33742254012125,-73.51236577294806)
1 (45.628927305908704,-73.40410068516003)
1 (45.49821133925386,-73.63949184914298)
1 (45.33299584237538,-73.60926452475682)
1 (45.39497793677769,-73.52585765092007)
1 (45.45048239027579,-73.51500886200364)
1 (45.47306548638758,-73.65776810129097)
1 (45.62530474583928,-73.45553423814034)
1 (45.30638607626278,-73.64799747255591)
1 (45.377602449360346,-73.3499860529888)
1 (45.42968056842166,-73.4197013933436)
1 (45.57194301810735,-73.58891150309492)
1 (45.52449275721083,-73.74127672280818)
1 (45.60948969095161,-73.56370998740516)
1 (45.52759902624119,-73.41781810191213)
1 (45.2900684514951,-73.41401290689286)
1 (45.457684793759505,-73.3544879292383)
1 (45.52493608329644,-73.6572841115875)
1 (45.62373538135517,-73.35115949169081)
1 (45.70653861297276,-73.43866308655807)
1 (45.386909389182144,-73.36611103111404)
1 (45.55766332964224,-73.69717785725166)
1 (45.296588583432666,-73.59934129610595)
1 (45.68912547915199,-73.58693584386606)
1 (45.710849020628416,-73.59324539643534)
1 (45.39249417912159,-73.51875546430645)
1 (45.44177398367429,-73.62993239810488)
1 (45.382350400570814,-73.69893249869848)
1 (45.53682997362316,-73.5203843815332)
1 (45.28118306594484,-73.53744041064581)
1 (45.51895296556644,-73.43094945637029)
1 (45.60926757071336,-73.27784404431199)
1 (45.26004263703339,-73.67732923661744)
1 (45.40173445815986,-73.6655621568362)
1 (45.65523840798981,-73.43526437998642)
1 (45.32552411745947,-73.41984415050646)
1 (45.398651648724304,-73.57053941210555)
1 (45.31003671795564,-73.7079321352686)
1 (45.43515415006525,-73.27872157507362)
1 (45.737024891818365,-73.737359917254)
1 (45.57737417025253,-73.44721585676682)
1 (45.65763986594483,-73.48419585187804)
1 (45.3322264650704,-73.60876166897758)
1 (45.31753016477338,-73.46126710067318)
1 (45.67710419082759,-73.54641451525119)
1 (45.47450521158915,-73.30100808587908)
1 (45.36228580594255,-73.53534883296993)
1 (45.58751430336676,-73.28255683684493)
1 (45.293161157516195,-73.36648658250891)
1 (45.44055507456488,-73.27207778367396)
1 (45.66355680362404,-73.6909983382661)
1 (45.640613476664086,-73.3690206114313)
1 (45.269740962305605,-73.35314264443976)
1 (45.694850667265825,-73.35912985217436)
1 (45.33361485154622,-73.74170136573419)
1 (45.52899074957458,-73.3675005117692)
1 (45.70314748986837,-73.28743742991578)
1 (45.35622621795446,-73.38183054827563)
1 (45.47828709732064,-73.56554396114592)
1 (45.74394641027603,-73.57725141626868)
1 (45.43138278272176,-73.52797203157014)
1 (45.55420763200151,-73.61972329347078)
1 (45.55257627551653,-73.69081686204552)
1 (45.653101803538775,-73.35496224346899)
1 (45.65267395684356,-73.6366106818492)
1 (45.3940436105371,-73.50422192699254)
1 (45.698685347879554,-73.46041322592302)
1 (45.38048486960009,-73.68698291930731)
1 (45.440515077174574,-73.29200866232365)
1 (45.40467747552508,-73.27370822274521)
1 (45.41122099371526,-73.2643111087027)
1 (45.74084526972802,-73.73930406201916)
1 (45.54780192117857,-73.27024843648122)
1 (45.64348776586975,-73.33978042637003)
1 (45.48465434520064,-73.55693740658357)
1 (45.464527503016924,-73.57083626301728)
1 (45.5176380745831,-73.64688078888747)
1 (45.256625805138064,-73.48769994690453)
1 (45.32311680545637,-73.25121041944136)
1 (45.57422995888363,-73.57053572102396)
1 (45.743390097482305,-73.74966790074997)
1 (45.4187783241329,-73.40908275448885)
1 (45.31760922865909,-73.45605765569692)
1 (45.39997803786035,-73.5539232903432)
1 (45.745570193749316,-73.26632515594815)
1 (45.70118315636115,-73.43988266700823)
1 (45.62070258687354,-73.39920587667297)
1 (45.343639601803005,-73.32954359251399)
1 (45.558124416237,-73.28655867834469)
1 (45.541726354127945,-73.25171318515787)
1 (45.27380815328963,-73.25204025738904)
1 (45.62931071102229,-73.42091133791281)
1 (45.74170444210891,-73.4326952566048)
1 (45.61594866506971,-73.61955480922515)
1 (45.267095494182186,-73.44832947927748)
1 (45.400899853576874,-73.50449141341457)
1 (45.66650114821953,-73.60820186968111)
1 (45.53278956412031,-73.26389478392271)
1 (45.73713613909104,-73.46361369510012)
1 (45.65323885147883,-73.49925995346025)
1 (45.33221807676476,-73.26839132390397)
1 (45.40389695581168,-73.6403461039845)
1 (45.63235135937497,-73.39705217037273)
1 (45.608048414357256,-73.61839292456378)
1 (45.617762957792124,-73.49261109935092)
1 (45.46033073072755,-73.4247925219673)
1 (45.3013419507141,-73.57252759745627)
1 (45.27108661846259,-73.56862943688098)
1 (45.478235285659295,-73.51221227778845)
1 (45.51548813827428,-73.3171067225208)
1 (45.584178192669285,-73.250803748786)
1 (45.531808337436786,-73.4578563687524)
1 (45.731788261316574,-73.7235953034075)
1 (45.69807929742366,-73.66148821457868)
1 (45.61172822732513,-73.41953359578305)
1 (45.29186379469858,-73.34646133530372)
1 (45.70394304907334,-73.59062954922896)
1 (45.503980885822536,-73.25646810945933)
1 (45.64310279543184,-73.5029146008975)
1 (45.73376437935294,-73.2530008887641)
1 (45.62193359639416,-73.71574356333505)
1 (45.34079601227435,-73.60262739220802)
1 (45.396294635402406,-73.70778804483182)
1 (45.466043750187566,-73.29973070963992)
1 (45.276660088318984,-73.73398275546137)
1 (45.363948689242044,-73.71107581319056)
1 (45.4520905245587,-73.59797940559304)
1 (45.40624253730368,-73.55854476953647)
1 (45.59482916956932,-73.55933164024924)
1 (45.52814071293677,-73.47073804824902)
1 (45.43633419720231,-73.36367655083967)
1 (45.388044535558755,-73.53287033279854)
1 (45.38885900966002,-73.38759720025284)
1 (45.40299923725691,-73.44749416129685)
1 (45.31061816733249,-73.62764261488522)
1 (45.60389271054434,-73.58606557287159)
1 (45.67712748936481,-73.73515052597905)
1 (45.42674326264892,-73.36322119275277)
1 (45.726482694312445,-73.50506049691299)
1 (45.619413056562934,-73.50186680838999)
1 (45.59214145347018,-73.66782338173589)
1 (45.39669686049322,-73.37778273260238)
1 (45.5231999155809,-73.50880584803903)
1 (45.32097441498545,-73.73743213861933)
1 (45.519205200132276,-73.74925678378715)
1 (45.62047762603298,-73.67201337226676)
1 (45.574221284127425,-73.26694533849133)
1 (45.28271243028907,-73.30452845718251)
1 (45.73316649822344,-73.61299825076519)
1 (45.27668816927299,-73.70474486799058)
1 (45.31236653971939,-73.39425719547654)
1 (45.664345733530574,-73.58940850821236)
1 (45.42581793417918,-73.43764479421255)
1 (45.65893899903077,-73.39192099561046)
1 (45.38883216160923,-73.73457082907983)
1 (45.37611244487312,-73.29692517620197)
1 (45.641532099524525,-73.47932838743566)
1 (45.602030769754684,-73.3308478586354)
1 (45.54609760994106,-73.56572235422954)
1 (45.372155267461,-73.57942959546469)
1 (45.26370836471111,-73.6908408576071)
1 (45.51412413080709,-73.5676265587198)
1 (45.40980735201389,-73.73392309801851)
1 (45.55868308917152,-73.28600011028735)
1 (45.31960969456451,-73.33169506968419)
1 (45.563725166453764,-73.28081517299994)
1 (45.52970686513673,-73.55933763591834)
1 (45.42823735336276,-73.64254891383237)
1 (45.49616737390794,-73.34841921669563)
1 (45.695314737038224,-73.62936676483523)
1 (45.624710690463786,-73.72966861381623)
1 (45.65639132003735,-73.5483532366851)
1 (45.38433193102354,-73.67938120044793)
1 (45.2724496760545,-73.3878904879091)
1 (45.61218072581974,-73.27354487333382)
1 (45.52221026619933,-73.54955800623416)
1 (45.59454831750735,-73.51343988367559)
1 (45.272164060464775,-73.3672824767034)
1 (45.62649284307928,-73.58051002187361)
1 (45.6388008474072,-73.4251967919017)
1 (45.51093348689288,-73.40672011200523)
1 (45.57949861700879,-73.49377357212492)
1 (45.35696993242912,-73.30940819209509)
1 (45.60527765067377,-73.6962779015322)
1 (45.576734449225604,-73.53680840969214)
1 (45.55598652282968,-73.29444057902361)
1 (45.6602595522089,-73.40196384541882)
1 (45.31647512718827,-73.7434826190453)
1 (45.62864505944758,-73.74866622142243)
1 (45.68092348062394,-73.41222810065567)
1 (45.527234268032906,-73.29335265855853)
1 (45.29173301324235,-73.59402229592418)
1 (45.42255944168568,-73.42155750355637)
1 (45.68925053153111,-73.6485277027102)
1 (45.60949287106472,-73.28656009808505)
1 (45.50908337940681,-73.3132013127223)
1 (45.618340460039605,-73.56128763023857)
1 (45.254877340684516,-73.40636132156783)
1 (45.63554046601449,-73.43232483005542)
1 (45.35616737536242,-73.31123270884159)
1 (45.61618104483094,-73.3970504885307)
1 (45.39327442981464,-73.28221583704789)
1 (45.67172569696218,-73.6314636851952)
1 (45.43420985886035,-73.2508533514784)
1 (45.26213681843692,-73.6371805082007)
1 (45.38216228181613,-73.42957557902602)
1 (45.30801317235676,-73.55137508452339)
1 (45.57638003209516,-73.61628554257342)
1 (45.56540786319795,-73.41310671266551)
1 (45.62412549737221,-73.69219978131147)
1 (45.473669234360415,-73.32351780609525)
1 (45.56686615103107,-73.37909199054123)
1 (45.69494795258776,-73.3158054212372)
1 (45.499980088734944,-73.380191718638)
1 (45.712939115260994,-73.3636619642252)
1 (45.67199247194269,-73.57147089287841)
1 (45.64797927812531,-73.30404875995023)
1 (45.38672216153551,-73.43690650663014)
1 (45.37579377140822,-73.53170911539239)
1 (45.71970661619504,-73.45253811230555)
1 (45.60799081067783,-73.6387455105368)
1 (45.6388859020851,-73.61974438628056)
1 (45.303824329363586,-73.72287828396016)
1 (45.58876534243534,-73.32814333037798)
1 (45.63479846646997,-73.37267157031202)
1 (45.45713925887618,-73.69287638711835)
1 (45.71636243844453,-73.3570548405384)
1 (45.59394699290297,-73.45976691162568)
1 (45.45424509351394,-73.29988651900814)
1 (45.69294513516189,-73.50494921668115)
1 (45.62690452023229,-73.60809914905465)
1 (45.3786186365579,-73.37304455959777)
1 (45.74011856425952,-73.64413344983583)
1 (45.263116507400454,-73.69981629654802)
1 (45.74491815334466,-73.5899117179225)
1 (45.55098609005213,-73.25146645689404)
1 (45.405865949200596,-73.64051877315312)
1 (45.47309340937685,-73.68334181117227)
1 (45.44310861012015,-73.59105189430771)
1 (45.425354939827315,-73.47579787742633)
1 (45.54868195665431,-73.53976893022767)
1 (45.672769999348304,-73.34432458173782)
1 (45.495223727635164,-73.32470684060596)
1 (45.35473063087928,-73.74476813063055)
1 (45.3135498183406,-73.43936092291385)
1 (45.29369972080632,-73.40258873186129)
1 (45.41447531224027,-73.53580779860505)
1 (45.266085838604596,-73.58757460607988)
1 (45.569812653240945,-73.72082347379542)
1 (45.44150691203756,-73.63228792383539)
1 (45.347654995541404,-73.68209036926952)
1 (45.63462316319303,-73.45374897566033)
1 (45.417853440935666,-73.74750567418631)
1 (45.34233264783365,-73.5834701955662)
1 (45.60502290864998,-73.28089579499398)
1 (45.258361389058166,-73.44093229568222)
1 (45.66846185669065,-73.35211013943179)
1 (45.56714329891724,-73.29995004651445)
1 (45.53104714850742,-73.3885101026486)
1 (45.31937321093409,-73.59610586864832)
1 (45.56246590205229,-73.5182873091099)
1 (45.58272968556677,-73.40653482141984)
1 (45.546072146062805,-73.55383792662458)
1 (45.34300282931794,-73.60082490135036)
1 (45.623206609298684,-73.53558804941143)
1 (45.30322501670937,-73.31365230461434)
1 (45.313994204407216,-73.46320795588495)
1 (45.29139138021632,-73.5260015917715)
1 (45.6594338838911,-73.28207113941902)
1 (45.44096978526214,-73.66242612294323)
1 (45.616022178807675,-73.3681068056022)
1 (45.65263830012666,-73.71678477459905)
1 (45.561201573283824,-73.66386276503579)
1 (45.58055173276016,-73.50824622400238)
1 (45.63560152576604,-73.26263829091529)
1 (45.511926811003796,-73.74308278390217)
1 (45.65634000132504,-73.61596477737292)
1 (45.52484891621596,-73.61588093457827)
1 (45.484579756375794,-73.65250484005803)
1 (45.71594172672559,-73.72627653239334)
1 (45.52008393367238,-73.44360851524641)
1 (45.58690415788654,-73.61417777286714)
1 (45.425691539728405,-73.63230811007288)
1 (45.366907508762836,-73.72766973032414)
1 (45.25543425443395,-73.65845133974761)
1 (45.626458832661775,-73.63339967954711)
1 (45.371441435762975,-73.36296541197692)
1 (45.507574880600856,-73.25922284482809)
1 (45.38683140514005,-73.33891233408605)
1 (45.25497429982733,-73.42324363638869)
1 (45.364462536838346,-73.41603916133101)
1 (45.483484014299464,-73.35211810646587)
1 (45.63471866136557,-73.41894451410944)
1 (45.25796892273992,-73.32458857217084)
1 (45.36942897134443,-73.32677587539732)
1 (45.59383248325484,-73.49370201849942)
1 (45.46357346574629,-73.68454001387518)
1 (45.40849891983823,-73.34301931224654)
1 (45.33160061196187,-73.57265189185799)
1 (45.26727605787997,-73.61835252291348)
1 (45.42098494113777,-73.63226543894149)
1 (45.47061118051707,-73.4471736168113)
1 (45.582077826402646,-73.56922246811561)
1 (45.623990489838256,-73.71281755810747)
1 (45.41035556796684,-73.71912401193978)
1 (45.316596039693636,-73.58995904559193)
1 (45.294844728725046,-73.6500712834118)
1 (45.410322402525345,-73.47157196483622)
1 (45.66480537676712,-73.40804157271148)
1 (45.70686834203392,-73.32568655617352)
1 (45.32567876533001,-73.37265710336713)
1 (45.41735746696124,-73.31273950885002)
1 (45.314856569168015,-73.28827317305465)
1 (45.40630466673341,-73.27116774877055)
1 (45.388004911193164,-73.36685455839812)
1 (45.61973381314975,-73.44012709229632)
1 (45.56747679539395,-73.42502730228675)
1 (45.435865107150136,-73.53382262368177)
1 (45.645772634539874,-73.3179859558023)
1 (45.39602912056291,-73.51191773979454)
1 (45.63905925858852,-73.46760436073437)
1 (45.38332753206366,-73.6048446711026)
1 (45.42843355906554,-73.55114077521833)
1 (45.31704911056478,-73.35156950202659)
1 (45.70991762442565,-73.42034655519183)
1 (45.3219625030657,-73.59047024521622)
1 (45.398098224052376,-73.55858006155006)
1 (45.6133459477622,-73.51146703784349)
1 (45.29287402925725,-73.35569589678941)
1 (45.51097706170359,-73.52939901616041)
1 (45.62394985285843,-73.68702226447887)
1 (45.55829438113013,-73.374872715982)
1 (45.53351814663279,-73.72365720336722)
1 (45.67655536344174,-73.4194125300221)
1 (45.64399330288742,-73.57660764552094)
1 (45.62805397171198,-73.35672417248023)
1 (45.584715638967964,-73.28696301403784)
1 (45.29732439813928,-73.45123743576332)
1 (45.71921739436237,-73.3183379842927)
1 (45.424745330874615,-73.6388251760623)
1 (45.32294384616464,-73.58623735156144)
1 (45.44307292684615,-73.32270071843)
1 (45.61024868297844,-73.67178846279756)
1 (45.474168674940245,-73.74997670405303)
1 (45.299033145992325,-73.71445502042457)
1 (45.34055160266944,-73.38122333735954)
1 (45.331574795526556,-73.55988873879387)
1 (45.634392705856655,-73.67659504011473)
1 (45.44089184920949,-73.55499355133468)
1 (45.46518262530444,-73.71769948580402)
1 (45.463415509047415,-73.43256988216604)
1 (45.476541978441624,-73.56436382244432)
1 (45.650792918948596,-73.51257445394474)
1 (45.58250690815812,-73.70980816498293)
1 (45.72631958457406,-73.46607423378791)
1 (45.6241108867975,-73.44646690960172)
1 (45.56480055243178,-73.64139082519003)
1 (45.28819688041666,-73.38780404683864)
1 (45.648565644055836,-73.43972493158049)
1 (45.66213239690431,-73.30894892182754)
1 (45.36691479160643,-73.44971806818369)
1 (45.72046316748057,-73.37083444889326)
1 (45.2814450754452,-73.50695206267045)
1 (45.35252959465731,-73.67875035109809)
1 (45.67551229389999,-73.53530462376682)
1 (45.74368311938188,-73.49682925764469)
1 (45.54250514650643,-73.45237222732969)
1 (45.51697830674251,-73.2949641089515)
1 (45.644661351451965,-73.58083968200128)
1 (45.52707941943123,-73.64401081389018)
1 (45.391830472515416,-73.40171852948171)
1 (45.57360872578052,-73.2988603718052)
1 (45.547889263945535,-73.61379458571102)
1 (45.567276880545094,-73.61707047348052)
1 (45.671440902925575,-73.32641769377345)
1 (45.33887435301134,-73.25322661887589)
1 (45.73698035083721,-73.30993494923976)
1 (45.32856552366506,-73.34605880846478)
1 (45.56288403549884,-73.55961136497635)
1 (45.33091627563233,-73.67656974104851)
1 (45.49338244361108,-73.4948002678605)
1 (45.2996980717966,-73.52103636701919)
1 (45.74310038944936,-73.41541825618802)
1 (45.43575091697326,-73.6527270524755)
1 (45.41480025934036,-73.37244794787249)
1 (45.39104999505737,-73.66053167027307)
1 (45.443639420021675,-73.37823429473022)
1 (45.42260945170921,-73.4514331540333)
1 (45.604553663820674,-73.38575864830518)
1 (45.72097026633956,-73.48685361401976)
1 (45.743304521535066,-73.70386732418126)
1 (45.419756849206834,-73.4703894841426)
1 (45.55627887165524,-73.48759968917624)
1 (45.465150884745185,-73.35630487519427)
1 (45.549305078381295,-73.64930353006494)
1 (45.587118882490905,-73.6843833458921)
1 (45.25155087840381,-73.47714360721267)
1 (45.56784327796999,-73.36734336817123)
1 (45.34699369983151,-73.42290222586519)
1 (45.34704511435534,-73.66200350301696)
1 (45.613005123746724,-73.43063848359724)
1 (45.73874986803778,-73.64473861526024)
1 (45.42326685832695,-73.32181606630586)
1 (45.65953590380791,-73.58549899583622)
1 (45.580536498236626,-73.63092718797911)
1 (45.28441868431797,-73.6727697449015)
1 (45.393706892020795,-73.39843343259808)
1 (45.453261783374124,-73.58432811696328)
1 (45.703153986887216,-73.27501215958553)
1 (45.44796938645929,-73.42551221663206)
1 (45.488543662026125,-73.3726399262095)
1 (45.44870304555857,-73.56794457414821)
1 (45.264068827478354,-73.61396279889291)
1 (45.55597862960125,-73.41726003475442)
1 (45.677513895917784,-73.38169578663825)
1 (45.73473799702249,-73.618367433614)
1 (45.58159452525553,-73.55446220617834)
1 (45.3963529966605,-73.67113027783148)
1 (45.338696295601906,-73.53452623307624)
1 (45.58500761819328,-73.3780820165315)
1 (45.253436695035354,-73.62629025472816)
1 (45.376017649845934,-73.47889694063302)
1 (45.30140072794785,-73.61222142996024)
1 (45.62538515019443,-73.74381835317138)
1 (45.73695100906509,-73.59503976110126)
1 (45.632248713858026,-73.70010084487704)
1 (45.71818936395496,-73.63154313962542)
1 (45.58887838778976,-73.55175430404799)
1 (45.28294717321921,-73.37436272159802)
1 (45.396477650959625,-73.72348257441311)
1 (45.34610811092601,-73.36323476578511)
1 (45.51929309219734,-73.31469006062653)
1 (45.365617250859174,-73.26704345556298)
1 (45.53439562174737,-73.58878531412559)
1 (45.44220636360697,-73.27193173556743)
1 (45.409985417950494,-73.44674093001755)
1 (45.37616637987375,-73.43919548683677)
1 (45.31118605828331,-73.64197438056557)
1 (45.603423139368445,-73.71946919577894)
1 (45.389031600023685,-73.28609539562723)
1 (45.47272395263202,-73.40687917162329)
1 (45.55571352909746,-73.471920364568)
1 (45.50591787298275,-73.648383669377)
1 (45.68714303754422,-73.60138515329614)
1 (45.60411350180653,-73.68943669919686)
1 (45.522497014687566,-73.25159289365475)
1 (45.623923932346635,-73.33740579310773)
1 (45.749654815416626,-73.64221411862039)
1 (45.35005929101818,-73.6588416637051)
1 (45.37529575870848,-73.48181160292908)
1 (45.63320285130698,-73.6957408009176)
1 (45.47891589331322,-73.66939325027431)
1 (45.34540786443635,-73.48935984466785)
1 (45.341135757598046,-73.51060146754902)
1 (45.329177635237286,-73.43793381076546)
1 (45.71840896237909,-73.27542804719252)
1 (45.68094253565931,-73.48681805542691)
1 (45.70860507990887,-73.57619920841928)
1 (45.514823072192435,-73.35611664277307)
1 (45.71492819537992,-73.68080559050775)
1 (45.29836914078891,-73.45177822986315)
1 (45.46924609671942,-73.49675774165011)
1 (45.43839132705841,-73.28143310340651)
1 (45.42014304337795,-73.56662805888281)
1 (45.522050875837095,-73.60591317077689)
1 (45.52587275106383,-73.50479543185175)
1 (45.48605071799683,-73.70143966851727)
1 (45.617875995465084,-73.37913953225382)
1 (45.49507072591765,-73.48588128298496)
1 (45.51664102598506,-73.59943712353777)
1 (45.45951617984371,-73.37527833229731)
1 (45.4884227712883,-73.41669297909507)
1 (45.41219927283288,-73.5839968076626)
1 (45.428700683271224,-73.66449387089371)
1 (45.39374904181607,-73.6634185661532)
1 (45.34624268035715,-73.38470429065183)
1 (45.56734618361767,-73.38999269844444)
1 (45.30025646600751,-73.47542800863337)
1 (45.49480473221937,-73.66376521043226)
1 (45.412347599242004,-73.47914029822951)
1 (45.35807352055349,-73.36317283090136)
1 (45.43486677367365,-73.59325077104653)
1 (45.40290616789431,-73.62092928398464)
1 (45.60771751299439,-73.43408758110607)
1 (45.514748836213,-73.73925052571983)
1 (45.67680812585361,-73.51839899392712)
1 (45.610821198952294,-73.45045842646061)
1 (45.47907079995186,-73.34394888567219)
1 (45.44691641384019,-73.4511702001354)
1 (45.42133328545213,-73.35263808785895)
1 (45.492622063978494,-73.59482400675572)
1 (45.49331737389691,-73.44581424276282)
1 (45.72446451604386,-73.31820908696852)
1 (45.65865146551792,-73.59203788832879)
1 (45.522905066064126,-73.30296163112953)
1 (45.56202281430342,-73.4225533988937)
1 (45.33616702073561,-73.53265580228673)
1 (45.475458427238266,-73.54906847056091)
1 (45.39154859993576,-73.30016201363016)
1 (45.28221159491505,-73.66217664464098)
1 (45.49317736316985,-73.34836276437152)
1 (45.56284484477618,-73.27686264257632)
1 (45.344087625059124,-73.69010913234031)
1 (45.50483758981772,-73.28401074901019)
1 (45.370053069884435,-73.25046919658499)
1 (45.404410986658576,-73.74369210378805)
1 (45.702782711260014,-73.30586234722917)
1 (45.46724987411831,-73.61723702715297)
1 (45.30088884437773,-73.26059170563873)
1 (45.443415720582976,-73.38070411302074)
1 (45.648461785267294,-73.60157960056674)
1 (45.35098209897474,-73.69233829870664)
1 (45.573136523848454,-73.40677924609126)
1 (45.65278817074792,-73.50096546327624)
1 (45.468212738248326,-73.55177841666296)
1 (45.25119337240765,-73.68100167843349)
1 (45.58668982585568,-73.26252936199356)
1 (45.55683002339878,-73.46286076732082)
1 (45.59900492215889,-73.39993157974426)
1 (45.66908899641945,-73.59502403466595)
1 (45.2708121930496,-73.33416259473988)
1 (45.37843653774796,-73.32589187004218)
1 (45.42231782536309,-73.4731944712257)
1 (45.2636489210706,-73.42976702370676)
1 (45.27648576286398,-73.45085191451628)
1 (45.610664649116515,-73.62192518676105)
1 (45.38985488456488,-73.65506083715773)
1 (45.72399237407205,-73.31270855431674)
1 (45.586759543077854,-73.68660404577716)
1 (45.43647597186198,-73.73993400323741)
1 (45.68542057076973,-73.48274391122646)
1 (45.74870637380691,-73.59263754946146)
1 (45.312675092083914,-73.7184895925712)
1 (45.54548306286221,-73.29728247322645)
1 (45.253039119825225,-73.71107970506469)
1 (45.743466677472625,-73.68003893022939)
1 (45.56734760223181,-73.40041879316878)
1 (45.52152694310984,-73.74559824129076)
1 (45.64639260194976,-73.55974949183538)
1 (45.47327899519116,-73.32421562576326)
1 (45.43578070371013,-73.7067598284386)
1 (45.59991404074694,-73.33428057946071)
1 (45.27965692059012,-73.73561817936076)
1 (45.53066869767831,-73.38769451549067)
1 (45.68299298046777,-73.5750965320524)
1 (45.71814073563345,-73.42969087976796)
1 (45.284813475995215,-73.69698547582442)
1 (45.60614712026577,-73.55346321552898)
1 (45.46803447466011,-73.5524223412833)
1 (45.40893350114114,-73.56307242477168)
1 (45.30551484170316,-73.50154695782643)
1 (45.672282702043,-73.27558452986912)
1 (45.45647105563668,-73.52406747431286)
1 (45.70943291639885,-73.4552462371241)
1 (45.68258255813243,-73.45486150050958)
1 (45.31770480586751,-73.65873544468536)
1 (45.348915060341106,-73.67965604987748)
1 (45.38534954840596,-73.64112995637201)
1 (45.611215104627085,-73.65112235462537)
1 (45.59236872995663,-73.32721758695888)
1 (45.4681801817226,-73.74539018359815)
1 (45.39391988410768,-73.69212662972276)
1 (45.47498415042146,-73.37302846809342)
1 (45.350409671128,-73.71898601458606)
1 (45.67263869538019,-73.38695784760489)
1 (45.634490501838926,-73.40943009302478)
1 (45.686697335864125,-73.69255305007593)
1 (45.70191398276348,-73.61524309152139)
1 (45.48835921338068,-73.56236134526011)
1 (45.660558472240574,-73.73629421239639)
1 (45.49120561358599,-73.48940623961597)
1 (45.309935848917064,-73.59114455726971)
1 (45.47760317095527,-73.47896335523092)
1 (45.65209621903294,-73.5123124280596)
1 (45.31023325566604,-73.47898872412479)
1 (45.39408732648599,-73.4481644362444)
1 (45.4862579332674,-73.68404737063716)
1 (45.57198887072856,-73.56775474787783)
1 (45.33430873156824,-73.71663321819553)
1 (45.427030089207086,-73.56366581062434)
1 (45.53778494774907,-73.69318940184365)
1 (45.555412389548515,-73.53100899350777)
1 (45.69187453682602,-73.41993063685248)
1 (45.63519691107936,-73.4682242177105)
1 (45.266260765867905,-73.43573786920646)
1 (45.70598041549199,-73.59717313746495)
1 (45.65065410646738,-73.325937840186)
1 (45.54007093612736,-73.33625069914002)
1 (45.40608935609724,-73.6716984761101)
1 (45.597488063394685,-73.38084570910202)
1 (45.4313538745306,-73.6750639436694)
1 (45.40135099934918,-73.45046118472777)
1 (45.48096353567668,-73.40932104448522)
1 (45.40508074876136,-73.35116094761177)
1 (45.338778766400516,-73.28843184386544)
1 (45.54833105693942,-73.57573927182078)
1 (45.45965393920996,-73.72768506216563)
1 (45.71467621687832,-73.72211585514248)
1 (45.540439040028886,-73.58051203950022)
1 (45.71082180064114,-73.55293912391355)
1 (45.27120337776492,-73.28358093544955)
1 (45.68446789196926,-73.54623574990673)
1 (45.447726811197796,-73.72382555034918)
1 (45.585942711757625,-73.2981755009812)
1 (45.697104943192215,-73.65698375955421)
1 (45.3573375458116,-73.6346253643376)
1 (45.27974018261473,-73.55751269726328)
1 (45.502112514193826,-73.26814764900355)
1 (45.28304178955873,-73.56441649229545)
1 (45.5480056447207,-73.30145233776804)
1 (45.514833278470725,-73.70656489968248)
1 (45.66656632303667,-73.32704403505994)
1 (45.53776688308246,-73.3444993921098)
1 (45.35374726628554,-73.30590991399389)
1 (45.55997017503083,-73.25351602672217)
1 (45.60772746667046,-73.32557480075442)
1 (45.31170075304763,-73.49498262437743)
1 (45.46250191123574,-73.73970581613099)
1 (45.59296100281102,-73.67939043955305)
1 (45.548762193254845,-73.57767870800967)
1 (45.37282530784403,-73.41555890088858)
1 (45.557205142801664,-73.48312405324756)
1 (45.657658125229425,-73.66570445860042)
1 (45.57364536994683,-73.29545158037394)
1 (45.322452050357974,-73.38575302288446)
1 (45.740170330518716,-73.72770662745691)
1 (45.71719076986855,-73.72431815113963)
1 (45.57206530001256,-73.41784300270406)
1 (45.61844258177015,-73.68218516643786)
1 (45.52634856867326,-73.43860204123793)
1 (45.49531602096188,-73.49693443730943)
1 (45.57449573268281,-73.64366828609386)
1 (45.598459664657824,-73.61450491844062)
1 (45.579294886153875,-73.50462734642589)
1 (45.560964441208036,-73.44104214562391)
1 (45.71376329148066,-73.35448237522927)
1 (45.520826916995915,-73.63429268962132)
1 (45.488668851432976,-73.69909070542147)
1 (45.73605842151555,-73.49410013893969)
1 (45.67443836234773,-73.48786282052359)
1 (45.265575285019814,-73.54622570285015)
1 (45.51309775277237,-73.44942141840185)
1 (45.53168129208846,-73.68275926489369)
1 (45.61637755926402,-73.2966484586866)
1 (45.46325440752266,-73.72580511237422)
1 (45.33723048345484,-73.28865404063012)
1 (45.442675431291164,-73.51891896492046)
1 (45.68374599867759,-73.30468082349809)
1 (45.44408700092354,-73.62294140381083)
1 (45.51681016684912,-73.73681377834001)
1 (45.55574745413173,-73.3994155380085)
1 (45.3358473924056,-73.64459511297865)
1 (45.52504432925041,-73.70569469387249)
1 (45.410593729341294,-73.73524978356674)
1 (45.551158593867584,-73.60113889702984)
1 (45.361090097190754,-73.33820761179385)
1 (45.27742105601246,-73.37346706847505)
1 (45.52294653417109,-73.63196333896093)
1 (45.30307844425414,-73.33837452695495)
1 (45.56041736526799,-73.45504638390878)
1 (45.5424873819181,-73.74394358192808)
1 (45.30594016872229,-73.59097782490221)
1 (45.408680097709514,-73.72416785159083)
1 (45.71152972923439,-73.45957214550481)
1 (45.58779676913861,-73.59307899997945)
1 (45.59478155418479,-73.67379726995998)
1 (45.60105491024573,-73.352507505813)
1 (45.55022778420371,-73.43263629336306)
1 (45.421727249205965,-73.60242700254554)
1 (45.47540145151136,-73.7160004626994)
1 (45.626024976868244,-73.59312475345673)
1 (45.630203550132926,-73.72772272678047)
1 (45.40883456681592,-73.44310885066807)
1 (45.50803054376231,-73.49701731784673)
1 (45.287931410458505,-73.56570557391545)
1 (45.547608241443115,-73.4975205984101)
1 (45.45359514544921,-73.6007183117599)
1 (45.3555911650359,-73.5761346275491)
1 (45.49447654881961,-73.63531261663313)
1 (45.64172500307659,-73.40137466561943)
1 (45.64511713825775,-73.72045967259217)
1 (45.49073285235242,-73.54277783486333)
1 (45.25569832818611,-73.64581360986882)
1 (45.408074317177935,-73.67916027717526)
1 (45.38039755385388,-73.62681592093244)
1 (45.28033980186567,-73.30411585962601)
1 (45.71715480259156,-73.48311338194202)
1 (45.48528053895789,-73.65212974508023)
1 (45.608703716724314,-73.54704369804377)
1 (45.371338402044366,-73.4080357814777)
1 (45.432396991515695,-73.43498609251236)
1 (45.702027441016604,-73.58627703578675)
1 (45.464657055632216,-73.44279211412997)
1 (45.426632891669655,-73.27453426490712)
1 (45.70480817304043,-73.68930476877318)
1 (45.295431049596424,-73.7287676609982)
1 (45.682597476003686,-73.72914215932215)
1 (45.38499737117076,-73.58357260186843)
1 (45.453887823563136,-73.68746484469463)
1 (45.537157819678825,-73.70298060170083)
1 (45.309806320837886,-73.53536371661028)
1 (45.54375221886993,-73.44244227546427)
1 (45.68605816855937,-73.42479881682256)
1 (45.628616339263395,-73.32270923131743)
1 (45.36116609790613,-73.53668686833655)
1 (45.38805301027383,-73.3306878867199)
1 (45.27507165347696,-73.66477856948265)
1 (45.351550538962975,-73.26106794124141)
1 (45.682835182670075,-73.26138464049008)
1 (45.71562019687331,-73.69563431441338)
1 (45.382097302979034,-73.40880253132465)
1 (45.58536277979211,-73.38465155012621)
1 (45.417515387836936,-73.65246370878172)
1 (45.73073751220374,-73.44656503566907)
1 (45.47056419193605,-73.33836436134256)
1 (45.42749471705172,-73.43849426351849)
1 (45.58889085857636,-73.53826031877175)
1 (45.4063473355506,-73.47059837669633)
1 (45.49584009696732,-73.32140015121684)
1 (45.278194123197494,-73.64237498581352)
1 (45.447816068832964,-73.54123799245805)
1 (45.538071103987214,-73.66830870706247)
1 (45.474823540756226,-73.44961097249991)
1 (45.375995906596195,-73.63401606032002)
1 (45.347831329330184,-73.32928403145395)
1 (45.538982880194766,-73.38213935805761)
1 (45.26552718245565,-73.44855755059996)
1 (45.39524531161706,-73.56972207922563)
1 (45.5425837130848,-73.48880173561498)
1 (45.64896422263067,-73.46565416305674)
1 (45.511730926595234,-73.67732413622795)
1 (45.34199149598432,-73.56800585787663)
1 (45.42273174569782,-73.67389505294581)
1 (45.357468513924445,-73.61667444141453)
1 (45.33278258832301,-73.30954827803205)
1 (45.609579563970165,-73.55674826359173)
1 (45.33491174761448,-73.56094273238378)
1 (45.46352277113244,-73.47234849143634)
1 (45.46362449856892,-73.66261350375441)
1 (45.680269299783106,-73.45943893009391)
1 (45.25034409738815,-73.51285870646599)
1 (45.321795231566284,-73.33920017926796)
1 (45.67512404715019,-73.51680164716194)
1 (45.58420848974111,-73.53104454405451)
1 (45.67565759743874,-73.73233560038773)
1 (45.4485565999907,-73.30620375257703)
1 (45.42978625310827,-73.64120174985509)
1 (45.35208927502495,-73.52905186521885)
1 (45.3235098574378,-73.5583683291524)
1 (45.28636334403791,-73.3639315813529)
1 (45.35292659499041,-73.6181725844052)
1 (45.32281534537001,-73.28023196916739)
1 (45.68558202954781,-73.4353545787381)
1 (45.551290986964055,-73.52782186156566)
1 (45.72438212703575,-73.4331552920658)
1 (45.29250834471146,-73.5786730194677)
1 (45.27552589632964,-73.45906903239809)
1 (45.7115455499016,-73.33861299518692)
1 (45.320839117704395,-73.67163345345426)
1 (45.61618144442738,-73.72562803219436)
1 (45.43444149280863,-73.2788083205594)
1 (45.27128136467947,-73.487991566829)
1 (45.56385516572854,-73.54003708172381)
1 (45.49840833971075,-73.3967248240882)
1 (45.71646340134905,-73.51000341015066)
1 (45.65845321192433,-73.69250093225372)
1 (45.55365413070725,-73.30238768153431)
1 (45.33431566569307,-73.39708488672838)
1 (45.49703369593653,-73.68659649005438)
1 (45.640531113548256,-73.31375705216006)
1 (45.693771822247996,-73.59948113528726)
1 (45.587227092575766,-73.73989800173496)
1 (45.57143997626655,-73.65747906478961)
1 (45.31690569335801,-73.59801867963417)
1 (45.73663066174184,-73.4924052507347)
1 (45.314287100117646,-73.35899956661781)
1 (45.63619621864427,-73.70628824979018)
1 (45.36181245351765,-73.28315859800081)
1 (45.70512142841367,-73.44718900337367)
1 (45.57639264975602,-73.64099758412506)
1 (45.67084491017088,-73.54885807351658)
1 (45.31660283962143,-73.69608288707472)
1 (45.270270232953614,-73.35238014754825)
1 (45.59376081058941,-73.33749590845309)
1 (45.36275835340892,-73.73762265683241)
1 (45.35519049798807,-73.33864506728781)
1 (45.29006875214012,-73.53634816634114)
1 (45.63346054632346,-73.29296093586439)
1 (45.342517455265245,-73.37726824997186)
1 (45.571500594208175,-73.33510196185495)
1 (45.33954600559657,-73.62610958062857)
1 (45.740236708232075,-73.29877845600961)
1 (45.62244595806437,-73.43093085969343)
1 (45.46275046617059,-73.48915822703697)
1 (45.687159652212344,-73.46447215897216)
1 (45.54695436300445,-73.2590475050484)
1 (45.255878348319754,-73.27123636871544)
1 (45.40738975254571,-73.57364634223504)
1 (45.2975850240406,-73.67729519400811)
1 (45.52599163836553,-73.72865823116335)
1 (45.3597395315611,-73.50548022648022)
1 (45.56152794585134,-73.35088898389807)
1 (45.56597993853334,-73.35766267385426)
1 (45.66790919671432,-73.25920053533017)
1 (45.26801437833984,-73.47924317748388)
1 (45.722677783025176,-73.69679067555987)
1 (45.613803577706626,-73.70876603363321)
1 (45.69872440418347,-73.36325036010317)
1 (45.70868532290334,-73.73774037071404)
1 (45.334642299695055,-73.57670550015206)
1 (45.60126729255743,-73.36229358757834)
1 (45.57211842084862,-73.28258065377436)
1 (45.52171608613227,-73.59920034250929)
1 (45.43237386793875,-73.49612786004195)
1 (45.63649573680877,-73.46412345720572)
1 (45.59790416400683,-73.62084360326864)
1 (45.56065966325348,-73.3695709816898)
1 (45.45063327096709,-73.42425312682049)
1 (45.486476288887566,-73.49411671976476)
1 (45.693083522989625,-73.27627131587047)
1 (45.54546868145048,-73.60284925611994)
1 (45.44527695198309,-73.56345495394801)
1 (45.419874931518585,-73.66180792400137)
1 (45.36682170664939,-73.48494165862812)
1 (45.25908635356557,-73.68633158230962)
1 (45.401000583782995,-73.7127263066245)
1 (45.63679667077346,-73.59478955961052)
1 (45.675667023753434,-73.6601560890791)
1 (45.60539594302583,-73.40508171779835)
1 (45.42436701812092,-73.34813094846439)
1 (45.36556874218924,-73.41158762368686)
1 (45.5103440556558,-73.58847651024331)
1 (45.67110717107801,-73.51491310635713)
1 (45.74594681728233,-73.4183122717046)
1 (45.33162458521267,-73.64582489662749)
1 (45.70044856990974,-73.41796788294431)
1 (45.55915732872767,-73.72818246261998)
1 (45.58039945296503,-73.72810644521911)
1 (45.428566777705214,-73.36346902981693)
1 (45.548372055959845,-73.74919352782257)
1 (45.38620557289635,-73.39169147775183)
1 (45.5183232743301,-73.65830662923322)
1 (45.54648706450199,-73.68996220283505)
1 (45.52878416824688,-73.51451001028863)
1 (45.461798217620895,-73.51099363020441)
1 (45.74870248305833,-73.34462521238385)
1 (45.63762162333091,-73.33902924762683)
1 (45.515001170205814,-73.7062084401972)
1 (45.291783443929376,-73.65040287513376)
1 (45.53577904218602,-73.31390089825054)
1 (45.724419564249274,-73.60996106070478)
1 (45.518568459599145,-73.38904911301766)
1 (45.673553242943,-73.61300105124481)
1 (45.499177849687854,-73.45059756347608)
1 (45.68010302569642,-73.69517032375757)
1 (45.55338535434771,-73.30773627585322)
1 (45.27569101211314,-73.67994104313172)
1 (45.37111315946007,-73.54164176302956)
1 (45.73679668078035,-73.51481626805358)
1 (45.3607002155757,-73.27488000841417)
1 (45.71960273462699,-73.56334239259377)
1 (45.529504480088974,-73.52264565944486)
1 (45.301305117479856,-73.6702953800789)
1 (45.35630409075748,-73.39999205072638)
1 (45.30570991229633,-73.6020763709181)
1 (45.730829952684196,-73.42356238942318)
1 (45.283615925006416,-73.48339501849138)
1 (45.286250905254114,-73.59506237769035)
1 (45.651782379403514,-73.60473726893883)
1 (45.59154542698603,-73.38682067070951)
1 (45.26820680472106,-73.46290666474175)
1 (45.7024325006111,-73.66726349010798)
1 (45.63598926095129,-73.61909689823803)
1 (45.49189738976326,-73.50598548009238)
1 (45.483234698038196,-73.41549581842179)
1 (45.49433639516852,-73.6843293079741)
1 (45.66224586378909,-73.28233912362734)
1 (45.70095776727014,-73.60799182522895)
1 (45.647685231084765,-73.29262537517408)
1 (45.33831465103655,-73.67315543075854)
1 (45.390435036008775,-73.28137120793453)
1 (45.64670871480096,-73.47699826605634)
1 (45.401560338161815,-73.74032930078347)
1 (45.55069177141648,-73.5871677659604)
1 (45.69908077935702,-73.32750906863056)
1 (45.380005761562856,-73.39290730162311)
1 (45.6491824718103,-73.69363352496617)
1 (45.45603990428675,-73.3530062869345)
1 (45.27305243771588,-73.42483310438674)
1 (45.40624703274968,-73.73259932653092)
1 (45.270693309956755,-73.7324209765101)
1 (45.50694932486276,-73.68207091754643)
1 (45.333877548147214,-73.58651154581119)
1 (45.683577084675775,-73.25692705302808)
1 (45.28182523010509,-73.29053751564422)
1 (45.51662246912498,-73.70747627112893)
1 (45.655241398155574,-73.52838828275237)
1 (45.71145316798471,-73.58151737489105)
1 (45.64702353183068,-73.68493579332409)
1 (45.49061959140662,-73.38196229717505)
1 (45.63125154330361,-73.74413186537365)
1 (45.25840220519726,-73.70442742384947)
1 (45.57599771852107,-73.30665372253088)
1 (45.669084038938806,-73.44730752226273)
1 (45.29004528040564,-73.741242791574)
1 (45.40279656210947,-73.33870179096533)
1 (45.25877977864129,-73.69042462479834)
1 (45.515775570247136,-73.66079191256914)
1 (45.27031831925743,-73.59221566992592)
1 (45.685476798722156,-73.67287771215076)
1 (45.6193676768854,-73.55471582274707)
1 (45.51523951285704,-73.33925613760168)
1 (45.403352659304,-73.33015342658454)
1 (45.29804933392631,-73.55748514180625)
1 (45.29303226743836,-73.27899255185051)
1 (45.264440079168466,-73.65630416192148)
1 (45.668121925379204,-73.59313020121843)
1 (45.35568744431914,-73.4905885845443)
1 (45.657365508158904,-73.6600041298502)
1 (45.47018594515638,-73.5031960227169)
1 (45.41205218009477,-73.29659994022869)
1 (45.42826343824296,-73.65041752329839)
1 (45.37214838534809,-73.66388913411005)
1 (45.588676161163264,-73.59897764177188)
1 (45.355016381330856,-73.4881475073956)
1 (45.62864030993757,-73.59813236966215)
1 (45.50811647634291,-73.26589669296528)
1 (45.46849454041814,-73.41039466007224)
1 (45.51914064769224,-73.41387918983399)
1 (45.68195096449287,-73.64877277103291)
1 (45.46970141431321,-73.34452045136601)
1 (45.48338070258181,-73.31713690145034)
1 (45.35200031784289,-73.70074949017726)
1 (45.52469303909555,-73.28343518922856)
1 (45.54182616387496,-73.47184237275033)
1 (45.26610578756765,-73.33296075526)
1 (45.435784156572794,-73.43412109404709)
1 (45.60746758634523,-73.35072658142707)
1 (45.51583255443742,-73.31688308273351)
1 (45.27978111752052,-73.56823593174522)
1 (45.300004615278816,-73.28485481804705)
1 (45.700189693562734,-73.680541057119)
1 (45.47461889421532,-73.25375568930502)
1 (45.5879277365214,-73.4944637348081)
1 (45.480332369328224,-73.71522652046943)
1 (45.623599069172464,-73.6082064723077)
1 (45.44206595163632,-73.64141993785732)
1 (45.30963518413146,-73.44631366719283)
1 (45.59113330448228,-73.66796774642589)
1 (45.45589891967609,-73.28204771171283)
1 (45.72682939902113,-73.61683360966083)
1 (45.37113738391438,-73.67172512908621)
1 (45.304285940155225,-73.51772703371189)
1 (45.38835098811207,-73.50241363138788)
1 (45.415576859979865,-73.61829795877905)
1 (45.29013399187474,-73.61562128964707)
1 (45.251857554818365,-73.43924879640178)
1 (45.52865514829867,-73.71521447583724)
1 (45.59574756972077,-73.73079420407201)
1 (45.35418517908356,-73.49778180678345)
1 (45.49521703485218,-73.7215665001431)
1 (45.57594145928253,-73.65801666381236)
1 (45.512913002056266,-73.32010773344587)
1 (45.679508040691935,-73.62042141136011)
1 (45.328162693529656,-73.43250728829065)
1 (45.41620295880669,-73.53174187235648)
1 (45.49281631956536,-73.29753715993161)
1 (45.26150271363729,-73.7160211391884)
1 (45.30664298830157,-73.71280457540857)
1 (45.311997156099245,-73.44601716799136)
1 (45.583168996972404,-73.73198490537715)
1 (45.253336413869484,-73.52095915620068)
1 (45.522648506001495,-73.35411580080877)
1 (45.485244573577155,-73.26122320029707)
1 (45.49528259713565,-73.40122620174127)
1 (45.333913404621015,-73.63548800113954)
1 (45.26485310316309,-73.69024205609401)
1 (45.51695226423877,-73.32528721795389)
1 (45.55061388951806,-73.7491535545774)
1 (45.65155911772424,-73.60560511293282)
1 (45.333582530089124,-73.70584645527394)
1 (45.612690471800306,-73.47826790387134)
1 (45.462301480523784,-73.59079331655198)
1 (45.45474647302759,-73.53736362727228)
1 (45.40268851899722,-73.64196818866517)
1 (45.407650706801974,-73.5727787335939)
1 (45.40677189597817,-73.28189140440924)
1 (45.64619256948482,-73.42917012702759)
1 (45.445906541947096,-73.25262909561582)
1 (45.61011310399031,-73.63329690948756)
1 (45.46549349747629,-73.4448649450632)
1 (45.621653893552164,-73.28261640179393)
1 (45.37027529710536,-73.74182967863928)
1 (45.407151442235914,-73.6524046605786)
1 (45.64195615425149,-73.71791685815163)
1 (45.379748117884674,-73.42739200923866)
1 (45.62419615512979,-73.28523133811846)
1 (45.681403770524255,-73.39700974820751)
1 (45.28395490700254,-73.36910999309424)
1 (45.51413058753766,-73.37082448120337)
1 (45.672710523646195,-73.41582179859385)
1 (45.71273686109126,-73.47259213500695)
1 (45.36625570551837,-73.4921980254311)
1 (45.32435378645677,-73.35759412741444)
1 (45.357573514336714,-73.42786053187346)
1 (45.66363260087936,-73.2685236238393)
1 (45.71372129635151,-73.37600970440575)
1 (45.40673766167051,-73.7001702760331)
1 (45.284701650820544,-73.32840115170382)
1 (45.27212436729713,-73.28250739067525)
1 (45.3699755472702,-73.51418351128297)
1 (45.71157911659515,-73.3155158033154)
1 (45.506573199286414,-73.7406875070086)
1 (45.301111667096194,-73.69718428137863)
1 (45.441684132003395,-73.59704948055332)
1 (45.678028778108434,-73.27860686239346)
1 (45.3921588339806,-73.53872048196176)
1 (45.4178810061175,-73.45695267344465)
1 (45.37352982848097,-73.7024551429313)
1 (45.68296306195485,-73.57831467462418)
1 (45.701961111476486,-73.36729230068231)
1 (45.302661212841265,-73.4680488732392)
1 (45.73396054407311,-73.27733247268446)
1 (45.66517973427112,-73.63619623018725)
1 (45.510740529159385,-73.57678525168522)
1 (45.41004131387781,-73.41993491311672)
1 (45.71678813849222,-73.37680256350717)
1 (45.41124512417966,-73.52374086196095)
1 (45.74550664557796,-73.47703168575516)
1 (45.43207903904734,-73.60104052897425)
1 (45.68871620628974,-73.50261515016967)
1 (45.61432103250192,-73.68861942387399)
1 (45.731352108876386,-73.6895321613992)
1 (45.6369281920215,-73.4569063428066)
1 (45.73787497529311,-73.25771964427639)
1 (45.442299539968175,-73.37548307128931)
1 (45.26270787351818,-73.25232862507278)
1 (45.38181291574621,-73.51377497494123)
1 (45.30344133017847,-73.40876467843003)
1 (45.47657372644782,-73.30185851245382)
1 (45.34259766385758,-73.5068294891594)
1 (45.724176995486125,-73.665677017385)
1 (45.59142227771146,-73.32332291281698)
1 (45.50777259770922,-73.52468648642625)
1 (45.35746987908756,-73.67088352842576)
1 (45.67983631439195,-73.69805887980928)
1 (45.60667976971979,-73.62363818419189)
1 (45.29978821260674,-73.30805051905617)
1 (45.58018490498806,-73.37739934244871)
1 (45.30196268266225,-73.29599908570268)
1 (45.25627515935163,-73.27369165069463)
1 (45.558423109763424,-73.6776426490966)
1 (45.518736239345245,-73.33280747982475)
1 (45.37972702481552,-73.66006019785587)
1 (45.60421132216745,-73.69138392679547)
1 (45.465986335846154,-73.7225131573965)
1 (45.253283191574305,-73.62466179656947)
1 (45.68043012751796,-73.72782306619213)
1 (45.48265066174002,-73.3526300741432)
1 (45.268165977061386,-73.5796510918388)
1 (45.52907363419703,-73.58267728235353)
1 (45.28394907031822,-73.37415031261206)
1 (45.289687042486136,-73.72916428987554)
1 (45.524506499693615,-73.41194244588135)
1 (45.497834689641486,-73.47250084875142)
1 (45.68332750820724,-73.3382259507574)
1 (45.42874976137134,-73.27685122894648)
1 (45.25881890189743,-73.5650529510045)
1 (45.62520955806858,-73.67651234667736)
1 (45.4503377160127,-73.50041804418632)
1 (45.469717806102054,-73.5663007088982)
1 (45.370851904334124,-73.46378224779069)
1 (45.40681866399096,-73.39095230345906)
1 (45.389842902547514,-73.50701114812823)
1 (45.73682237361082,-73.522582864017)
1 (45.29555221539163,-73.68343641456582)
1 (45.66052313739919,-73.7436735535916)
1 (45.731787514532456,-73.6158556059487)
1 (45.653415877822546,-73.61584041161925)
1 (45.52124199799566,-73.50676562950406)
1 (45.287468870490436,-73.61181350321675)
1 (45.5346439376292,-73.51098037471182)
1 (45.29868555089254,-73.7195951160336)
1 (45.703041815894636,-73.65201399355435)
1 (45.51948913963785,-73.29368389317038)
1 (45.59914359400062,-73.70921638764075)
1 (45.256389714167504,-73.72854510184912)
1 (45.732866929381586,-73.7326281299028)
1 (45.295444097025545,-73.56417497573241)
1 (45.31612058668987,-73.55687733275481)
1 (45.46069485658764,-73.40265012062213)
1 (45.252325289115795,-73.38417176986874)
1 (45.53407505080698,-73.51797101090018)
1 (45.49729599826825,-73.68954459098809)
1 (45.36919178677103,-73.27930145613946)
1 (45.71984523584316,-73.36899288506889)
1 (45.6959518270358,-73.47987387438464)
1 (45.36283107227455,-73.70300336580507)
1 (45.41816870965118,-73.37037344949582)
1 (45.26836107213904,-73.34419044536241)
1 (45.65209128496372,-73.63653169432642)
1 (45.48447718745561,-73.65837678859621)
1 (45.34021964664538,-73.73595351162231)
1 (45.71488459965396,-73.35342761945648)
1 (45.501825014459044,-73.41886940206363)
1 (45.6081509837157,-73.4195048865827)
1 (45.54926603159881,-73.40154745178717)
1 (45.70829079916201,-73.47813825554104)
1 (45.60749454418532,-73.53951809532153)
1 (45.40476262056528,-73.69561532044803)
1 (45.423069972262276,-73.46055699343066)
1 (45.62664571336458,-73.45867356686588)
1 (45.738551973809756,-73.46453999112285)
1 (45.323125351887796,-73.53733273744731)
1 (45.43831687171272,-73.57882647349365)
1 (45.460404735826366,-73.47093586335409)
1 (45.3426442881004,-73.4737459673717)
1 (45.343774505848764,-73.40907360623386)
1 (45.73834590320001,-73.49305539171056)
1 (45.542809325018055,-73.61904621318665)
1 (45.58625943381984,-73.3389024741349)
1 (45.557524027688565,-73.33587344993433)
1 (45.33860626752202,-73.46987392151016)
1 (45.61381039527143,-73.57959296858462)
1 (45.43251230924078,-73.52412472044175)
1 (45.617588677948525,-73.49769330273384)
1 (45.29991735760797,-73.56737803036881)
1 (45.32884637754428,-73.70800790188794)
1 (45.648648713663896,-73.68775304801105)
1 (45.739100055047736,-73.51925230277722)
1 (45.32461113566653,-73.4159212579294)
1 (45.448804220427206,-73.29261692713536)
1 (45.26084549989551,-73.64000931204461)
1 (45.54484454593586,-73.57843331742808)
1 (45.35563455328041,-73.60995994501683)
1 (45.572491268410545,-73.51691234323442)
1 (45.598884958438866,-73.28573013951808)
1 (45.681051273156626,-73.3313083311527)
1 (45.3836904054857,-73.67774878677491)
1 (45.397946395876694,-73.56559320512235)
1 (45.69828162792803,-73.45647405274639)
1 (45.25205825753122,-73.52683074166501)
1 (45.29249463175708,-73.47068365579236)
1 (45.62391824070399,-73.68492106075514)
1 (45.45243956428333,-73.41129915356571)
1 (45.74768490577461,-73.55924113441198)
1 (45.69722813083674,-73.68908842315618)
1 (45.727838860068005,-73.38293764169927)
1 (45.53241834879901,-73.6605083521843)
1 (45.262138859714575,-73.58123365495881)
1 (45.35626139662612,-73.63624283133392)
1 (45.48162089447019,-73.33009155517355)
1 (45.716885752158184,-73.6416590781878)
1 (45.42828543936116,-73.67592966483721)
1 (45.36122985208844,-73.66744821015278)
1 (45.69160630553482,-73.39582070315143)
1 (45.3998353308603,-73.65213417835453)
1 (45.61610773512284,-73.46070573708614)
1 (45.43553823681006,-73.67592780292968)
1 (45.27399484438474,-73.63163750244799)
1 (45.66864713010127,-73.31757100209654)
1 (45.569185503185885,-73.37092274782886)
1 (45.296372025751296,-73.33235884792308)
1 (45.40208042417004,-73.38626353081928)
1 (45.470069393337276,-73.25044554681978)
1 (45.278021034837366,-73.74660288542246)
1 (45.66029405974618,-73.66983294746711)
1 (45.586623460428136,-73.6133607363284)
1 (45.50669959040793,-73.42810845167756)
1 (45.51403994885713,-73.72010164272277)
1 (45.59750455527161,-73.48104197054182)
1 (45.675687282068814,-73.30740586853298)
1 (45.63154290659393,-73.69456981259385)
1 (45.57309531990324,-73.27782152086836)
1 (45.56484246915441,-73.36948598016183)
1 (45.385266807047756,-73.37825513836395)
1 (45.633226128230284,-73.66532964055787)
1 (45.40230296908156,-73.74401432758765)
1 (45.57260653847354,-73.6715003978095)
1 (45.597037663753376,-73.64994591053626)
1 (45.42944527959205,-73.68955084293428)
1 (45.409036266293946,-73.30971898842246)
1 (45.56527398250202,-73.34089907883437)
1 (45.28455360571837,-73.54428237203136)
1 (45.31122492804714,-73.39887160567)
1 (45.375908445644576,-73.60488175014659)
1 (45.72119503420877,-73.26303019439511)
1 (45.55422074713283,-73.38475196931668)
1 (45.505567493566424,-73.74715407476826)
1 (45.530570578607716,-73.68670563889377)
1 (45.50134143345126,-73.34004193286718)
1 (45.412376395989845,-73.63131954666568)
1 (45.44907047586086,-73.32046616648212)
1 (45.44415336642406,-73.69227595169036)
1 (45.40218702330232,-73.56415465179678)
1 (45.4948007776471,-73.73164606392531)
1 (45.290089871905614,-73.57159343067508)
1 (45.557180892703556,-73.27850890840303)
1 (45.49279847360826,-73.67073663116024)
1 (45.61998980934034,-73.64927871061093)
1 (45.26202787966016,-73.50837780797711)
1 (45.25678433751449,-73.34746998575152)
1 (45.44121445576122,-73.33798007763572)
1 (45.65251688688134,-73.504359358005)
1 (45.69532291115001,-73.74018015675463)
1 (45.55404396902528,-73.43010920568331)
1 (45.36019115494689,-73.27497442261281)
1 (45.287811974461434,-73.6373982145685)
1 (45.56072024541218,-73.6617634315012)
1 (45.53528730594538,-73.47645982897959)
1 (45.42739244757593,-73.41497358972433)
1 (45.49468605192551,-73.2816594885058)
1 (45.5614012289862,-73.42889344454663)
1 (45.3861718748652,-73.67534773011454)
1 (45.360102738193746,-73.30565439010952)
1 (45.476928998095886,-73.40470601592394)
1 (45.4165492538699,-73.25495394740511)
1 (45.41238031790554,-73.30165804952411)
1 (45.44954061593859,-73.66316259825855)
1 (45.640309169402094,-73.65464972175722)
1 (45.6039306925678,-73.43287304934172)
1 (45.60575636790895,-73.46420611245833)
1 (45.48485152973396,-73.4317439225269)
1 (45.67630262946132,-73.72165474151282)
1 (45.45406876310655,-73.36165778770882)
1 (45.429709465209825,-73.50225946761883)
1 (45.52185746719643,-73.56575635238886)
1 (45.49888028514016,-73.30024008218403)
1 (45.61358861912916,-73.73183368509274)
1 (45.622716387929195,-73.65375794907378)
1 (45.57664190722531,-73.62586118965119)
1 (45.395681022578344,-73.71292875842047)
1 (45.5203116267665,-73.39908626055892)
1 (45.44374791197521,-73.49327858112424)
1 (45.449048012629106,-73.65618922706958)
1 (45.379898893814044,-73.63079024132372)
1 (45.65767712712323,-73.35040131140974)
1 (45.408448623100554,-73.51279224079013)
1 (45.506168410985985,-73.68427932570957)
1 (45.354212622579986,-73.70142304047346)
1 (45.48106959764777,-73.54200079490718)
1 (45.68989808718767,-73.59325894601844)
1 (45.38090442205998,-73.56058593272583)
1 (45.323085401679016,-73.26992438693797)
1 (45.53362959690523,-73.26337133871615)
1 (45.48278131857393,-73.49010865075448)
1 (45.66567305389301,-73.72935266051617)
1 (45.51476320207951,-73.25339388630272)
1 (45.39412634269293,-73.55668205678403)
1 (45.25479697237948,-73.33065438890152)
1 (45.30633984568662,-73.39764864401282)
1 (45.399299703975,-73.60451787477763)
1 (45.724470281940384,-73.59588868823585)
1 (45.43413106281452,-73.49648469673863)
1 (45.52645562999912,-73.44436468158338)
1 (45.71393597681615,-73.67478159701133)
1 (45.30944361781739,-73.304820925991)
1 (45.706824540296175,-73.63888210739307)
1 (45.73687537060292,-73.28596590238104)
1 (45.732162917976694,-73.66285582318874)
1 (45.60622700720579,-73.36854970308607)
1 (45.72286280874861,-73.45031474006942)
1 (45.510837264012004,-73.2907979544407)
1 (45.63779487880983,-73.70870497561162)
1 (45.44630053179435,-73.66733141144327)
1 (45.634815266322185,-73.69004765469728)
1 (45.32958007103446,-73.70874348988785)
1 (45.490382163656584,-73.56896354252616)
1 (45.65729704046811,-73.53742594400369)
1 (45.517852999333904,-73.33692099097433)
1 (45.428577011646084,-73.45802590057897)
1 (45.39329096094776,-73.68412766685759)
1 (45.49738599977949,-73.63808531517246)
1 (45.344972835599656,-73.61734177480818)
1 (45.6994641709139,-73.48595712151855)
1 (45.60077853724718,-73.32310885525419)
1 (45.41976602840358,-73.57900989578181)
1 (45.31625577147647,-73.53153617644037)
1 (45.72774161888023,-73.29542642184349)
1 (45.425391914376625,-73.36569649766044)
1 (45.309844181584175,-73.33756892438642)
1 (45.46598795270822,-73.376109151685)
1 (45.671325397027125,-73.60392703424802)
1 (45.432018206921995,-73.65847632536054)
1 (45.462680120495065,-73.37008249128466)
1 (45.59647233887706,-73.6359583138951)
1 (45.310028406593865,-73.47691747185915)
1 (45.52991468007374,-73.25475150888815)
1 (45.69327326605054,-73.69646145963999)
1 (45.712359198026356,-73.49358897181452)
1 (45.72104842214762,-73.65231446911756)
1 (45.69904661196876,-73.7240132741492)
1 (45.59727118757375,-73.61250256852446)
1 (45.25432345322399,-73.57887716230198)
1 (45.66054126195496,-73.64791439194848)
1 (45.71206125518013,-73.59150803245136)
1 (45.60467713586704,-73.55913542440281)
1 (45.55591715801704,-73.45732746779886)
1 (45.35635737208177,-73.61853995319487)
1 (45.33822576918027,-73.34344775005019)
1 (45.594135123829716,-73.55291816021767)
1 (45.572425051766004,-73.7298726971217)
1 (45.54201975518636,-73.30470921643318)
1 (45.64065754135857,-73.30841054918034)
1 (45.46037034868352,-73.4570789044532)
1 (45.5555515276892,-73.49226217102226)
1 (45.687021579164586,-73.28962357140674)
1 (45.603174742342034,-73.60047835186337)
1 (45.65236339247877,-73.74739966424934)
1 (45.47276693107762,-73.27708538189698)
1 (45.50352141523809,-73.65627181693442)
1 (45.44809542516642,-73.68465846532847)
1 (45.324836132777214,-73.30223964945978)
1 (45.59514145718115,-73.47647822729947)
1 (45.434514362413466,-73.51144699355126)
1 (45.63131323383876,-73.50013593151333)
1 (45.37062755059007,-73.62099490622138)
1 (45.302494696611454,-73.61855830724112)
1 (45.45355707868393,-73.71847294155097)
1 (45.6259778333982,-73.45190369221845)
1 (45.726537564907794,-73.25029104478452)
1 (45.27968897482792,-73.74563645140559)
1 (45.63112495727479,-73.5554374837324)
1 (45.7311082499507,-73.45631712788662)
1 (45.47021700266882,-73.5722060680077)
1 (45.402894656486595,-73.51725123820883)
1 (45.547679412425126,-73.39072907068407)
1 (45.266467087498185,-73.60112021157035)
1 (45.350681837229175,-73.48382002193584)
1 (45.73965547553664,-73.5360733179276)
1 (45.258523598688456,-73.34267371712804)
1 (45.64002399257691,-73.35548984723528)
1 (45.52002983770783,-73.37238850839343)
1 (45.71158199851457,-73.26972655887317)
1 (45.64052452451956,-73.26506922734505)
1 (45.39933624039335,-73.64064544397223)
1 (45.358937684038594,-73.66543676983596)
1 (45.59350146445978,-73.3165727804044)
1 (45.575779731393474,-73.27541346742157)
1 (45.50317475014258,-73.44657055976158)
1 (45.413516798136726,-73.6100713975668)
1 (45.64789199341778,-73.6385070135259)
1 (45.552306733916865,-73.41762360410958)