1700 1700
101 (45.5,-73.5)
1 (45.67472358573642,-73.55539346892233)
1 (45.5861058975825,-73.31080634748557)
1 (45.318429328723504,-73.25881006404126)
1 (45.3868332468917,-73.42604322077649)
1 (45.32268101493328,-73.30697351296665)
1 (45.347578391844564,-73.4302003107504)
1 (45.53147435462556,-73.29810541213924)
1 (45.399766413417794,-73.43253409985115)
1 (45.641590350734944,-73.71724020447596)
1 (45.36374296644678,-73.33160219430023)
1 (45.27932925269522,-73.59646718985536)
1 (45.49741901156531,-73.33344963812256)
1 (45.62772866666855,-73.63483179098273)
1 (45.55341506904486,-73.31830165058629)
1 (45.28409073602151,-73.54472615480285)
1 (45.74157102134196,-73.40828670292356)
1 (45.37188142728008,-73.49658037885919)
1 (45.72073790731191,-73.49838149714058)
1 (45.665928258163746,-73.62302051709928)
1 (45.611444361847845,-73.6568128545781)
1 (45.615331315447094,-73.61739024596581)
1 (45.529330624170534,-73.67956893925341)
1 (45.664615349015506,-73.51963860121285)
1 (45.28816922132094,-73.69646576922142)
1 (45.68038924940848,-73.32505644678628)
1 (45.71084214478666,-73.5733824177615)
1 (45.588142395509244,-73.57820003201655)
1 (45.41681985329605,-73.4368217389427)
1 (45.511795755634836,-73.62557034997761)
1 (45.5254886030065,-73.46287100639422)
1 (45.28723867286349,-73.69622244540062)
1 (45.42609813864564,-73.62293018394266)
1 (45.690320850624836,-73.45945929774379)
1 (45.61715253990326,-73.36324320675718)
1 (45.57963205233526,-73.6731206176225)
1 (45.610743006517595,-73.71431093072107)
1 (45.40489053442113,-73.48470685932348)
1 (45.53062196465449,-73.57968202442171)
1 (45.67287432901546,-73.38068478650202)
1 (45.3067437047391,-73.44141134372317)
1 (45.494567978150684,-73.69680095368196)
1 (45.283547533746294,-73.4416432002771)
1 (45.25956034603525,-73.5040851443227)
1 (45.614435292098506,-73.2563198372177)
1 (45.29671765366953,-73.57145639192888)
1 (45.5106957338345,-73.36793346198753)
1 (45.58376906361236,-73.47644925692033)
1 (45.74955419033757,-73.26953311188042)
1 (45.66268036468207,-73.29055899161744)
1 (45.3230764695454,-73.29186569578734)
1 (45.40255467852467,-73.60505943724871)
1 (45.72733218689219,-73.6395734603165)
1 (45.62728743114025,-73.4868778693259)
1 (45.64952291546891,-73.35078788483054)
1 (45.39131587911006,-73.2622168316287)
1 (45.70970681934647,-73.25725354187512)
1 (45.343542116678066,-73.31809301524814)
1 (45.45330197774765,-73.6192826882508)
1 (45.66687144196286,-73.38881912403622)
1 (45.470726365000075,-73.44138506412189)
1 (45.518796405600156,-73.5556848642279)
1 (45.34133338470208,-73.54033461518156)
1 (45.72707022189811,-73.43369872466849)
1 (45.56022753415174,-73.73772853662906)
1 (45.7137512452571,-73.74923283657807)
1 (45.70859549485026,-73.5837614779024)
1 (45.730763752529974,-73.72676838167192)
1 (45.37086398246563,-73.28798083619789)
1 (45.490608453458506,-73.40166973820818)
1 (45.68529606155447,-73.53620729070295)
1 (45.66696940100198,-73.65902098168814)
1 (45.43856383415545,-73.61059741762196)
1 (45.52170228382172,-73.46603867675204)
1 (45.27938594952106,-73.70199316824552)
1 (45.58705244695242,-73.41743051907949)
1 (45.431494163715165,-73.51024627790979)
1 (45.39493897164204,-73.34929976692331)
1 (45.73199407591327,-73.6691233341382)
1 (45.69875501062608,-73.39780103301841)
1 (45.40761083282202,-73.70769023612934)
1 (45.47737210044525,-73.48373309180158)
1 (45.72836151542408,-73.66974302074216)
1 (45.7459000698305,-73.29361044387315)
1 (45.5458715146568,-73.65689459581439)
1 (45.32324222729231,-73.4014850703416)
1 (45.73185312030005,-73.4393451809354)
1 (45.72259860613194,-73.73389610670066)
1 (45.68119032089351,-73.39115709854762)
1 (45.737808700129406,-73.6228049325018)
1 (45.333624538783575,-73.35402272952666)
1 (45.59578809391216,-73.71822903935605)
1 (45.59821185242741,-73.61505685940577)
1 (45.73330178860346,-73.5435183889551)
1 (45.63552295688777,-73.50006351443835)
1 (45.33493039130774,-73.47182354989741)
1 (45.66398307791787,-73.63401933816836)
1 (45.738323363384744,-73.38228505894186)
1 (45.30879956990589,-73.70518448575795)
1 (45.67269718332304,-73.71882937353219)
1 (45.50460099160003,-73.58829413010733)
1 (45.54702413738343,-73.62318685126158)
1 (45.59621196328306,-73.43570231120545)
1 (45.64547109946844,-73.74685292829979)
1 (45.55591420484734,-73.3331424700717)
1 (45.61938568527512,-73.26419396999697)
1 (45.65009450238466,-73.33893702905071)
1 (45.587490622687426,-73.51075480346208)
1 (45.44335668743455,-73.68203137152044)
1 (45.46893531805221,-73.55705548292148)
1 (45.723974877261426,-73.58514576723653)
1 (45.37746696035294,-73.39877013077458)
1 (45.270991645345184,-73.60463114893112)
1 (45.49922188372981,-73.29916133652574)
1 (45.36031489076971,-73.53828344384127)
1 (45.36150088606301,-73.65899894888476)
1 (45.52484372499595,-73.34641336072175)
1 (45.27538080561632,-73.61292266993216)
1 (45.34195365477355,-73.65988708648136)
1 (45.50112784595079,-73.35931321475537)
1 (45.4205977877673,-73.31164591738799)
1 (45.342116202034696,-73.52321734516089)
1 (45.299831301413306,-73.4253809800856)
1 (45.42031927490905,-73.62872753883182)
1 (45.65074207590877,-73.42658231376193)
1 (45.32442848458618,-73.51844749758767)
1 (45.49457138534343,-73.40709918005862)
1 (45.65026846487301,-73.30328026432385)
1 (45.61123426330267,-73.57464182322707)
1 (45.67241540177715,-73.65575601288056)
1 (45.41449990883548,-73.55332259654027)
1 (45.49578876292352,-73.47447214985958)
1 (45.31276821588027,-73.57037751966347)
1 (45.53647466805577,-73.64594890189458)
1 (45.4576794548481,-73.567627197954)
1 (45.57215273565236,-73.3133090113869)
1 (45.3067197726346,-73.5140290059356)
1 (45.3842364095747,-73.7286702600188)
1 (45.59053610291493,-73.66784049857293)
1 (45.68619987266077,-73.41799578747087)
1 (45.58084958436571,-73.74345680037881)
1 (45.595553339483914,-73.52337680853215)
1 (45.50065772843626,-73.37890298633005)
1 (45.360541327797165,-73.30832836523587)
1 (45.50484112366203,-73.47525506265649)
1 (45.39687709151024,-73.41665893915562)
1 (45.386341304346026,-73.3889314879631)
1 (45.42468973666649,-73.56483039640794)
1 (45.53075211559528,-73.60183982278531)
1 (45.62134847189073,-73.42145498741098)
1 (45.650467891421556,-73.37278134751293)
1 (45.721942150806456,-73.48568184676249)
1 (45.47845732754392,-73.48630928666744)
1 (45.40593014409815,-73.31870572675435)
1 (45.39128285052613,-73.56240420292409)
1 (45.6058442872506,-73.50948615453032)
1 (45.36116097134783,-73.47187332604734)
1 (45.56190949524989,-73.26699593202899)
1 (45.70765995187577,-73.7182982926459)
1 (45.52506421210441,-73.52692289380411)
1 (45.33105686110023,-73.69764887151877)
1 (45.480100105506345,-73.44072986637035)
1 (45.46142703755491,-73.53134822971982)
1 (45.620503548821205,-73.57933277006954)
1 (45.45021430783333,-73.68761820846602)
1 (45.557069833845496,-73.63238755873381)
1 (45.26433177453678,-73.35935101506351)
1 (45.38347440803497,-73.31728198173872)
1 (45.61676806204178,-73.55454691319139)
1 (45.25372351311158,-73.62940881931058)
1 (45.582225269916876,-73.57752512685487)
1 (45.54877004395524,-73.46715252521597)
1 (45.60149024432215,-73.53565846264073)
1 (45.52256866633054,-73.55125174451821)
1 (45.47404187327404,-73.6972998488819)
1 (45.521457527313466,-73.42880568226437)
1 (45.274822586248554,-73.45186227360522)
1 (45.46499212170609,-73.70717272961161)
1 (45.60815334392413,-73.28268123890265)
1 (45.2612203616348,-73.50236524857672)
1 (45.72944691058654,-73.55733205207466)
1 (45.70487574084884,-73.41027476667821)
1 (45.323675219967605,-73.56849210477195)
1 (45.67307936635247,-73.61716758958254)
1 (45.628472102185064,-73.6212314135112)
1 (45.58987937234548,-73.55837087842481)
1 (45.6293038835459,-73.55978247506103)
1 (45.678319809417914,-73.31092522768074)
1 (45.73431565138543,-73.45838357648756)
1 (45.45671927874811,-73.66720967786172)
1 (45.65726217783423,-73.26670769723349)
1 (45.264452960187036,-73.58215107300717)
1 (45.69835795050656,-73.5006819973268)
1 (45.321769847342274,-73.4166098558625)
1 (45.71493182059129,-73.6041709071485)
1 (45.43804022777493,-73.61388987899159)
1 (45.31644733211322,-73.37603889347362)
1 (45.48331711217044,-73.64505043396841)
1 (45.70175067468447,-73.36052674590991)
1 (45.62920793272478,-73.74180400128579)
1 (45.580334107857574,-73.33666842265163)
1 (45.64679190139487,-73.60326374460305)
1 (45.28395310178456,-73.51464328017354)
1 (45.72168091071112,-73.41466034306622)
1 (45.48011174933778,-73.25350154376765)
1 (45.30931087298097,-73.65237798724233)
1 (45.344731373966944,-73.55561894605208)
1 (45.50716301474939,-73.27026519648867)
1 (45.6377431307624,-73.26852923348514)
1 (45.26485351728069,-73.46715614016613)
1 (45.352396425292554,-73.33445135724583)
1 (45.487892658752614,-73.32489401603551)
1 (45.47675026171174,-73.57187112540603)
1 (45.71640331126592,-73.67987825887562)
1 (45.41411598888612,-73.35195494282493)
1 (45.57620159929257,-73.64926292666537)
1 (45.25814531430098,-73.64536636126708)
1 (45.60638109181564,-73.27541397433072)
1 (45.407808196694035,-73.26222417706053)
1 (45.36490493076788,-73.27908884231796)
1 (45.43768140656371,-73.68948347149572)
1 (45.4016987545757,-73.42303192779336)
1 (45.70976884762689,-73.74593944496114)
1 (45.267350539265315,-73.48328513551999)
1 (45.424500905382594,-73.32534631667505)
1 (45.69476152088351,-73.30549332423492)
1 (45.660610514401135,-73.28281216062577)
1 (45.45095614305373,-73.38783958090792)
1 (45.44625975921454,-73.53867276197695)
1 (45.60674668928684,-73.38097611385075)
1 (45.53709140048708,-73.72746632735624)
1 (45.613061952655194,-73.32842165124896)
1 (45.350805538255436,-73.70742317944269)
1 (45.6044873041387,-73.38837701716781)
1 (45.422412352171015,-73.46805310821131)
1 (45.2729271343122,-73.67976586269944)
1 (45.299487837578134,-73.42995544644475)
1 (45.46728846780785,-73.28153797406887)
1 (45.49255995576501,-73.32189552516488)
1 (45.378698247631256,-73.28487817710113)
1 (45.43217865755881,-73.74548350168189)
1 (45.265004837020165,-73.65294416143858)
1 (45.36127386047662,-73.69746004554034)
1 (45.653177666133075,-73.48211222138472)
1 (45.709081219684975,-73.71363611586493)
1 (45.33370711555213,-73.58244016348053)
1 (45.25121656617117,-73.42695187213508)
1 (45.72722022227018,-73.60316226110047)
1 (45.259405230666424,-73.69491306883045)
1 (45.36026580439504,-73.72151150274006)
1 (45.38392371595599,-73.54883100490613)
1 (45.73458611916972,-73.69001988558564)
1 (45.69198667668793,-73.54883520025041)
1 (45.312180323359485,-73.29867808980539)
1 (45.60611295773054,-73.6945457453448)
1 (45.667078279881906,-73.55394104004029)
1 (45.44793041031947,-73.34158558900475)
1 (45.57398164230426,-73.60654669168815)
1 (45.394929701479356,-73.60878061082826)
1 (45.413792269524016,-73.67447055201062)
1 (45.40035348898837,-73.52993853327553)
1 (45.27653648007996,-73.40606916684557)
1 (45.50970763901121,-73.70751562437411)
1 (45.533306815814086,-73.31157089558508)
1 (45.53130749400129,-73.46327318037333)
1 (45.43058126525056,-73.55855340665825)
1 (45.6828223715478,-73.45319357828188)
1 (45.43264324592345,-73.57890197199865)
1 (45.64095793430685,-73.4204688471586)
1 (45.600813935309894,-73.57097385426005)
1 (45.36721612734959,-73.70129253883613)
1 (45.25182169750424,-73.60129904110592)
1 (45.66909885595356,-73.27347875713322)
1 (45.48187177218154,-73.61512839524801)
1 (45.6831717918474,-73.54760007507126)
1 (45.377842552206126,-73.25449540732983)
1 (45.33408079496124,-73.74437908977934)
1 (45.362523279938486,-73.45618862900419)
1 (45.331914273445484,-73.58048637073894)
1 (45.63692086385668,-73.3601369088648)
1 (45.41923013868129,-73.59769034016678)
1 (45.5894023509599,-73.6011903039818)
1 (45.368617453541916,-73.31747296697412)
1 (45.33880224079561,-73.5841349962807)
1 (45.66183809669411,-73.48476764226197)
1 (45.26661279724189,-73.35301078785163)
1 (45.35239474020658,-73.48039400795322)
1 (45.47198805512004,-73.66140540087733)
1 (45.32479741709925,-73.53205718434525)
1 (45.552531295639156,-73.33038047879576)
1 (45.51585135857861,-73.63844694193126)
1 (45.47369823344012,-73.44503900384724)
1 (45.65596486670761,-73.64001537369437)
1 (45.540137080799504,-73.3894751070756)
1 (45.72177662466638,-73.62342942701689)
1 (45.62339969934249,-73.65295212638884)
1 (45.56532767432119,-73.33448779325971)
1 (45.332196177523066,-73.2576355686656)
1 (45.599554115819686,-73.4964594872047)
1 (45.73372868863336,-73.56006284810218)
1 (45.4750521232475,-73.38734464846705)
1 (45.54762871864966,-73.56476246732277)
1 (45.37886812239286,-73.72047560469353)
1 (45.43763488462406,-73.25904037636909)
1 (45.42249223518949,-73.29816981765397)
1 (45.620387061975286,-73.3329320329597)
1 (45.56328423798931,-73.5678137753836)
1 (45.495575642959636,-73.48767418208334)
1 (45.6212368992959,-73.60380011859405)
1 (45.37717311446514,-73.35978030584444)
1 (45.71128243182799,-73.6671583141644)
1 (45.67158844324315,-73.39591005481786)
1 (45.310273399688846,-73.3575118636367)
1 (45.505322916265705,-73.30620257114435)
1 (45.71732057610607,-73.46916336610548)
1 (45.35206957246068,-73.50059964005759)
1 (45.346345482912035,-73.49465147610432)
1 (45.64718646437504,-73.67391486255688)
1 (45.610506671315754,-73.2850418393813)
1 (45.706087240789486,-73.4510105035516)
1 (45.61958421291424,-73.67650708773785)
1 (45.48233115257387,-73.73342430720272)
1 (45.513457805719355,-73.42741887623013)
1 (45.31105728753144,-73.60314364676641)
1 (45.497489639527615,-73.57921799786548)
1 (45.28389678885019,-73.33795542482224)
1 (45.52892401370936,-73.35774649209642)
1 (45.2926095026654,-73.27590511988792)
1 (45.62734134551606,-73.46951876134901)
1 (45.56043025772104,-73.43387897091162)
1 (45.446755154939424,-73.6195764284759)
1 (45.65247280744226,-73.43717894320115)
1 (45.55211617755008,-73.28411501322525)
1 (45.51952820219121,-73.45319041076223)
1 (45.288788893271374,-73.71198803960272)
1 (45.58320729343953,-73.44284789016308)
1 (45.71999107344654,-73.30448762200811)
1 (45.71461552825703,-73.64858487108502)
1 (45.33423808741374,-73.43246803870606)
1 (45.69361138957599,-73.32680914555752)
1 (45.59250937671122,-73.39392226839335)
1 (45.36118817747546,-73.30667528737949)
1 (45.39315534074628,-73.59353904690973)
1 (45.69363213042638,-73.51503183535655)
1 (45.68148841288696,-73.6385612015185)
1 (45.43384799658371,-73.64990082842242)
1 (45.7205533016028,-73.39243384128262)
1 (45.7126067543584,-73.71170301326924)
1 (45.469746796976494,-73.609274109333)
1 (45.280458064007874,-73.61267237936588)
1 (45.58875845778117,-73.58811202532196)
1 (45.549663742667725,-73.58050929059208)
1 (45.29572936192656,-73.33614494091248)
1 (45.61474645498279,-73.55230187797223)
1 (45.660576729705824,-73.51491622326765)
1 (45.280111360595384,-73.71910073531978)
1 (45.40710799490328,-73.46237156884342)
1 (45.373686622582355,-73.33026258722424)
1 (45.43084901206813,-73.33716447310101)
1 (45.26664191943638,-73.29978406694372)
1 (45.51343631232351,-73.41937520774337)
1 (45.55098254402042,-73.57432693865056)
1 (45.62897465917073,-73.3239758041425)
1 (45.74917980944823,-73.62449198523784)
1 (45.29293653115284,-73.33991634665767)
1 (45.74298671638955,-73.30712896627472)
1 (45.5999811643843,-73.29862584173932)
1 (45.3122014668889,-73.7170754694699)
1 (45.433496486061195,-73.30101421943137)
1 (45.26837908786759,-73.50169827472685)
1 (45.30671806992083,-73.29172931692435)
1 (45.65335540312384,-73.45096594966748)
1 (45.412954989759314,-73.36346659687412)
1 (45.34793519854912,-73.49951213301819)
1 (45.720753308903106,-73.30254632726265)
1 (45.70221036599941,-73.58525424225608)
1 (45.34875363884402,-73.74976677953086)
1 (45.45571144184332,-73.60161294671651)
1 (45.494550019660025,-73.44770931989912)
1 (45.26295983965351,-73.45723311817137)
1 (45.37203320659608,-73.37721469781005)
1 (45.57797581372731,-73.5183376143407)
1 (45.43250204540298,-73.6516675200889)
1 (45.479910964136494,-73.45445033243249)
1 (45.60625274368516,-73.33801896475511)
1 (45.741212012367924,-73.73820599463588)
1 (45.40340617038894,-73.40814583210361)
1 (45.54958598788097,-73.26431906150998)
1 (45.45540952450027,-73.29318679938662)
1 (45.295525296379076,-73.25151501662427)
1 (45.46194926474739,-73.51691498422377)
1 (45.728264390272976,-73.27433256629924)
1 (45.53193791163143,-73.62199862492244)
1 (45.564777923249416,-73.43918563301592)
1 (45.57178843750533,-73.57516983667698)
1 (45.30879380598948,-73.37092999350543)
1 (45.67936530229814,-73.54386430078198)
1 (45.59978257993299,-73.31240915260005)
1 (45.447802358811785,-73.37781270991391)
1 (45.36549795168472,-73.26006016677836)
1 (45.66980335218475,-73.30435778150554)
1 (45.39588173517068,-73.66364020808045)
1 (45.660091802467136,-73.25593862600482)
1 (45.691009429645206,-73.30749026177678)
1 (45.28135243558747,-73.39222716522032)
1 (45.561241120644404,-73.56448288379966)
1 (45.26730761073698,-73.25781935407592)
1 (45.47385585859045,-73.27190621277548)
1 (45.58549757086076,-73.62917689870709)
1 (45.54718540836747,-73.5210171145292)
1 (45.371884195885805,-73.45168304453517)
1 (45.39062726211857,-73.67885172636805)
1 (45.399574019662126,-73.34921914267727)
1 (45.67690434729251,-73.47211206230976)
1 (45.61475662767315,-73.50458647339204)
1 (45.411552848324135,-73.45855287281321)
1 (45.4843805095865,-73.2593910382373)
1 (45.333857251451796,-73.69127352663932)
1 (45.25213953673167,-73.56667661809048)
1 (45.743315368132365,-73.34567493313729)
1 (45.69201826261209,-73.44863485952366)
1 (45.2962042329962,-73.52757211361927)
1 (45.58194591659732,-73.36513857498419)
1 (45.45793112999788,-73.41405860292595)
1 (45.394034035993855,-73.38663787916714)
1 (45.328592091074476,-73.29619905916951)
1 (45.61242388667306,-73.28712654359855)
1 (45.48152383988553,-73.49448223464294)
1 (45.644945279795486,-73.6294287862833)
1 (45.26762303757735,-73.5041966815167)
1 (45.490589659083696,-73.60597498839115)
1 (45.741820325554976,-73.59849716352973)
1 (45.66122537555218,-73.32352761403295)
1 (45.46233453949181,-73.47191023513201)
1 (45.33303473817572,-73.37998653551722)
1 (45.39819634759437,-73.34638280264883)
1 (45.32082730984943,-73.47544602762551)
1 (45.556018097537084,-73.28570804074005)
1 (45.726685509938136,-73.42809375628991)
1 (45.703100582301694,-73.27226856330083)
1 (45.51332375103558,-73.32833473236848)
1 (45.72070540101494,-73.39251689826824)
1 (45.292093410285425,-73.66169157738145)
1 (45.66868484847397,-73.25446940186197)
1 (45.29574175991864,-73.5625750873294)
1 (45.58064977167834,-73.52171943011587)
1 (45.32683360223613,-73.42693723476134)
1 (45.33746883829154,-73.69408179967749)
1 (45.434170136192755,-73.41211163578481)
1 (45.6861311391105,-73.49496047709592)
1 (45.671590600522585,-73.38681456729707)
1 (45.58086733122542,-73.43988719684997)
1 (45.536217650071336,-73.66332244058171)
1 (45.523912575902386,-73.3594092279566)
1 (45.56650861347776,-73.34725970484948)
1 (45.47440813997899,-73.33260958597505)
1 (45.604400164597465,-73.37822420753292)
1 (45.675676586692056,-73.65502406699997)
1 (45.390385022108326,-73.30664476424879)
1 (45.42346877856794,-73.61657430529017)
1 (45.46553493163626,-73.5588089471357)
1 (45.360769309738906,-73.50136701069427)
1 (45.30028497109092,-73.38291675326994)
1 (45.33836015742907,-73.34181481551971)
1 (45.65622004839333,-73.34430915400955)
1 (45.72458065000767,-73.56451450545589)
1 (45.41415519730262,-73.64768817305837)
1 (45.282585209980205,-73.25467428009017)
1 (45.46947716002354,-73.70818825806842)
1 (45.35888848380871,-73.3396115729816)
1 (45.30401526806323,-73.27157661225759)
1 (45.64310079649998,-73.54994902729666)
1 (45.49263578632982,-73.49665333799851)
1 (45.66549522591577,-73.55961619824157)
1 (45.692304350974965,-73.26008979721225)
1 (45.49641083072795,-73.73262046449999)
1 (45.59153709362069,-73.52548695909083)
1 (45.299484657063665,-73.41578065221566)
1 (45.36896165400938,-73.43435332816824)
1 (45.469318896822806,-73.7122226756722)
1 (45.42113539659368,-73.32699488385538)
1 (45.55342725431839,-73.6504168940783)
1 (45.47181849008944,-73.68597772603121)
1 (45.51816836540885,-73.62789222394152)
1 (45.66757555776557,-73.51386671490677)
1 (45.66886212711329,-73.45749266668307)
1 (45.397880458718824,-73.41036179236195)
1 (45.675398160864745,-73.27714731967376)
1 (45.351824260117596,-73.60174621482294)
1 (45.68638377536633,-73.50160534437066)
1 (45.738077471663715,-73.39772915676483)
1 (45.437242438179034,-73.3964430359286)
1 (45.64993338380612,-73.50730818737777)
1 (45.57066155268034,-73.74088029968851)
1 (45.25305994760124,-73.3361947275002)
1 (45.591402057030756,-73.41654960144284)
1 (45.31001363769598,-73.3136389293453)
1 (45.47172027828384,-73.61434075491314)
1 (45.532619368400994,-73.4561582435772)
1 (45.40851617474982,-73.69080047160533)
1 (45.37099644187349,-73.26971689513208)
1 (45.60880983228548,-73.52929591104058)
1 (45.606311108446604,-73.72032141691537)
1 (45.746261998552114,-73.56925722620218)
1 (45.51326231992966,-73.36579063186446)
1 (45.38819206241591,-73.45929422700407)
1 (45.39785784514775,-73.33862585910583)
1 (45.73991082126374,-73.56683803537513)
1 (45.49621385305026,-73.70145088423232)
1 (45.491173026819645,-73.33818886902658)
1 (45.54091164458882,-73.2624084489989)
1 (45.37816852621575,-73.74845669414292)
1 (45.262871346669556,-73.73819350575792)
1 (45.29370873343288,-73.31086195327326)
1 (45.698752698913914,-73.68707116801066)
1 (45.388128577490185,-73.32921891849978)
1 (45.4165692952521,-73.4032703700898)
1 (45.603912456389146,-73.27615475444809)
1 (45.65550308134036,-73.46756220466159)
1 (45.478165722177074,-73.36272301147429)
1 (45.39983188164111,-73.3866248854624)
1 (45.32879185331862,-73.53255041781813)
1 (45.57143347677409,-73.7259651577996)
1 (45.612598499054386,-73.26551155863508)
1 (45.33050545125146,-73.34770916063522)
1 (45.306543900653075,-73.71215642554104)
1 (45.419940981972914,-73.30549335981253)
1 (45.61694864251466,-73.30072119809677)
1 (45.57522626087573,-73.62397962289253)
1 (45.66573576276893,-73.56353332870178)
1 (45.748776302034706,-73.60018600399614)
1 (45.53762556183206,-73.51897715804007)
1 (45.265301542964174,-73.40786799113108)
1 (45.6976999212794,-73.51891694750577)
1 (45.53309826206791,-73.6646031309104)
1 (45.30486397341784,-73.52957969993199)
1 (45.58508203986078,-73.73402441579279)
1 (45.3534713785597,-73.35638057711125)
1 (45.51293380808446,-73.38281626592341)
1 (45.37274282517958,-73.35002900772277)
1 (45.28790407493334,-73.49362975945012)
1 (45.601595340047446,-73.64248443507579)
1 (45.532621725171694,-73.35099149828024)
1 (45.63511371356682,-73.4569357096347)
1 (45.519679341156554,-73.5675738633292)
1 (45.50813328998502,-73.5159589139767)
1 (45.52481807189458,-73.50286208074318)
1 (45.54126673497813,-73.53636371065484)
1 (45.655210582119736,-73.54529657613762)
1 (45.52519577946436,-73.7479687298941)
1 (45.40664156271024,-73.38238720975572)
1 (45.46016210994795,-73.306652280203)
1 (45.47731113367649,-73.37108857302121)
1 (45.59932985261682,-73.38950466815184)
1 (45.28053687126906,-73.3428940614515)
1 (45.46705554041461,-73.6617642928793)
1 (45.65380660924127,-73.63464875219282)
1 (45.336089396280926,-73.69144997602716)
1 (45.457434179516504,-73.3269997471856)
1 (45.35134555280631,-73.25820739912444)
1 (45.592496782632075,-73.59769503216629)
1 (45.582116476826435,-73.35786815225293)
1 (45.44478291939304,-73.25661025273375)
1 (45.26947082822461,-73.54357517643403)
1 (45.37915577637527,-73.42342561653541)
1 (45.41106170732369,-73.56805906008867)
1 (45.6670379538151,-73.43729312541964)
1 (45.59168576128634,-73.59975490012404)
1 (45.62864870995491,-73.45062734434013)
1 (45.624672010485114,-73.57793016221318)
1 (45.31117625921846,-73.25632081312827)
1 (45.61654225262871,-73.54884904761911)
1 (45.704242949449984,-73.72922824138855)
1 (45.50537352626996,-73.58622994205045)
1 (45.31482224086318,-73.32868156475203)
1 (45.45190599526507,-73.64485723859057)
1 (45.38519205716259,-73.40909093900584)
1 (45.681678256821854,-73.42619011979221)
1 (45.63955983631339,-73.6203546581917)
1 (45.48633524862028,-73.54916554982697)
1 (45.68767054915301,-73.44884401969901)
1 (45.592742059794475,-73.51812382086077)
1 (45.597009482412,-73.45314702564635)
1 (45.4996503716088,-73.66289014185763)
1 (45.66913763751565,-73.48654802698948)
1 (45.663402623713154,-73.39352628644909)
1 (45.620248134691145,-73.67038792683053)
1 (45.58652203035359,-73.26412190151859)
1 (45.67120801688302,-73.5889931057701)
1 (45.426025107208254,-73.47622526525555)
1 (45.498150403362516,-73.6177786914239)
1 (45.69190643013985,-73.57311918276774)
1 (45.58110791297007,-73.47142506631752)
1 (45.45048388577823,-73.68112773937986)
1 (45.71522896130084,-73.46869437883203)
1 (45.68215558778467,-73.74349536111444)
1 (45.31679435951365,-73.65449680478946)
1 (45.568608374765674,-73.26611007506912)
1 (45.664552358945116,-73.29823420892549)
1 (45.50063069226806,-73.652448175937)
1 (45.365816096508105,-73.40024197392049)
1 (45.50442107045566,-73.74759824010461)
1 (45.62631833820109,-73.68531761556132)
1 (45.58164689390655,-73.73807761703141)
1 (45.33299383629965,-73.64386771381089)
1 (45.646495982870725,-73.56538516734219)
1 (45.52966080634633,-73.49712289948835)
1 (45.32157738737588,-73.50683944514886)
1 (45.57699844317742,-73.51316333279755)
1 (45.323765486687776,-73.55723201423062)
1 (45.640268558296356,-73.3851652020556)
1 (45.53094516984193,-73.70918095012854)
1 (45.6409047841998,-73.40232185633438)
1 (45.57110394639041,-73.67880023018236)
1 (45.44139391195842,-73.39731082475393)
1 (45.41633035068231,-73.55640601775649)
1 (45.30679959945332,-73.44197133759668)
1 (45.49601584778415,-73.27946135670996)
1 (45.60082933385534,-73.48502465698799)
1 (45.265921345629124,-73.72681636600241)
1 (45.729521518286795,-73.58221262049442)
1 (45.482756989428374,-73.61953131946564)
1 (45.54143025327379,-73.56014767377933)
1 (45.63753796965097,-73.28417566041193)
1 (45.72961111895754,-73.380460765458)
1 (45.59521655179407,-73.68947620042712)
1 (45.25776207878955,-73.63050132167666)
1 (45.472954571414824,-73.50654360399939)
1 (45.45054947488219,-73.46088660889002)
1 (45.664888310853954,-73.2666362977961)
1 (45.64644967130326,-73.41861563163951)
1 (45.68735133913001,-73.49852675239696)
1 (45.71036305885192,-73.48725571507498)
1 (45.67525907095913,-73.52001541342354)
1 (45.74280731351637,-73.74287808951311)
1 (45.4077219243401,-73.33499293726355)
1 (45.50267330311825,-73.36596132182545)
1 (45.67894252782926,-73.34868213435018)
1 (45.38132725489217,-73.31539996502481)
1 (45.659065465036186,-73.35929614929229)
1 (45.72726877239089,-73.2710482667109)
1 (45.608886476323185,-73.51433010415569)
1 (45.42260518123061,-73.48589705168871)
1 (45.42219117328385,-73.63405889420501)
1 (45.35527826628021,-73.45802477454428)
1 (45.46998180105962,-73.50354410658397)
1 (45.31428039360398,-73.33588168618704)
1 (45.61196361716602,-73.41755874268743)
1 (45.35902276724775,-73.70825897003775)
1 (45.52240105652126,-73.43031875969822)
1 (45.378569153815526,-73.40246295118612)
1 (45.64981673184888,-73.41376592746607)
1 (45.36162460647658,-73.62075693297304)
1 (45.69299501138227,-73.6643768926272)
1 (45.3439690593591,-73.68605187427606)
1 (45.42936484230993,-73.41907909963592)
1 (45.58645169294448,-73.34311929018297)
1 (45.57607510152804,-73.7458342355184)
1 (45.26371275975563,-73.47126856051968)
1 (45.59893867665602,-73.36380580314217)
1 (45.31147516693574,-73.70847307600764)
1 (45.509910080825485,-73.52175749848503)
1 (45.58854907468502,-73.365348075025)
1 (45.709874559438184,-73.62143481305232)
1 (45.658618483462305,-73.62017585924737)
1 (45.34026481038771,-73.3151626228991)
1 (45.28642953149119,-73.33334196459825)
1 (45.40438493897972,-73.33374701200636)
1 (45.6731760446859,-73.40108895395763)
1 (45.60730946421517,-73.31200006102563)
1 (45.52667866187563,-73.38441239507893)
1 (45.44183829283808,-73.37481182009587)
1 (45.27337959915357,-73.6992166040743)
1 (45.51722725214472,-73.72667404243892)
1 (45.571225997126184,-73.43851560342424)
1 (45.487276606395156,-73.45191596804389)
1 (45.27519041145429,-73.41650794058846)
1 (45.68484868094383,-73.68164258263283)
1 (45.64047797876182,-73.27777162996853)
1 (45.71099854692761,-73.7164715358041)
1 (45.32239541638365,-73.50261878379796)
1 (45.258640577415676,-73.61164524814563)
1 (45.64640788412753,-73.36181730187133)
1 (45.37303634561272,-73.63295010978105)
1 (45.6770854618073,-73.33042993661809)
1 (45.664378032188225,-73.37810544478712)
1 (45.310441875786715,-73.66143913143084)
1 (45.691354759415674,-73.72888993236134)
1 (45.45059371647423,-73.74511893344551)
1 (45.32882724590926,-73.65425414270562)
1 (45.308719359927,-73.53978317850785)
1 (45.41759992042294,-73.72402290068268)
1 (45.479972462454676,-73.25358224445985)
1 (45.36976749239969,-73.51652191291636)
1 (45.7123057067473,-73.58543865622087)
1 (45.66922646319404,-73.41156839636416)
1 (45.68008630002494,-73.69600455340552)
1 (45.36368040027923,-73.55274615550063)
1 (45.61493547706397,-73.67669228072852)
1 (45.691830897883925,-73.53974064293712)
1 (45.32639996604749,-73.61637224657369)
1 (45.42743454037411,-73.67274041272425)
1 (45.46586433103845,-73.4312500064244)
1 (45.35051946697121,-73.31651659132655)
1 (45.348538782492646,-73.42372780180763)
1 (45.475293442189866,-73.68177252434992)
1 (45.25040767013199,-73.57072331499852)
1 (45.27413844961928,-73.53571122756271)
1 (45.33970006653552,-73.31096201781085)
1 (45.637575343408464,-73.55249873818393)
1 (45.28574418446452,-73.60417663636046)
1 (45.70119525208852,-73.69740703857727)
1 (45.61199339593985,-73.27294101472509)
1 (45.45229260570296,-73.70590038039524)
1 (45.5245624274638,-73.6100330587026)
1 (45.70129822959985,-73.3707847202534)
1 (45.25278793822779,-73.44076475626802)
1 (45.56609894064162,-73.4867701427679)
1 (45.38412851175089,-73.27063499883086)
1 (45.57094344768297,-73.42240173319921)
1 (45.26214507634888,-73.32395411007916)
1 (45.3058727701301,-73.39429479631573)
1 (45.74335309657663,-73.68875677024894)
1 (45.327476481146334,-73.60796586119423)
1 (45.47641428230196,-73.42736315558558)
1 (45.607264533612664,-73.50328123568336)
1 (45.37543571977728,-73.39036593991595)
1 (45.35005743262518,-73.40065047836113)
1 (45.608070519852284,-73.58461384171804)
1 (45.41153633726176,-73.38657263768562)
1 (45.70866473769603,-73.2929303925367)
1 (45.341457175712314,-73.3039983931653)
1 (45.35687110917099,-73.7248495883046)
1 (45.267021954817224,-73.72420182094845)
1 (45.4329508105546,-73.2935678256667)
1 (45.40951309030985,-73.27246124724056)
1 (45.672410472374956,-73.66460495954959)
1 (45.49653525120411,-73.65982836276076)
1 (45.594672215348155,-73.50633471742547)
1 (45.692072306382286,-73.73762127381339)
1 (45.373150502804464,-73.39158817106333)
1 (45.41705528818497,-73.34000665323255)
1 (45.44741002433047,-73.55295158323264)
1 (45.57425064551804,-73.61314230059216)
1 (45.45200508504998,-73.68217323474963)
1 (45.723016134746715,-73.44683159560562)
1 (45.45115131567876,-73.6862613361178)
1 (45.67183532490883,-73.52649682797058)
1 (45.52355655699441,-73.2693987824137)
1 (45.269529525994045,-73.40950889066845)
1 (45.43753851773481,-73.4007176974035)
1 (45.37965964668122,-73.40051623504971)
1 (45.492982443441605,-73.65327033141932)
1 (45.616868545986236,-73.35539668490199)
1 (45.58374304223609,-73.55920052074133)
1 (45.40877768131076,-73.38281068728313)
1 (45.651770487290875,-73.5201628507183)
1 (45.322540400058365,-73.73606562834128)
1 (45.46254124460359,-73.44045491297045)
1 (45.361267134525264,-73.49610591373323)
1 (45.53030015509132,-73.61312062527465)
1 (45.59227640363498,-73.43892405099929)
1 (45.561171011986275,-73.48645096634984)
1 (45.51648852936212,-73.25754360283214)
1 (45.46236873606803,-73.26985109466739)
1 (45.52626736856117,-73.56995519580448)
1 (45.28654688674377,-73.40396101916102)
1 (45.62762879220356,-73.38999221583131)
1 (45.44174011832166,-73.72020980172971)
1 (45.32197247298095,-73.46811345904209)
1 (45.59941202234195,-73.64965139706855)
1 (45.65235743778459,-73.62341526858185)
1 (45.47579439482111,-73.60997306367898)
1 (45.419829680303906,-73.38692633410703)
1 (45.54500498737637,-73.70298532499221)
1 (45.46642336376638,-73.45934375044469)
1 (45.266356423868935,-73.59269541591323)
1 (45.70319599818094,-73.65384915484479)
1 (45.57281965881887,-73.40623408481257)
1 (45.73402044614468,-73.64649981665396)
1 (45.672781530186896,-73.70644864581986)
1 (45.48884553499669,-73.49291929330973)
1 (45.663036156872494,-73.5258931272906)
1 (45.73375012117453,-73.49061833725115)
1 (45.5373763036632,-73.62723926933178)
1 (45.66935352931548,-73.57125687468967)
1 (45.40220112585972,-73.56480017999539)
1 (45.56400896999223,-73.49651339048488)
1 (45.57823282719505,-73.26590138306037)
1 (45.49369450722863,-73.70495874245752)
1 (45.27573539176052,-73.72925200374095)
1 (45.27662947298951,-73.71543647378334)
1 (45.67955430184414,-73.55026168886168)
1 (45.59738272441368,-73.53493267316854)
1 (45.56984710338473,-73.33041696971172)
1 (45.612602087956475,-73.54577340471029)
1 (45.534550255452224,-73.60937367209367)
1 (45.51848290256699,-73.35821861494226)
1 (45.40042857778498,-73.274339986843)
1 (45.63870671846543,-73.6101266067808)
1 (45.7209794929242,-73.45161766709099)
1 (45.56081945799846,-73.67534379631103)
1 (45.51151483396021,-73.66983699261401)
1 (45.708881767490425,-73.70682984567956)
1 (45.41441885884197,-73.60346386189575)
1 (45.490712392237285,-73.38925878867296)
1 (45.61088207643423,-73.4585756150511)
1 (45.29915886136104,-73.70894224859397)
1 (45.56933589983586,-73.55069491244075)
1 (45.67856787479942,-73.4664011641404)
1 (45.635364213342044,-73.34663905146073)
1 (45.38999132356126,-73.65876831830211)
1 (45.52304371716908,-73.6988852293995)
1 (45.4216517065922,-73.74543369418603)
1 (45.46346544336578,-73.69186990207469)
1 (45.694804643659396,-73.6809510764762)
1 (45.602615936774455,-73.44493370103177)
1 (45.309373742535534,-73.45420401772508)
1 (45.71784715634051,-73.37629102275383)
1 (45.65859695009942,-73.71218503666617)
1 (45.43984002386905,-73.32644676250226)
1 (45.617411458149746,-73.37047266815613)
1 (45.42526726010272,-73.56790006415235)
1 (45.2754176539087,-73.42059584712555)
1 (45.32428708917801,-73.59076868303407)
1 (45.34200077221716,-73.43695619055903)
1 (45.42654993625794,-73.65113468325737)
1 (45.3985524173385,-73.56283371745175)
1 (45.5495762388045,-73.4004559254958)
1 (45.610722112827204,-73.51623239130905)
1 (45.554164127430134,-73.4803052772456)
1 (45.342242521360355,-73.4019271376523)
1 (45.33291163340377,-73.26699252801478)
1 (45.33111016301218,-73.34605445503091)
1 (45.71998874004289,-73.48529220694518)
1 (45.69876682701265,-73.68394422340072)
1 (45.51297042418191,-73.67954322437922)
1 (45.56341502368917,-73.63062097487767)
1 (45.680842749710905,-73.53380417730493)
1 (45.4197143113882,-73.54650803590673)
1 (45.356219541387745,-73.27054142791113)
1 (45.72884326364291,-73.57834857517821)
1 (45.3743583236771,-73.32949479803912)
1 (45.335275563247215,-73.6072132436916)
1 (45.42673967045646,-73.73490865028583)
1 (45.389606702298266,-73.57169411655899)
1 (45.34277512874737,-73.50023429359798)
1 (45.41038101415531,-73.35499065723272)
1 (45.59963441755032,-73.59470251350778)
1 (45.46210730188512,-73.52957337492577)
1 (45.38723380132255,-73.4058329423225)
1 (45.66151436091141,-73.34246670947046)
1 (45.42310269790668,-73.27599003455202)
1 (45.34958608552474,-73.39792297951972)
1 (45.720146952870536,-73.56951340392408)
1 (45.28302912280341,-73.55236461058146)
1 (45.659252717542394,-73.3397431359898)
1 (45.60556430510352,-73.57895258711508)
1 (45.50822554960246,-73.51242869768619)
1 (45.6567964355538,-73.6859941941323)
1 (45.45873545879014,-73.58355325209772)
1 (45.364405032508195,-73.4846340514962)
1 (45.323739043421114,-73.64552265152751)
1 (45.54401238684626,-73.49687723144636)
1 (45.749275909830686,-73.60596195024117)
1 (45.40032311124108,-73.27497461370966)
1 (45.6465872232907,-73.74802981901692)
1 (45.38299279040451,-73.6675551158138)
1 (45.543180056730016,-73.30020431409686)
1 (45.301171869232206,-73.71662081634989)
1 (45.68476195175456,-73.43691162114993)
1 (45.74178370723961,-73.60262577905931)
1 (45.493895926574126,-73.61916204948349)
1 (45.368334473987375,-73.47234017109948)
1 (45.40577695319028,-73.40652571370211)
1 (45.59941568181772,-73.38605679797669)
1 (45.656706629429856,-73.32832330150913)
1 (45.47904814089941,-73.50692734611229)
1 (45.29664368814379,-73.5928252736392)
1 (45.254630042742455,-73.52582143021043)
1 (45.53363362439463,-73.33854575264884)
1 (45.272489399961714,-73.67008178697678)
1 (45.49497156601338,-73.29138533578478)
1 (45.28590509786822,-73.48390451846701)
1 (45.60762837725575,-73.58542023260516)
1 (45.645948389567664,-73.39180370548566)
1 (45.558770526700094,-73.6335527577409)
1 (45.61161059206524,-73.36472524477978)
1 (45.69613039287795,-73.29703143564188)
1 (45.67242046831658,-73.30085518231098)
1 (45.26753407585732,-73.70001693308691)
1 (45.32411847734454,-73.51002333470869)
1 (45.57906983826888,-73.3669127713528)
1 (45.67594312468555,-73.45183335133889)
1 (45.47218103904924,-73.42609804319338)
1 (45.59669800966118,-73.62325594279356)
1 (45.481392951782766,-73.42399217924907)
1 (45.326006412158215,-73.72140252724665)
1 (45.6364341082752,-73.32804963612533)
1 (45.58702352385253,-73.42155177816352)
1 (45.61518814521263,-73.56632577293952)
1 (45.73736493064766,-73.3092322030982)
1 (45.33721314442115,-73.45467255021478)
1 (45.38612274829285,-73.68826952653266)
1 (45.61149120657301,-73.60041624487037)
1 (45.686579674936944,-73.65418758955116)
1 (45.616621670448254,-73.34353695960057)
1 (45.68659406660047,-73.47420746648659)
1 (45.29684746189483,-73.50291279681572)
1 (45.68161761823756,-73.45131984224332)
1 (45.70310435124188,-73.63610949598552)
1 (45.46892055445115,-73.57051089297947)
1 (45.39470922560313,-73.69648955316244)
1 (45.74583730316041,-73.33020269738081)
1 (45.744353846502264,-73.38108219783238)
1 (45.62970916530624,-73.25132462220118)
1 (45.35674655053627,-73.60669938981881)
1 (45.402688609948214,-73.63016236034687)
1 (45.31954505984267,-73.43020027477556)
1 (45.60068307564854,-73.65923713485476)
1 (45.65414941718759,-73.34159987129505)
1 (45.47245470231782,-73.58294767655302)
1 (45.6234747644199,-73.7058855986579)
1 (45.632255269236566,-73.58156336750783)
1 (45.48399950361312,-73.71094835171948)
1 (45.4173643468382,-73.5883872393616)
1 (45.34018509392409,-73.49495256996826)
1 (45.5405116131139,-73.74051296610354)
1 (45.470789716564695,-73.67676301056963)
1 (45.59640273657779,-73.6435805723346)
1 (45.3486485849547,-73.2977135579361)
1 (45.34143147135673,-73.59529098521755)
1 (45.56816949490686,-73.70204676339814)
1 (45.41614889946312,-73.3611700071107)
1 (45.52809326333508,-73.6367704624763)
1 (45.32117396400997,-73.52917777636611)
1 (45.49099403979978,-73.33947084440972)
1 (45.488967863060424,-73.38724029358204)
1 (45.555545672733956,-73.60478955526214)
1 (45.71625801777801,-73.66963500052286)
1 (45.63275574720229,-73.27681499744357)
1 (45.53488565249691,-73.40439281326744)
1 (45.71317007365063,-73.30555630085641)
1 (45.302464401601895,-73.46448470559005)
1 (45.5484757028793,-73.43096118025127)
1 (45.388475364013914,-73.2805411159038)
1 (45.34798188622082,-73.71760705813394)
1 (45.316287763304025,-73.51220816928821)
1 (45.70813360859998,-73.55723752118395)
1 (45.597082163625956,-73.29897490719748)
1 (45.25151357882303,-73.38473458271721)
1 (45.257766819454034,-73.51941158604602)
1 (45.35071410774428,-73.71590957101435)
1 (45.72171577002756,-73.28023906992154)
1 (45.35201099771125,-73.71266421203208)
1 (45.74852090462652,-73.63350530952995)
1 (45.393947718816854,-73.31261561508501)
1 (45.576938066330825,-73.28137490218013)
1 (45.736738395533024,-73.52619754567196)
1 (45.743820916720466,-73.2736436660658)
1 (45.479824468020425,-73.3045429283204)
1 (45.271074366248094,-73.43307018110288)
1 (45.646970194937246,-73.4161205287543)
1 (45.52252276392814,-73.45797206176742)
1 (45.360958328804806,-73.53914194318519)
1 (45.53307619164425,-73.35026503835003)
1 (45.71324769670163,-73.2801728068373)
1 (45.50369159961773,-73.50022835764645)
1 (45.457880675027766,-73.56717505293925)
1 (45.437363830027856,-73.42676060959424)
1 (45.32347874250731,-73.33737529360803)
1 (45.56374470857371,-73.32374544040962)
1 (45.54234074015973,-73.64689705379894)
1 (45.26297676359909,-73.69937716496233)
1 (45.64145854551588,-73.27001271187679)
1 (45.652941453793616,-73.51590169127088)
1 (45.62669133014687,-73.53116404893817)
1 (45.348360003730285,-73.34220868632872)
1 (45.41838978455778,-73.52256802301162)
1 (45.635048188263646,-73.6210663736176)
1 (45.264437868046215,-73.50426766520197)
1 (45.42811470934444,-73.72652077353237)
1 (45.36498014156001,-73.66190570278825)
1 (45.399006350921795,-73.54508677224275)
1 (45.59202885040925,-73.51029156565352)
1 (45.563040791516705,-73.3568387373753)
1 (45.476695247636734,-73.57800061860192)
1 (45.416431908275925,-73.31936396714708)
1 (45.566965938813894,-73.58978692628807)
1 (45.399800139809166,-73.368772750299)
1 (45.32974537765821,-73.67950945484048)
1 (45.54377417089595,-73.34756407834821)
1 (45.48231172554327,-73.716564005321)
1 (45.62152814658692,-73.64912689397003)
1 (45.49038386244709,-73.61348154939873)
1 (45.49296216487363,-73.63301183862345)
1 (45.46267330367883,-73.50139645475727)
1 (45.57572192268193,-73.51383909760594)
1 (45.305095368427494,-73.41350595774799)
1 (45.519366702953356,-73.35981357276759)
1 (45.27173986314539,-73.60443544676971)
1 (45.69073324200578,-73.25429869823924)
1 (45.46425229327284,-73.35559179008027)
1 (45.500906227394076,-73.57575610874144)
1 (45.38645233494245,-73.57313030557208)
1 (45.41719436633398,-73.73758853851949)
1 (45.356817200135104,-73.67607842559966)
1 (45.70712458789199,-73.60002881477604)
1 (45.41788316726328,-73.69745264653343)
1 (45.555704754335274,-73.621198597747)
1 (45.35866951292429,-73.68087275751321)
1 (45.68206888995418,-73.65381546289741)
1 (45.58390456493552,-73.34922084360502)
1 (45.457107063113654,-73.61775786684692)
1 (45.32213475657423,-73.65031012122326)
1 (45.28979545411833,-73.5868028111882)
1 (45.56372307099382,-73.64732174112476)
1 (45.706680196742155,-73.62033136984526)
1 (45.65929409910198,-73.31893595869025)
1 (45.596332159244284,-73.447652929351)
1 (45.689358803191446,-73.66562641989428)
1 (45.5285778584848,-73.37382936665577)
1 (45.53665272154081,-73.58450497950153)
1 (45.386925139492206,-73.52148584324031)
1 (45.554147347196455,-73.2753969298687)
1 (45.27184049157097,-73.25307535289177)
1 (45.3237448433348,-73.47549468907626)
1 (45.742398067234774,-73.33241969056613)
1 (45.743342503795105,-73.5889809371895)
1 (45.464308905031096,-73.58307996229257)
1 (45.56325365732854,-73.2814302568827)
1 (45.72345206229879,-73.48421509382085)
1 (45.516897962628484,-73.34659098555922)
1 (45.54576757749141,-73.31206754021531)
1 (45.35522436329325,-73.62531747961492)
1 (45.336734530564186,-73.5870705961807)
1 (45.399506148214115,-73.46296539046912)
1 (45.51664587210663,-73.72280225908861)
1 (45.67294820022036,-73.63248086063338)
1 (45.58150470782,-73.39361620543505)
1 (45.25797209843681,-73.32570763391631)
1 (45.36360518905592,-73.74276066721349)
1 (45.25309590101691,-73.72510348238535)
1 (45.50072447640114,-73.64215169425408)
1 (45.57100087085493,-73.31210108068096)
1 (45.74834029250643,-73.2886975604343)
1 (45.32767842140519,-73.4467657415388)
1 (45.28540220442835,-73.48017672047459)
1 (45.72147624387412,-73.36619585772361)
1 (45.57092276768912,-73.45615203453775)
1 (45.59041325862755,-73.59627969432584)
1 (45.60601796283369,-73.71625956100102)
1 (45.266309107551905,-73.35296494501537)
1 (45.644014982826896,-73.73944061162771)
1 (45.41507434214393,-73.32511598124661)
1 (45.46985811958839,-73.52329131065989)
1 (45.26393348617379,-73.28132605486562)
1 (45.339282418427615,-73.342684272257)
1 (45.468403785846036,-73.72772008235503)
1 (45.528087506127854,-73.59117252214355)
1 (45.36452841972611,-73.36282656040163)
1 (45.69233266790137,-73.5174163424435)
1 (45.48516343554686,-73.32901492815675)
1 (45.3813872708748,-73.60197899309576)
1 (45.49304383639628,-73.74778798693465)
1 (45.57750913220213,-73.73731798912007)
1 (45.59790454224777,-73.74838659871413)
1 (45.55798648446999,-73.27565378450778)
1 (45.58010842343338,-73.65570714432772)
1 (45.68886764167269,-73.39562841098191)
1 (45.73903344651307,-73.69445008755969)
1 (45.4629157270957,-73.60927213549978)
1 (45.42089778868725,-73.4917107605516)
1 (45.68866399426527,-73.58577628829083)
1 (45.25775163053119,-73.31989198594778)
1 (45.72231068897362,-73.30792636238135)
1 (45.36704087173038,-73.41586038534537)
1 (45.50968063214094,-73.4007796866334)
1 (45.51944815357772,-73.34068690385833)
1 (45.47159392874075,-73.28027738843929)
1 (45.681642900605866,-73.70710456945396)
1 (45.42272057620536,-73.561961086226)
1 (45.3801225331614,-73.69898459131544)
1 (45.261362995873654,-73.44681998117093)
1 (45.51250282702881,-73.63867512188699)
1 (45.60559671764936,-73.5625245119716)
1 (45.55341637441565,-73.42396450565472)
1 (45.379812901676985,-73.48390845889506)
1 (45.56360356961205,-73.45672431283552)
1 (45.5749445078209,-73.38654147683938)
1 (45.51283167963164,-73.7199549261377)
1 (45.51552118598507,-73.50158974601807)
1 (45.66995298676761,-73.42899994762543)
1 (45.46718643234416,-73.7388929261137)
1 (45.6967140846161,-73.68611317900769)
1 (45.3094236423234,-73.52829077358092)
1 (45.6058538976791,-73.30535516071787)
1 (45.27997605376721,-73.59671373489601)
1 (45.40857911395734,-73.44696418241928)
1 (45.46980884064544,-73.55040681751734)
1 (45.58168110652382,-73.40688971729953)
1 (45.31044999002783,-73.26788676386674)
1 (45.43035959384926,-73.34809386315969)
1 (45.74915958862274,-73.72983804319459)
1 (45.509243692460586,-73.43551992851829)
1 (45.651615899866,-73.51713343919859)
1 (45.49115225867753,-73.74629461361612)
1 (45.70666939982315,-73.29752078533771)
1 (45.74081058389205,-73.47077378536767)
1 (45.73320454817478,-73.69524754497785)
1 (45.35904190235918,-73.29845941168769)
1 (45.30526221778862,-73.49600063446795)
1 (45.61187760128615,-73.49560836139658)
1 (45.518314078297585,-73.68201927970733)
1 (45.448580846144175,-73.52852173111808)
1 (45.5169433339623,-73.31909412345199)
1 (45.74275411745095,-73.66804630158906)
1 (45.59217471700025,-73.32839632112683)
1 (45.4615021968049,-73.32673779416682)
1 (45.73530981180613,-73.671685910204)
1 (45.67904735190922,-73.43042827250174)
1 (45.50436193109269,-73.4584288652428)
1 (45.70324488671413,-73.41060845428287)
1 (45.41904843328989,-73.44770834326944)
1 (45.576122556300504,-73.42307825433423)
1 (45.350786145944426,-73.36654538752867)
1 (45.34286842211979,-73.65173713776389)
1 (45.515249297553744,-73.39935031005784)
1 (45.25761713353417,-73.54417856119532)
1 (45.706787301913806,-73.62070628962788)
1 (45.50893590853714,-73.54792110598773)
1 (45.336363263013695,-73.54554213151897)
1 (45.60308681723575,-73.37265143671304)
1 (45.64766217639603,-73.35698181816768)
1 (45.738942992719146,-73.49477265718951)
1 (45.689631232326995,-73.74276350361251)
1 (45.34486209949667,-73.54584413732853)
1 (45.71795275123507,-73.62610170586339)
1 (45.42487120444424,-73.38616726487491)
1 (45.68281364657544,-73.41622131269537)
1 (45.47919294033733,-73.55881430199258)
1 (45.33582369849092,-73.72752291034516)
1 (45.52244364678116,-73.4478154767343)
1 (45.255047938489255,-73.32444418734133)
1 (45.621759987871684,-73.32701262863868)
1 (45.74385700726219,-73.34156267364406)
1 (45.41666122377221,-73.5832554854666)
1 (45.606662441454624,-73.60534068449739)
1 (45.26263030160536,-73.72915961517295)
1 (45.74259211885356,-73.64514354971625)
1 (45.4611974398762,-73.38656325870721)
1 (45.32677467921614,-73.72676795386514)
1 (45.50073587863574,-73.72211313576038)
1 (45.56813943280036,-73.47169744040218)
1 (45.33423011284951,-73.35107697928174)
1 (45.64250221636768,-73.33965778958756)
1 (45.462952896955,-73.49452412051274)
1 (45.400195435556085,-73.45077535798049)
1 (45.47828779971308,-73.67843285061772)
1 (45.338614102576294,-73.40674691685464)
1 (45.73786006130638,-73.50107665114655)
1 (45.61178767570812,-73.43791001804347)
1 (45.51668939296775,-73.46720902971194)
1 (45.52145125827073,-73.35495844858525)
1 (45.2792538279587,-73.59410993070652)
1 (45.49707742402018,-73.42027777596262)
1 (45.66415477238764,-73.43547458974876)
1 (45.52594364474941,-73.37448126666665)
1 (45.359499054036995,-73.34441851070326)
1 (45.33854846195912,-73.45870725281522)
1 (45.274164727409875,-73.70654040515213)
1 (45.38955259996697,-73.36259431133767)
1 (45.277792806796135,-73.51802792456161)
1 (45.29990995248829,-73.60158101875402)
1 (45.29064834464958,-73.5622087307815)
1 (45.44196621648188,-73.38528266358193)
1 (45.65341971083712,-73.55074263599427)
1 (45.256041467981696,-73.58117768341616)
1 (45.49657581106281,-73.44281858784663)
1 (45.684376176351954,-73.4046921470725)
1 (45.259076877852095,-73.73726289612898)
1 (45.2963084978446,-73.47800088428825)
1 (45.5770349576715,-73.34838352336025)
1 (45.25716387103131,-73.39546953942502)
1 (45.4743464727975,-73.72666772720284)
1 (45.26257632815572,-73.41364228793036)
1 (45.63936944594434,-73.67011888178081)
1 (45.41982414282456,-73.34803509322384)
1 (45.56439421812649,-73.29106066763013)
1 (45.308250664345486,-73.70772542652641)
1 (45.45795702978103,-73.35665531585174)
1 (45.59195469574403,-73.53183428893989)
1 (45.6139717521441,-73.70917523921273)
1 (45.58967281099428,-73.30947712331096)
1 (45.336205649907505,-73.69423543314556)
1 (45.629139277632355,-73.26661576234898)
1 (45.57180111703954,-73.48173705069551)
1 (45.32619791015038,-73.68947358638471)
1 (45.60334576755269,-73.3551905027596)
1 (45.63255281178145,-73.3247822279864)
1 (45.485419430494616,-73.47037930844654)
1 (45.59028402617448,-73.25210784623754)
1 (45.38859697361094,-73.74399406279225)
1 (45.7161165612838,-73.46286119595985)
1 (45.63156196054335,-73.42690869689314)
1 (45.31392038107013,-73.70432557551337)
1 (45.440286933708805,-73.54518928226639)
1 (45.28003146336882,-73.45514258305371)
1 (45.37216150484503,-73.25471850007614)
1 (45.6227228747589,-73.69117605946788)
1 (45.38250088791962,-73.25248701126051)
1 (45.464517795191384,-73.37752976585219)
1 (45.69104250638715,-73.71914576676653)
1 (45.73402486270886,-73.38372522526815)
1 (45.426839821423734,-73.33333134683777)
1 (45.58258925244583,-73.26465126994633)
1 (45.49138778815405,-73.69856948363851)
1 (45.280291545167294,-73.57987760661872)
1 (45.68186532741757,-73.55822958520325)
1 (45.455689479338005,-73.6382798105908)
1 (45.359056126436215,-73.44304654031684)
1 (45.544185847273916,-73.25365415558845)
1 (45.32780942385571,-73.39914346591064)
1 (45.7010194926419,-73.28010551007169)
1 (45.621828824712836,-73.68228252157331)
1 (45.716614155481444,-73.36347268499031)
1 (45.54912736395553,-73.27623861207664)
1 (45.64438364721783,-73.49691033870172)
1 (45.65966329544093,-73.29973390559891)
1 (45.41407976348276,-73.60497788671633)
1 (45.74247157911409,-73.30728889733524)
1 (45.65738273845564,-73.50119042961585)
1 (45.54603190481603,-73.66463891596815)
1 (45.316672493654316,-73.66896783976466)
1 (45.642664932002496,-73.58903282602958)
1 (45.34278198960278,-73.40527341486639)
1 (45.72542412136525,-73.58877360994758)
1 (45.41302226153336,-73.43996374847032)
1 (45.63425132535525,-73.41477864619776)
1 (45.61688233690147,-73.70197739201235)
1 (45.557090137756,-73.74973022352198)
1 (45.463544971107545,-73.44596989545691)
1 (45.64120179579093,-73.7075551067615)
1 (45.362722950484645,-73.47985857556992)
1 (45.6801040476596,-73.29751457558257)
1 (45.4183087133255,-73.74497070255788)
1 (45.61235438777619,-73.3231047386615)
1 (45.452943199063846,-73.49609438780509)
1 (45.27982475077811,-73.73625945851856)
1 (45.65084855502399,-73.30871164953122)
1 (45.745165568265826,-73.25201658252449)
1 (45.56613212674396,-73.60504901715835)
1 (45.460832671598936,-73.5478508884365)
1 (45.494257775196296,-73.33931106675078)
1 (45.71535177887919,-73.62529517927564)
1 (45.34549366117391,-73.41556812800202)
1 (45.55642045380986,-73.39926405656756)
1 (45.690883995985,-73.32924955542366)
1 (45.304998830266456,-73.30266266059968)
1 (45.57365558784049,-73.42504972394286)
1 (45.32971568986176,-73.65040583646041)
1 (45.49195807649956,-73.55028404034037)
1 (45.44671750828239,-73.69789095310495)
1 (45.6624504389339,-73.25333807561348)
1 (45.64651391094181,-73.25426082635568)
1 (45.26848403430268,-73.53183318263086)
1 (45.326423465424696,-73.37046083996132)
1 (45.3814964694281,-73.47448740596603)
1 (45.324899908020214,-73.51613768820755)
1 (45.61971807500746,-73.46438116870863)
1 (45.31231942815328,-73.2878447858329)
1 (45.37440677567206,-73.41944241910019)
1 (45.49173542669392,-73.55381269196761)
1 (45.59056482719115,-73.33844663640346)
1 (45.60265803569139,-73.5377104812177)
1 (45.6364546732558,-73.69768239171623)
1 (45.4010915188322,-73.67536741658668)
1 (45.73421898600218,-73.50466367623446)
1 (45.60986319563858,-73.64434183692707)
1 (45.25252363904179,-73.560875797741)
1 (45.29470361237379,-73.26651734126084)
1 (45.38138042913862,-73.71552180665911)
1 (45.723588312974705,-73.51857443324542)
1 (45.3191696249263,-73.60659231560277)
1 (45.50952733268589,-73.65422833425691)
1 (45.60237088564022,-73.58431166380993)
1 (45.720289363466506,-73.4455422401848)
1 (45.59962414880435,-73.69511902106467)
1 (45.66247334917671,-73.2884177840194)
1 (45.47348045586541,-73.27182349454417)
1 (45.71189096316516,-73.38953249789111)
1 (45.585566190094845,-73.32742775292868)
1 (45.36739926194499,-73.45853745067458)
1 (45.383871895457354,-73.58634512253762)
1 (45.6511236322489,-73.27024556989068)
1 (45.26449095629813,-73.60734053275071)
1 (45.56443673882832,-73.63683466714996)
1 (45.744370890889925,-73.55750639801707)
1 (45.536110289415156,-73.73975681097149)
1 (45.516503752833614,-73.28593967942666)
1 (45.66673189155693,-73.41508891959575)
1 (45.584470511343966,-73.41951694614836)
1 (45.5817801639005,-73.36447710220008)
1 (45.68936696675017,-73.26126989839649)
1 (45.354677224309,-73.37662064866844)
1 (45.64887785961364,-73.31434404958632)
1 (45.250688179959205,-73.49140909859342)
1 (45.52562840028243,-73.28137881123718)
1 (45.47271310984676,-73.62036915607649)
1 (45.729931080716206,-73.40037771489672)
1 (45.660818049307544,-73.45299600213465)
1 (45.740658998373185,-73.4737430675559)
1 (45.60877689183608,-73.52883646167369)
1 (45.59721480678441,-73.42712951621259)
1 (45.512947100287526,-73.63985973801377)
1 (45.67542815770627,-73.6991268439558)
1 (45.56147798203605,-73.7466939917749)
1 (45.510702349651744,-73.71151240367091)
1 (45.30515094142159,-73.34572539521088)
1 (45.57284465764487,-73.60291951808314)
1 (45.52507677901505,-73.71184900730955)
1 (45.42875249246712,-73.32624805881589)
1 (45.727026282409746,-73.66382883538026)
1 (45.65149146394952,-73.61199954232029)
1 (45.44734569139815,-73.45576759660844)
1 (45.64728920292481,-73.68594894353697)
1 (45.2512097233934,-73.58910430507567)
1 (45.27558235998906,-73.50017130140795)
1 (45.640390423853134,-73.2648511898678)
1 (45.73149234668922,-73.59142163590346)
1 (45.56477099572485,-73.35544901860516)
1 (45.64496871964882,-73.5202217587691)
1 (45.34950953687389,-73.66966331205292)
1 (45.726327459104674,-73.66773864789269)
1 (45.60805839428612,-73.41236140872012)
1 (45.5540244027263,-73.4756439850171)
1 (45.610170472095966,-73.60380370637375)
1 (45.25724281395701,-73.50662527739556)
1 (45.613574940475495,-73.32025018751537)
1 (45.393236941732184,-73.48007420578233)
1 (45.348180184588216,-73.44922638490749)
1 (45.257361836201675,-73.69870858891326)
1 (45.66246299727905,-73.71871076200823)
1 (45.692333205778084,-73.52748940646048)
1 (45.30312844347028,-73.55979874222567)
1 (45.68249892978676,-73.31617534727559)
1 (45.40117580476488,-73.39706618775148)
1 (45.628767542830744,-73.37121225395144)
1 (45.48018196837667,-73.72989851584369)
1 (45.700327039431954,-73.2813857268481)
1 (45.68591377290139,-73.37146932788272)
1 (45.5504006791463,-73.5847703394644)
1 (45.46030756370025,-73.44984542015101)
1 (45.4650248722056,-73.43198969133924)
1 (45.54740392180629,-73.74786321842595)
1 (45.6861973063838,-73.55265648383146)
1 (45.52400229520112,-73.66496437547568)
1 (45.713731959925,-73.46809300451044)
1 (45.493600324954144,-73.52509642273169)
1 (45.34377072089338,-73.51403706097666)
1 (45.66860883738621,-73.63007724462338)
1 (45.54613981232242,-73.34201960671268)
1 (45.29288400132824,-73.36749027528884)
1 (45.51760239724945,-73.65745519646686)
1 (45.72429425603764,-73.32621988306039)
1 (45.37354701045114,-73.52621731382744)
1 (45.5053399965609,-73.25115499523473)
1 (45.456764804644855,-73.63957572601065)
1 (45.398770119601856,-73.28138137410235)
1 (45.64870675476965,-73.46985375607451)
1 (45.65469011767439,-73.2633513351034)
1 (45.36597551585452,-73.27601874475495)
1 (45.70583228949947,-73.51206243781787)
1 (45.612794557190675,-73.42964928602211)
1 (45.55845931106085,-73.70919484572158)
1 (45.53881071994425,-73.52732868067396)
1 (45.35779836874912,-73.67744973227163)
1 (45.42082458780811,-73.73549392599851)
1 (45.458953690102824,-73.55499949357261)
1 (45.34690627411461,-73.27812574897727)
1 (45.32692099877815,-73.41300302464018)
1 (45.63184252577581,-73.42639500600966)
1 (45.72262860067887,-73.61255762585623)
1 (45.63397445428455,-73.28248662024917)
1 (45.40585506204435,-73.68525207375987)
1 (45.67522319780862,-73.56730261824129)
1 (45.500424622922424,-73.74365297858624)
1 (45.68846451372763,-73.52360123747665)
1 (45.72225706602321,-73.38460013085934)
1 (45.52940108102252,-73.43235954297515)
1 (45.36664970748849,-73.73910383098762)
1 (45.59369513113436,-73.61075262585436)
1 (45.287594635799934,-73.74793085160728)
1 (45.474361748693056,-73.61512261181072)
1 (45.57898563154376,-73.40163297545773)
1 (45.3792869356446,-73.71166657464451)
1 (45.28524437964456,-73.57781561936042)
1 (45.40422248838585,-73.5013024498691)
1 (45.72719682744842,-73.73686153557281)
1 (45.52272317904768,-73.39327806850754)
1 (45.42795618519479,-73.6001180094122)
1 (45.31123007790631,-73.41456830582534)
1 (45.66311966131185,-73.53172339453677)
1 (45.47486674641962,-73.61896133640585)
1 (45.33976213984428,-73.67679242765472)
1 (45.67750401185211,-73.62096504183147)
1 (45.729510478886006,-73.47459713616806)
1 (45.50826153441662,-73.52527041412263)
1 (45.54240813668626,-73.4656736124765)
1 (45.63585318284195,-73.25248898845076)
1 (45.43033035069238,-73.34645247316355)
1 (45.31204644437379,-73.47623704752013)
1 (45.251386251576896,-73.49405412644053)
1 (45.385994090412176,-73.58536962118178)
1 (45.310044628955445,-73.68730784494272)
1 (45.382309985900676,-73.26827288100807)
1 (45.311646179910845,-73.48784639618042)
1 (45.477498920656195,-73.48360396858357)
1 (45.434515736251456,-73.71729627529515)
1 (45.381713741847626,-73.73372274717057)
1 (45.728063695739,-73.67312643823446)
1 (45.69580141686122,-73.69329051114006)
1 (45.491066855135934,-73.66663617586013)
1 (45.2672127015107,-73.36611596849481)
1 (45.370744276534445,-73.64185610865268)
1 (45.41258871657932,-73.5483095740077)
1 (45.6502950466922,-73.54380407762773)
1 (45.60970065706965,-73.46516249832571)
1 (45.56024014308391,-73.74858051863286)
1 (45.38690736223467,-73.52289702121269)
1 (45.45721172430921,-73.74620618883178)
1 (45.65440880796238,-73.67454087531968)
1 (45.362758719975226,-73.37989786007711)
1 (45.62831149306589,-73.44165807935337)
1 (45.64428858222281,-73.29264556398374)
1 (45.2958856154537,-73.66052471793884)
1 (45.550440620871484,-73.31349817529195)
1 (45.55838142178001,-73.53256828091361)
1 (45.383987273932306,-73.3318817414396)
1 (45.266386130332656,-73.55449478913825)
1 (45.306785443439374,-73.2585681992391)
1 (45.331940667047064,-73.38350836641811)
1 (45.62335075003663,-73.4565799657998)
1 (45.46149880991936,-73.65738339876567)
1 (45.382303317934806,-73.54435896129688)
1 (45.30429970854155,-73.7378799008426)
1 (45.26823458412976,-73.7269464688293)
1 (45.45183806594206,-73.27909805834247)
1 (45.53047039373053,-73.29871318925815)
1 (45.25585430096661,-73.43984866330192)
1 (45.60975623727771,-73.68334707793467)
1 (45.35463058554226,-73.46097125632787)
1 (45.67906652443847,-73.3333491689965)
1 (45.610366788855934,-73.71476256170334)
1 (45.510540511485715,-73.5022057562706)
1 (45.364023558935386,-73.70428322010655)
1 (45.41697301181121,-73.3276982627144)
1 (45.50825835172117,-73.34529099355285)
1 (45.4933392656126,-73.32448008646749)
1 (45.36394300872165,-73.70290461848336)
1 (45.5015087473066,-73.27809258646835)
1 (45.72124038664679,-73.67883246793139)
1 (45.4996035212061,-73.66101052929548)
1 (45.672330216538796,-73.4531059032872)
1 (45.71638284619303,-73.55410003125762)
1 (45.519613088285425,-73.27673754766447)
1 (45.710586042892345,-73.6540403239701)
1 (45.59058452773314,-73.48858035935173)
1 (45.53534179642971,-73.2788032885599)
1 (45.728559429630074,-73.39089363985511)
1 (45.44855265862884,-73.34920293219525)
1 (45.55704052601529,-73.36372763225545)
1 (45.67158934758475,-73.62481990441239)
1 (45.334762607241636,-73.32821897319997)
1 (45.30068024426657,-73.5072738963744)
1 (45.328307780545806,-73.3832445907475)
1 (45.718057203003475,-73.49286016075759)
1 (45.629675083527765,-73.63861213007122)
1 (45.733219663807766,-73.35998390605197)
1 (45.73730124309894,-73.45107049813231)
1 (45.70860471441279,-73.41461962561311)
1 (45.50076743503755,-73.43690449786128)
1 (45.58850170528892,-73.58919014790679)
1 (45.70179050147495,-73.28673324895699)
1 (45.55522559374521,-73.39680339057695)
1 (45.60708496427963,-73.54436209325429)
1 (45.482364158389245,-73.6837025657217)
1 (45.2822958662263,-73.63214366390078)
1 (45.441339889797185,-73.29807866958923)
1 (45.30044035480859,-73.5102839339319)
1 (45.744578189178114,-73.70306207212336)
1 (45.71315959000051,-73.44688458803465)
1 (45.37624926313179,-73.70575281844039)
1 (45.278570457472526,-73.44924369822452)
1 (45.669852027716566,-73.35256754340746)
1 (45.455620222641976,-73.46504181887809)
1 (45.74083372115871,-73.65397351972716)
1 (45.581585237972085,-73.50452154546703)
1 (45.471990299015125,-73.64884849395702)
1 (45.44671826351988,-73.36162355354169)
1 (45.27956790268093,-73.40024809216328)
1 (45.668037185965474,-73.62327299775767)
1 (45.458786852875406,-73.3302801758873)
1 (45.34286125206005,-73.65161542981137)
1 (45.61893515952277,-73.35207877698024)
1 (45.43193911528688,-73.70398181175851)
1 (45.57022950134889,-73.54153823511825)
1 (45.68187638716758,-73.31971792869389)
1 (45.51731734944004,-73.6105108150381)
1 (45.64705860708402,-73.55174359594969)
1 (45.5475945379669,-73.69658950932063)
1 (45.51237882769385,-73.55381293388298)
1 (45.67643868850973,-73.47239026051423)
1 (45.44981726758618,-73.45192709825072)
1 (45.62600931708983,-73.2994160803102)
1 (45.66428383541526,-73.33020653231503)
1 (45.56944158092535,-73.60812844537293)
1 (45.597122676053985,-73.54776018391662)
1 (45.268061009673666,-73.3767692892707)
1 (45.459290759940444,-73.4736947357899)
1 (45.36567277812069,-73.50676982814194)
1 (45.36046151872282,-73.58238709707132)
1 (45.581029541855564,-73.55225066719261)
1 (45.28516712759609,-73.69049912959474)
1 (45.65725773671919,-73.65516018962792)
1 (45.542581698609126,-73.4409440816654)
1 (45.685323044998135,-73.66601669379934)
1 (45.58266089703812,-73.44711919143616)
1 (45.31754155330874,-73.29301216614166)
1 (45.7280916599466,-73.30320024951867)
1 (45.426693708110214,-73.71940416970962)
1 (45.41886900580254,-73.44314832759687)
1 (45.446474356715235,-73.46066468425907)
1 (45.504305264739344,-73.59231043223309)
1 (45.449812320305476,-73.29877310393213)
1 (45.44589035622448,-73.30110032119353)
1 (45.48301950969728,-73.43133350003053)
1 (45.51365989767995,-73.28022700521947)
1 (45.27577959910769,-73.50786401692505)
1 (45.66859130906027,-73.47129324317692)
1 (45.68966261621962,-73.49464955195062)
1 (45.32403637906344,-73.485317491404)
1 (45.65115238737313,-73.3129665650417)
1 (45.57031191147224,-73.72483750977545)
1 (45.33909942918264,-73.4332820139513)
1 (45.72830852958329,-73.67273492913256)
1 (45.56106289286982,-73.58019626366058)
1 (45.27034086438121,-73.48277515564986)
1 (45.55818086710693,-73.4094429179181)
1 (45.70945060528713,-73.6430876665528)
1 (45.424008997404854,-73.4591762781508)
1 (45.51198744467035,-73.60441704743768)
1 (45.40919331288153,-73.35307032512452)
1 (45.432530733425764,-73.36995573462988)
1 (45.61089395482594,-73.64242105624604)
1 (45.40507851018002,-73.6329249616695)
1 (45.4135521087768,-73.3184867186438)
1 (45.74991842963737,-73.62180044989988)
1 (45.555893381853615,-73.40471885665943)
1 (45.47170858318518,-73.37118550878061)
1 (45.34798659591913,-73.6513297265187)
1 (45.331034412882154,-73.67881417187422)
1 (45.35172777538866,-73.70180980222656)
1 (45.66907133028479,-73.53602253290181)
1 (45.26829472791262,-73.6825518961768)
1 (45.652970697986575,-73.33025723500296)
1 (45.34691873964803,-73.48265656083753)
1 (45.68820040086704,-73.61379510698897)
1 (45.340745334858546,-73.5412863579261)
1 (45.713309245542234,-73.71282871561425)
1 (45.387606929531074,-73.74460434577509)
1 (45.45244788620065,-73.41542791316257)
1 (45.68620628725003,-73.55337549662433)
1 (45.45146720489795,-73.42561804256238)
1 (45.47150986749221,-73.73572729774189)
1 (45.36452834268959,-73.70392079626596)
1 (45.56707658756386,-73.56735917505883)
1 (45.48989684000038,-73.7321842945408)
1 (45.70659782286122,-73.58365791411674)
1 (45.47595670467121,-73.64238447050323)
1 (45.372100501191134,-73.42471964675704)
1 (45.43146839361364,-73.53531006240726)
1 (45.59206581775505,-73.50519659144798)
1 (45.377708108526555,-73.68564931245197)
1 (45.479141951969176,-73.6661799066551)
1 (45.57436393124479,-73.6849767381041)
1 (45.26417989264278,-73.62599800260345)
1 (45.735927756042194,-73.41349383660686)
1 (45.700997238076845,-73.4408523677504)
1 (45.53081020051328,-73.55510811224589)
1 (45.47457577393891,-73.31463134105762)
1 (45.52151888722118,-73.67854013320117)
1 (45.64432416317075,-73.4600348096059)
1 (45.36097886394093,-73.69962916058417)
1 (45.69358806551068,-73.31031112020743)
1 (45.60743718047239,-73.31686275642897)
1 (45.43676577636007,-73.71245029684232)
1 (45.458381973262625,-73.27338692749828)
1 (45.35618805059523,-73.29859555647236)
1 (45.53251947528709,-73.54435822733096)