1750 1750
101 (45.5,-73.5)
1 (45.40234684197455,-73.53272827053081)
1 (45.548091032058224,-73.27848024888654)
1 (45.39310828934225,-73.4643493842578)
1 (45.35567507200205,-73.53692182945652)
1 (45.390221072535944,-73.48992325357744)
1 (45.284107593037156,-73.57154540514568)
1 (45.31473211710438,-73.42626786704139)
1 (45.64926773100085,-73.56747873117988)
1 (45.58684737627266,-73.43786841399034)
1 (45.55721359148971,-73.4425443609314)
1 (45.74032614300931,-73.33225904265144)
1 (45.30551639870986,-73.44791610905757)
1 (45.26667319356592,-73.44416071396778)
1 (45.74962963318281,-73.4506026265084)
1 (45.390193880012944,-73.26998096327169)
1 (45.4547429801811,-73.39896345139135)
1 (45.561402953875195,-73.68957443048774)
1 (45.29780915136682,-73.5774435426692)
1 (45.683328684198614,-73.52183082295521)
1 (45.41929502543081,-73.34606754874589)
1 (45.452929932422215,-73.30470014414095)
1 (45.549696736852965,-73.63396584149095)
1 (45.708144011587024,-73.56868290827036)
1 (45.25197169775474,-73.51430935431051)
1 (45.32000960896171,-73.48560585895312)
1 (45.527778716015305,-73.73051143019543)
1 (45.45885930805798,-73.62167215682825)
1 (45.53278093216733,-73.57040941084419)
1 (45.49375244656513,-73.60531724190506)
1 (45.334254045983585,-73.49637023920624)
1 (45.355119402812456,-73.3363203002927)
1 (45.72285618571319,-73.43486879239978)
1 (45.40201456154916,-73.41291378273219)
1 (45.55965370246379,-73.6090689736344)
1 (45.68742579920735,-73.73830134309448)
1 (45.499360497808425,-73.2622924326553)
1 (45.50776408699132,-73.28703792604222)
1 (45.68123675238716,-73.56899069496825)
1 (45.25595776691915,-73.2651433646271)
1 (45.62020647470162,-73.46294167256423)
1 (45.37150155567822,-73.38561377144109)
1 (45.56249104468082,-73.52987209827607)
1 (45.59536149143299,-73.70316348182696)
1 (45.4924198826845,-73.51356295503213)
1 (45.292812347072434,-73.4085724346845)
1 (45.290066864097554,-73.37072531856472)
1 (45.30308535990193,-73.6739328071788)
1 (45.74297528160292,-73.68053952540838)
1 (45.6111293416045,-73.56538086298559)
1 (45.70947150747491,-73.56973119493279)
1 (45.61383952388913,-73.69956837688476)
1 (45.7159316328924,-73.65341292021415)
1 (45.370783905107146,-73.71417102240702)
1 (45.64585299697608,-73.3156508671399)
1 (45.48775783666411,-73.25114872405035)
1 (45.44469613860054,-73.46182136739108)
1 (45.680423328071555,-73.51426626164427)
1 (45.421201034968995,-73.66730250284532)
1 (45.60484030184032,-73.55955028396764)
1 (45.273244331302024,-73.42390165324879)
1 (45.72187283136715,-73.30890178130426)
1 (45.40429329961212,-73.44665012326985)
1 (45.28325420180597,-73.34300117596325)
1 (45.425124622939656,-73.74920155331898)
1 (45.488520326434596,-73.32993605396406)
1 (45.45471527893562,-73.42605135906169)
1 (45.46407197195473,-73.48064950046319)
1 (45.44407539582742,-73.29414966169092)
1 (45.4583019037576,-73.69135014274036)
1 (45.747281612101226,-73.74521103333979)
1 (45.530023918387705,-73.53644280377519)
1 (45.55508271346355,-73.34312940683681)
1 (45.53136642016263,-73.51333166307172)
1 (45.58818728836639,-73.36838737016784)
1 (45.35084409468773,-73.41261585296596)
1 (45.619706961632346,-73.66320421143668)
1 (45.68749702091628,-73.39374039877423)
1 (45.45921660165556,-73.26739782601516)
1 (45.57278713368896,-73.28708325039959)
1 (45.48450627020017,-73.45554072204688)
1 (45.44336798579591,-73.31875230589645)
1 (45.65133819263763,-73.39097134618282)
1 (45.29489446532677,-73.36403411599598)
1 (45.64638502235894,-73.70157677927443)
1 (45.31471479843313,-73.47947898621504)
1 (45.47401410974009,-73.35599390591584)
1 (45.39958797353591,-73.34202543010556)
1 (45.283695648174536,-73.27698125174184)
1 (45.61349577967713,-73.33635923351181)
1 (45.65155115021842,-73.67119426856456)
1 (45.4301689831149,-73.37887117192702)
1 (45.32692152118051,-73.581452423131)
1 (45.535123225255504,-73.64811976055039)
1 (45.64282261015156,-73.67881674228528)
1 (45.53280108773533,-73.70762376068237)
1 (45.36776945662294,-73.30740193265613)
1 (45.61584224319322,-73.5571018700809)
1 (45.74568837293126,-73.27482796822598)
1 (45.60555465413457,-73.43294519897192)
1 (45.33049966362448,-73.3455710141339)
1 (45.26533549576322,-73.69775099525168)
1 (45.47244180411744,-73.34320446580755)
1 (45.42209119702108,-73.41216417592906)
1 (45.45432138537783,-73.7006260824294)
1 (45.70463182163679,-73.67006587648159)
1 (45.30761121458943,-73.7148478227607)
1 (45.62256582853442,-73.50031662272933)
1 (45.26068237393454,-73.66478032676423)
1 (45.26439696908461,-73.59480442310647)
1 (45.58444429653526,-73.33667453492511)
1 (45.58932582405226,-73.31346607120638)
1 (45.3042802139074,-73.37248842299573)
1 (45.62368452392985,-73.34224300077648)
1 (45.34140347674796,-73.71142721583317)
1 (45.349983444856576,-73.5396010063805)
1 (45.63162379438904,-73.73426102062787)
1 (45.69422516997188,-73.40128602527966)
1 (45.645000431583746,-73.54375413265622)
1 (45.27544114513309,-73.7014060814678)
1 (45.49597288752584,-73.62264600862966)
1 (45.480332466165,-73.7307228608135)
1 (45.49029780118314,-73.40310393382177)
1 (45.46544737459649,-73.65020377895331)
1 (45.50248402501614,-73.55842345796556)
1 (45.36950306592908,-73.30942875064297)
1 (45.51540626907897,-73.58898247645094)
1 (45.33926092167638,-73.44536381470458)
1 (45.48239082096181,-73.52006098041782)
1 (45.4337897379652,-73.47730665523214)
1 (45.39130517517737,-73.25911845128641)
1 (45.574002086787594,-73.64847682773069)
1 (45.520046846660534,-73.37447650218833)
1 (45.44702527414066,-73.5337670945919)
1 (45.37331464569642,-73.25608502991004)
1 (45.65826867904854,-73.43658936571605)
1 (45.681659172239996,-73.3021552849921)
1 (45.44797517070455,-73.43554256818187)
1 (45.625547568236165,-73.4429239972269)
1 (45.45359516694943,-73.31379704793534)
1 (45.61954068444694,-73.46466804784359)
1 (45.304497596806726,-73.3106335857794)
1 (45.55466935458644,-73.73331958283912)
1 (45.28133281614658,-73.57549273313958)
1 (45.35070939607492,-73.53763713773209)
1 (45.358788391294915,-73.38018325890826)
1 (45.51429371141276,-73.37686862937497)
1 (45.6775292082146,-73.55456663734968)
1 (45.6336626738045,-73.60719752415609)
1 (45.358789530982406,-73.25507710253454)
1 (45.36634253651538,-73.43499417356082)
1 (45.583385051763656,-73.55385516581762)
1 (45.49215481973198,-73.30299953218547)
1 (45.5058389417462,-73.44906512700786)
1 (45.51069799316371,-73.25804908927721)
1 (45.36386664622617,-73.74413541526738)
1 (45.55980578062335,-73.41580025665937)
1 (45.573639980163954,-73.32520306739562)
1 (45.61947506274037,-73.64915692426595)
1 (45.67205183148887,-73.68196228576447)
1 (45.544369386642,-73.62269042690225)
1 (45.67862853528088,-73.56740942413202)
1 (45.43724244565804,-73.2753365462023)
1 (45.30178783210347,-73.47664487147877)
1 (45.735489128280264,-73.31800366829145)
1 (45.406816044687126,-73.64393554583413)
1 (45.633520174113094,-73.26145771862261)
1 (45.29623892983463,-73.51065921497587)
1 (45.60476953424169,-73.42295497848716)
1 (45.62718640802457,-73.60454526056881)
1 (45.318881914672595,-73.27757424849904)
1 (45.7049021683876,-73.49279418743397)
1 (45.67199143095055,-73.4220553907355)
1 (45.44672498407004,-73.42820121564243)
1 (45.46099015662082,-73.30518178497346)
1 (45.50666920661333,-73.49832741923385)
1 (45.436299127808894,-73.74934955637396)
1 (45.3871578445037,-73.5130545923844)
1 (45.56189233484215,-73.64294700417403)
1 (45.341512408549534,-73.52552810664908)
1 (45.29618754438205,-73.52252325247724)
1 (45.488479273069345,-73.27553521071023)
1 (45.58290616139772,-73.58745514414309)
1 (45.318373402079416,-73.47278360790816)
1 (45.507117647733146,-73.49792763990507)
1 (45.669345798719185,-73.70033887992506)
1 (45.72842208418749,-73.59952262107421)
1 (45.2918320418297,-73.31564667298191)
1 (45.35058809315305,-73.4945671100522)
1 (45.29941477007635,-73.55810878331044)
1 (45.324951187833236,-73.64162190322868)
1 (45.625134145925415,-73.63810029859921)
1 (45.31349135082452,-73.41009764614482)
1 (45.56370564432382,-73.38260783863728)
1 (45.65674653340537,-73.7469651017832)
1 (45.582155849090725,-73.54733682560155)
1 (45.701582327151,-73.32688258581226)
1 (45.324062076083955,-73.67417893763144)
1 (45.74432613664497,-73.25579349595704)
1 (45.615883019944505,-73.37634848248102)
1 (45.7358876776072,-73.58115255804157)
1 (45.30779303527677,-73.67128987614981)
1 (45.6772256669857,-73.52941976832025)
1 (45.44598353655104,-73.45362592888247)
1 (45.30588399493052,-73.54331664888171)
1 (45.578570916586514,-73.40695987436831)
1 (45.737309018598054,-73.32756969451937)
1 (45.443050819645876,-73.59426197683716)
1 (45.678272730509015,-73.73247147587287)
1 (45.369664925404074,-73.64186455461855)
1 (45.673964861837845,-73.40957035761987)
1 (45.46209655543285,-73.34175709938799)
1 (45.58518042394047,-73.26315514733629)
1 (45.484587751303536,-73.64091631715328)
1 (45.61751729279368,-73.29493161267577)
1 (45.392870854635504,-73.36482376653827)
1 (45.740611856474494,-73.49739302864418)
1 (45.595233690985786,-73.63511682874012)
1 (45.742178782447546,-73.4938677860436)
1 (45.31958793988634,-73.28848646777818)
1 (45.4589846921361,-73.65008207181302)
1 (45.392586429187986,-73.68547871710054)
1 (45.41487333825233,-73.39330645053516)
1 (45.307635440499105,-73.61377416682296)
1 (45.67457341968331,-73.47076066406717)
1 (45.670074382446664,-73.54081318236874)
1 (45.69125837393832,-73.35893102623349)
1 (45.459845442586875,-73.25530229741177)
1 (45.285690909602714,-73.49981084484874)
1 (45.544652034005466,-73.45618038389364)
1 (45.645272973109854,-73.48880429766014)
1 (45.50990548905514,-73.60104088561327)
1 (45.372435626538156,-73.27213980594199)
1 (45.64568509397471,-73.3137996898132)
1 (45.64354103871877,-73.32911960829452)
1 (45.34548757684983,-73.3735659708174)
1 (45.461832636267935,-73.71638741615527)
1 (45.726717812451014,-73.26321638322855)
1 (45.30095721886689,-73.73762658844028)
1 (45.47867324540658,-73.44709093693582)
1 (45.639196548208496,-73.37270689011933)
1 (45.280200462243336,-73.47252188633021)
1 (45.47878388123199,-73.45527825567014)
1 (45.60625299367121,-73.64957484030926)
1 (45.42954446923007,-73.42716521226002)
1 (45.36025520342974,-73.45742439060182)
1 (45.31158711225119,-73.32164660833993)
1 (45.52747808610973,-73.45420446132813)
1 (45.49788720289445,-73.43581032002041)
1 (45.44355831286356,-73.32996655584734)
1 (45.374340084136804,-73.44465318259972)
1 (45.31184283234122,-73.33954701352751)
1 (45.34222666186699,-73.48645199639124)
1 (45.283417076534946,-73.68368744556447)
1 (45.726021635473316,-73.51016182377766)
1 (45.73447554609824,-73.47267041225187)
1 (45.27808780584415,-73.42120315917572)
1 (45.33711937633531,-73.70702535023382)
1 (45.691038471800454,-73.29198034745544)
1 (45.62171627187314,-73.7445279062653)
1 (45.638412979616334,-73.61782860508043)
1 (45.471634026986685,-73.49175847605689)
1 (45.364798843106996,-73.297818017011)
1 (45.37445938437244,-73.56190406008419)
1 (45.73764710889363,-73.70294789978395)
1 (45.27774018898159,-73.37828034815306)
1 (45.45476610091496,-73.36174565823333)
1 (45.561839197566115,-73.67521879727602)
1 (45.273841557733874,-73.44513954285546)
1 (45.4476637903607,-73.55450679026443)
1 (45.693320003054616,-73.3687054309175)
1 (45.602836781586355,-73.69648651112765)
1 (45.46760492266126,-73.45099295338845)
1 (45.296299108085265,-73.50021142311101)
1 (45.68375406077662,-73.6716169253078)
1 (45.67838596407524,-73.33672713546589)
1 (45.361728995723254,-73.66215546110136)
1 (45.631093832987204,-73.7435864130598)
1 (45.66573697884088,-73.63662665172585)
1 (45.641556740312716,-73.26712591753831)
1 (45.3303176984624,-73.52642102385876)
1 (45.300675400249986,-73.27182553618512)
1 (45.31156635284337,-73.62704771418622)
1 (45.31839429596722,-73.38323884161613)
1 (45.471247528249634,-73.5909074950118)
1 (45.37729705468946,-73.31252627075709)
1 (45.28954267069515,-73.61153646439021)
1 (45.716991520348174,-73.62654069482193)
1 (45.68078725562583,-73.64036947816123)
1 (45.553181525920124,-73.57770787520221)
1 (45.45579191289994,-73.45705318394538)
1 (45.28737337419033,-73.39261236994122)
1 (45.33420529861431,-73.37869349960944)
1 (45.455840562883935,-73.4372423098593)
1 (45.6608645862031,-73.34215352042068)
1 (45.49977120219069,-73.43026459416107)
1 (45.62119267283834,-73.52662246532424)
1 (45.71244846732254,-73.36349487389312)
1 (45.28243972740204,-73.60115764685426)
1 (45.633864918468895,-73.51089472692367)
1 (45.70992980557075,-73.58375616620866)
1 (45.718347626075676,-73.36397144176588)
1 (45.72046153680244,-73.68474393365328)
1 (45.29657148672281,-73.52237361094687)
1 (45.53862525038538,-73.37787492143373)
1 (45.689764304721365,-73.49376912220015)
1 (45.71603715948369,-73.29751411367866)
1 (45.310957530117875,-73.51675934684252)
1 (45.65835444525109,-73.39963295599081)
1 (45.705812750869185,-73.41462734696808)
1 (45.48042348619963,-73.64807671082791)
1 (45.74385446660491,-73.6161347928453)
1 (45.67602662896933,-73.29566856869256)
1 (45.5698657690395,-73.34237610440697)
1 (45.74543126483529,-73.62219567193068)
1 (45.46475405313371,-73.55586579791851)
1 (45.471308151928135,-73.26817798107714)
1 (45.44536985641817,-73.59957825421567)
1 (45.47157448737772,-73.56455107285296)
1 (45.25356263387431,-73.51957690641981)
1 (45.48633003902842,-73.5039996142457)
1 (45.34618304279305,-73.36516290292712)
1 (45.575293361948404,-73.72965872314043)
1 (45.59979214355128,-73.29514144946097)
1 (45.51200825309718,-73.63125574741758)
1 (45.68651359474255,-73.58784648231409)
1 (45.661578786426375,-73.33749563322954)
1 (45.46076596356257,-73.65598299583787)
1 (45.519804602325095,-73.57659847287144)
1 (45.72053761189826,-73.40513867776109)
1 (45.37332665183598,-73.54437812757824)
1 (45.371417894329895,-73.74698489512572)
1 (45.712756363788706,-73.57110670361622)
1 (45.32677379083606,-73.28472986748608)
1 (45.59374997771015,-73.51463951186587)
1 (45.423262136660995,-73.6293048373868)
1 (45.59460290559618,-73.42788126394434)
1 (45.71729327638445,-73.48005706690824)
1 (45.363177002712156,-73.65365422290022)
1 (45.25511266105493,-73.51339138932866)
1 (45.480837398343304,-73.58938477078205)
1 (45.276842976487075,-73.2668451619797)
1 (45.496563415265875,-73.43775523154555)
1 (45.32312987635726,-73.58449921156767)
1 (45.50051155941723,-73.31757327265959)
1 (45.36196024178186,-73.30242047420634)
1 (45.51304682885114,-73.65159167573871)
1 (45.34277291336612,-73.70000003977046)
1 (45.26262183003375,-73.27486663361276)
1 (45.515157148198085,-73.3245932288342)
1 (45.61387157868076,-73.71847354233539)
1 (45.420235431070886,-73.61278609335027)
1 (45.48590490991923,-73.61900420043014)
1 (45.67425245137173,-73.28190620361988)
1 (45.57001207480097,-73.68425026682057)
1 (45.5159433170038,-73.2500629535122)
1 (45.51587088933533,-73.60983304230616)
1 (45.58192949215864,-73.36204607378167)
1 (45.505822687749045,-73.29027017020802)
1 (45.50769215585863,-73.45182870470964)
1 (45.27790196668774,-73.60107533484182)
1 (45.72559787990207,-73.26021451075833)
1 (45.69004242788681,-73.44596753138214)
1 (45.746002856483074,-73.44833621366791)
1 (45.34024506219751,-73.66512184590243)
1 (45.26263739292149,-73.40425588937326)
1 (45.5704824355221,-73.28662429988913)
1 (45.61927324806925,-73.7308354480707)
1 (45.38572631960149,-73.47389856838599)
1 (45.511102060715125,-73.72833846359053)
1 (45.41372452431037,-73.37685319900153)
1 (45.27130414368226,-73.34489272769186)
1 (45.516015608920085,-73.43385300665157)
1 (45.710962476187454,-73.4619858319333)
1 (45.53615877642201,-73.49534910857935)
1 (45.738777581368296,-73.51058370948515)
1 (45.43726929420504,-73.44810738145343)
1 (45.38596472335207,-73.27625570548757)
1 (45.737688383538924,-73.31145566754167)
1 (45.40126579686178,-73.34885701804119)
1 (45.700979226568535,-73.55382541286689)
1 (45.26118376393013,-73.50386272133092)
1 (45.674429892353274,-73.63909399664773)
1 (45.26134867166048,-73.36836551291391)
1 (45.29885618542809,-73.5578395548966)
1 (45.31634956026132,-73.52504216902292)
1 (45.53173687354338,-73.32860020945527)
1 (45.69741800559722,-73.7420617875759)
1 (45.535575881005556,-73.66858565790264)
1 (45.68002404989386,-73.28595168964628)
1 (45.48387527348256,-73.73201887665053)
1 (45.45674676373375,-73.27785511874791)
1 (45.72821558827769,-73.4973918543039)
1 (45.694707044379406,-73.29140753563894)
1 (45.5516784117764,-73.55239908554087)
1 (45.28140115869224,-73.36262643478477)
1 (45.4062096632524,-73.6771685803647)
1 (45.60794926822225,-73.28875257384055)
1 (45.594509939763725,-73.26264014442047)
1 (45.684574094504526,-73.53389842128023)
1 (45.31065190373463,-73.72154659285351)
1 (45.46955049502474,-73.73465263862005)
1 (45.29786269699969,-73.65443361457807)
1 (45.51991765055516,-73.70845742570496)
1 (45.61677294212626,-73.62250980769834)
1 (45.43992112716338,-73.51161830202389)
1 (45.64292173987803,-73.45284871593182)
1 (45.61145318012711,-73.47222425316359)
1 (45.42842093417222,-73.55957001686792)
1 (45.33968515741109,-73.73604878329546)
1 (45.46941959489494,-73.30710796414931)
1 (45.33663675800585,-73.71067051881003)
1 (45.71837342944887,-73.46853005355842)
1 (45.3956027433562,-73.3745950535295)
1 (45.3681118281724,-73.3430997685877)
1 (45.680158346759335,-73.73407758567701)
1 (45.51330866888038,-73.59288261465149)
1 (45.26289047831985,-73.26063883173488)
1 (45.26420117373316,-73.33817501655032)
1 (45.401052702997056,-73.42693488384452)
1 (45.74726454153104,-73.51589134405094)
1 (45.52901748158898,-73.47768440513518)
1 (45.678038219013004,-73.45377449612914)
1 (45.58070024048902,-73.32577454657053)
1 (45.33241306970511,-73.54640124802854)
1 (45.5290554624472,-73.45146026427825)
1 (45.27442684167368,-73.3364339111834)
1 (45.44429580066701,-73.40473912578108)
1 (45.620978807338844,-73.70642515421915)
1 (45.42766087709527,-73.46752722128849)
1 (45.43686251913681,-73.27271362012053)
1 (45.47336364052134,-73.72317939332389)
1 (45.55712909894745,-73.44355323696706)
1 (45.647767217459595,-73.70619006516311)
1 (45.728031604319156,-73.45859960243493)
1 (45.45189672625131,-73.46457906861355)
1 (45.442664409023095,-73.56623235419167)
1 (45.35106573351966,-73.26150954538066)
1 (45.72289973741846,-73.31892290015543)
1 (45.71369825897749,-73.2711032741811)
1 (45.3653368293341,-73.27496222219919)
1 (45.30035252756998,-73.48621151793093)
1 (45.32571747605433,-73.68734419834364)
1 (45.48350394183199,-73.6530676230867)
1 (45.46362487343849,-73.53745508047652)
1 (45.55882025871752,-73.37929029462883)
1 (45.30727125773401,-73.53245040063905)
1 (45.32946268749209,-73.62762492969753)
1 (45.32679268448878,-73.43080599582859)
1 (45.60637260837174,-73.60810281002965)
1 (45.42370795948678,-73.29051026259917)
1 (45.369554227044546,-73.61596626525035)
1 (45.4540618364214,-73.44872043181812)
1 (45.5780394283786,-73.63175081444584)
1 (45.6032609041411,-73.74043571903806)
1 (45.499521539038184,-73.5033332491183)
1 (45.32172376892605,-73.64684613228641)
1 (45.4545710168534,-73.26754758444835)
1 (45.312205738275956,-73.73149593458434)
1 (45.534896332369335,-73.64113862130155)
1 (45.73202101021147,-73.37425609765087)
1 (45.66028938003413,-73.41736638543001)
1 (45.33637412445252,-73.44933100050923)
1 (45.28469564714402,-73.44549170766449)
1 (45.74262538069968,-73.7141295649223)
1 (45.64827466071447,-73.54566731544914)
1 (45.339553400811454,-73.28081190843947)
1 (45.699367736380935,-73.62142583461488)
1 (45.600541186378884,-73.63167784091806)
1 (45.67796502743703,-73.37599952278742)
1 (45.68510036298374,-73.71329396614979)
1 (45.36056538583152,-73.41712460649653)
1 (45.72926161357359,-73.70236194059233)
1 (45.615247866004594,-73.64777562388055)
1 (45.632097347477114,-73.57881034192911)
1 (45.70532460753822,-73.68744371123509)
1 (45.44300642699433,-73.6684487868274)
1 (45.710120690424574,-73.65011522092334)
1 (45.642378506990426,-73.3287526680217)
1 (45.502227181057094,-73.4210253500478)
1 (45.68686908969335,-73.44695295713477)
1 (45.431999655822615,-73.62455438678602)
1 (45.6597548032702,-73.39958561688033)
1 (45.722124780525455,-73.2603019753834)
1 (45.72670138816216,-73.58701075223642)
1 (45.56775395260476,-73.50341799046632)
1 (45.3477654105211,-73.60514221309434)
1 (45.57100310562122,-73.41868642172702)
1 (45.3375638264836,-73.54973353099695)
1 (45.41254415439401,-73.32565175679134)
1 (45.397283976753585,-73.36604693256587)
1 (45.57756395948585,-73.27424513206282)
1 (45.664569712586925,-73.55858723196299)
1 (45.50854260158026,-73.54691085536251)
1 (45.640307685674934,-73.46181328846679)
1 (45.25310354637099,-73.29415135973808)
1 (45.554951226595506,-73.64334478383718)
1 (45.511614060647396,-73.33570207264493)
1 (45.33125730946177,-73.366162869868)
1 (45.46626495815787,-73.31921541732537)
1 (45.28517555450317,-73.3756584778796)
1 (45.391034647984554,-73.32237618710623)
1 (45.58211644461487,-73.60111269276142)
1 (45.30024310388313,-73.61278853557683)
1 (45.731939157376665,-73.66929900828933)
1 (45.292327269520975,-73.6427676646358)
1 (45.56273786418931,-73.42037773623345)
1 (45.285020137101704,-73.45333751210055)
1 (45.66086833010075,-73.39310825728455)
1 (45.51829156116608,-73.49327839473256)
1 (45.70264533133752,-73.50763555703861)
1 (45.52220953463766,-73.42498682088653)
1 (45.431754235347434,-73.41971243035073)
1 (45.70830662982335,-73.289202431955)
1 (45.25565884843663,-73.25019981435346)
1 (45.34508692998247,-73.43532514997057)
1 (45.54415043640067,-73.60804265935359)
1 (45.4209845538822,-73.39308852645189)
1 (45.713671541451355,-73.52364960913532)
1 (45.28138585861674,-73.36477319110071)
1 (45.572161140595064,-73.59270986897634)
1 (45.450252849824366,-73.25493741179248)
1 (45.68090626183709,-73.29796151829501)
1 (45.71143649243791,-73.6268096151667)
1 (45.66224821052756,-73.62828064792343)
1 (45.3299440389377,-73.68103070469506)
1 (45.44498005720584,-73.2506912094814)
1 (45.73922556154825,-73.29335208333428)
1 (45.392885128723606,-73.61150128170331)
1 (45.60697043509202,-73.32318817998198)
1 (45.606104656389554,-73.44775141610434)
1 (45.41895548470619,-73.31459011961127)
1 (45.41988598409256,-73.2795165282454)
1 (45.58816217953669,-73.35525050260243)
1 (45.250750982287606,-73.52733331113045)
1 (45.604680970025186,-73.73756678791959)
1 (45.45623763977694,-73.45713020003106)
1 (45.390846863466514,-73.67858409436964)
1 (45.281106020672425,-73.6975180332015)
1 (45.31560100664053,-73.70280603292784)
1 (45.2602632215107,-73.60115434633552)
1 (45.25224859667776,-73.37340512412136)
1 (45.636649957757086,-73.73312525832354)
1 (45.63458468401679,-73.37328252713547)
1 (45.43094501531061,-73.26489397632601)
1 (45.67778484443432,-73.48771946658836)
1 (45.26918182156654,-73.532345708512)
1 (45.28250857707706,-73.32503097659583)
1 (45.4342348651873,-73.48081407563474)
1 (45.633339133009656,-73.63067548829483)
1 (45.35762177460972,-73.66870451671822)
1 (45.63598420460732,-73.30369159738358)
1 (45.40918037949192,-73.43443595773486)
1 (45.61158763682556,-73.71212656910518)
1 (45.37391811035484,-73.7489021717846)
1 (45.581053332644615,-73.62628888283213)
1 (45.42769473483665,-73.67750971391393)
1 (45.527457870587845,-73.54520020656526)
1 (45.73638708982939,-73.26208018999618)
1 (45.720429619126534,-73.3825402581624)
1 (45.50679861344773,-73.50350956847986)
1 (45.52279761482414,-73.4036705706744)
1 (45.41181382358392,-73.48105803953587)
1 (45.576864315631305,-73.4649917760561)
1 (45.29716204426266,-73.48349928669835)
1 (45.38533212313509,-73.50093140466493)
1 (45.45264221240658,-73.35108852774084)
1 (45.56021450385953,-73.33227751312513)
1 (45.49677447128879,-73.53541415524997)
1 (45.41198785504823,-73.73236622510744)
1 (45.5805821483023,-73.67667824079723)
1 (45.59079181738022,-73.28479958613664)
1 (45.663571128734006,-73.2748066864309)
1 (45.6716606747524,-73.39791243752154)
1 (45.5529620748051,-73.29202018989146)
1 (45.39656980964249,-73.40712581674921)
1 (45.7258438117335,-73.27010281547986)
1 (45.747506889987186,-73.4966166225588)
1 (45.67315504480766,-73.27558524227929)
1 (45.62682801935822,-73.70640170657461)
1 (45.61426422276607,-73.70041539580338)
1 (45.663835037837494,-73.55997747110214)
1 (45.43140634144879,-73.64441948011519)
1 (45.54981103209306,-73.35107367308973)
1 (45.56434797140816,-73.28896205577992)
1 (45.327676609168655,-73.36587361962296)
1 (45.38739090082604,-73.338694180987)
1 (45.72698052584102,-73.28922053231315)
1 (45.26318736654088,-73.26013407662863)
1 (45.440113950003,-73.74987293492053)
1 (45.530828561095745,-73.68205538045929)
1 (45.68143840197953,-73.4007899515282)
1 (45.63928120159268,-73.44326332894602)
1 (45.4574432447258,-73.60572031704623)
1 (45.48148529849655,-73.37831987820856)
1 (45.70309926132661,-73.7130367946373)
1 (45.71928946704212,-73.52113405778184)
1 (45.3072509051034,-73.54180087128518)
1 (45.51488856054065,-73.48006452511895)
1 (45.55819021866349,-73.58346028832025)
1 (45.600541358401394,-73.29628643837317)
1 (45.68948145254051,-73.53537526095307)
1 (45.525084875535036,-73.63965573115274)
1 (45.49565628191673,-73.62953681609716)
1 (45.713124480377424,-73.7231587035841)
1 (45.41757486365699,-73.30138414776015)
1 (45.660767822600015,-73.32826599783688)
1 (45.56804933034135,-73.55954524239178)
1 (45.670383567002396,-73.32911483595024)
1 (45.379751678952516,-73.46761864698384)
1 (45.496104388610355,-73.58342444870706)
1 (45.40947888437147,-73.43378164447648)
1 (45.63165668176056,-73.5224045992986)
1 (45.32552401227776,-73.52305353656429)
1 (45.72258812032665,-73.72064805351754)
1 (45.738202749908666,-73.26046032086697)
1 (45.72607712437086,-73.66010278735828)
1 (45.30751039952707,-73.38114030010102)
1 (45.47324681129489,-73.31970069464671)
1 (45.47643570363764,-73.70559798757554)
1 (45.71126912373619,-73.62407467667362)
1 (45.73363279190937,-73.27485664973268)
1 (45.51553321001285,-73.67102664857188)
1 (45.5049543207657,-73.5711779227576)
1 (45.66576545058664,-73.5280143861467)
1 (45.60977372534484,-73.5753096051529)
1 (45.674226619326504,-73.74290560476665)
1 (45.69507602609398,-73.57089113879833)
1 (45.63897513736094,-73.55360320130175)
1 (45.67797186331017,-73.50068883062346)
1 (45.47067365376296,-73.60487593272958)
1 (45.48559061510346,-73.30775116728555)
1 (45.30752925631415,-73.28883451716929)
1 (45.280233970757415,-73.55736725780922)
1 (45.58969619985175,-73.61797315931045)
1 (45.397222210479406,-73.73287968865264)
1 (45.31183308868229,-73.31655258081683)
1 (45.40304138604387,-73.42994578942809)
1 (45.41049477536046,-73.57733052723013)
1 (45.50219990448271,-73.73975952860756)
1 (45.5716526992218,-73.67625157939118)
1 (45.48262940985109,-73.41203892900126)
1 (45.46287533622177,-73.36768842187166)
1 (45.49151517552641,-73.42325215999942)
1 (45.504564058964576,-73.69718215411598)
1 (45.67611725707303,-73.34459826953284)
1 (45.295127730803266,-73.56735971977793)
1 (45.60744419153001,-73.40767642222876)
1 (45.69609280873789,-73.57581219530856)
1 (45.428567188091286,-73.40357074228342)
1 (45.36488386147295,-73.31119770064709)
1 (45.33391310703634,-73.5232454739184)
1 (45.69537286961964,-73.44568871946316)
1 (45.291050595802965,-73.4536884206309)
1 (45.6892837270347,-73.59811358743715)
1 (45.36228450764187,-73.48515863507116)
1 (45.735151936998896,-73.56274773934382)
1 (45.56979931091655,-73.56018676155672)
1 (45.6157774395143,-73.60369053145928)
1 (45.47514317950563,-73.6046453244218)
1 (45.29997207558816,-73.60411906596978)
1 (45.5115202781354,-73.62524823248785)
1 (45.699891347892084,-73.43344086492749)
1 (45.615659197300175,-73.43625759547214)
1 (45.59135339617783,-73.45347275599626)
1 (45.35495170555692,-73.49096817250464)
1 (45.30128642559269,-73.62725359058138)
1 (45.53510654189747,-73.64070844338917)
1 (45.56380915441403,-73.72095430356113)
1 (45.703738672269026,-73.7256396605568)
1 (45.63443699844874,-73.60057883026639)
1 (45.53611541624161,-73.71755258369568)
1 (45.33052016670847,-73.62075521186898)
1 (45.30070657586859,-73.68515446694005)
1 (45.63525793642115,-73.58289639952883)
1 (45.45423627326097,-73.63700668494307)
1 (45.36249681278097,-73.70436607711076)
1 (45.40861037135588,-73.31631673029037)
1 (45.63000849382645,-73.48901495816399)
1 (45.645393750348774,-73.27520578982396)
1 (45.530056762087355,-73.32255872685852)
1 (45.62743771118363,-73.54386646242573)
1 (45.417800910178,-73.53374902670889)
1 (45.37180860249566,-73.43219302239774)
1 (45.66044639188469,-73.56414469081939)
1 (45.603344224762004,-73.45800953446799)
1 (45.50304176640137,-73.27552049390714)
1 (45.603965862130885,-73.58693920785366)
1 (45.410434231626944,-73.29455652746202)
1 (45.70929899131862,-73.39425122049781)
1 (45.33913445812557,-73.64943152888264)
1 (45.38120713521651,-73.41868943915446)
1 (45.377704412618996,-73.2922990646076)
1 (45.40251833638173,-73.37233004530741)
1 (45.56977067277686,-73.42535590675466)
1 (45.49852541438827,-73.49893346657963)
1 (45.49987827508288,-73.35631743140105)
1 (45.588766054214396,-73.73604880016269)
1 (45.379139198649085,-73.4015953820344)
1 (45.4121403075113,-73.43329665021346)
1 (45.414992294103264,-73.63232860820379)
1 (45.448598279599835,-73.71079978978909)
1 (45.687379986205066,-73.51964821911824)
1 (45.38143199166414,-73.60764851903488)
1 (45.58226043562795,-73.28116360651704)
1 (45.305630988371476,-73.47058088019473)
1 (45.55261180095872,-73.46063668185596)
1 (45.48981189150197,-73.56772570273138)
1 (45.58694906301225,-73.48716690489402)
1 (45.74190839106594,-73.681299496227)
1 (45.26586143662133,-73.65894019290286)
1 (45.31210823182498,-73.43656614950879)
1 (45.67819249410706,-73.67970022687308)
1 (45.29045024007066,-73.36216132101534)
1 (45.25022263042118,-73.5435813485393)
1 (45.62104466074323,-73.64905148915165)
1 (45.713577362907145,-73.71579735767071)
1 (45.66005623641339,-73.28194052209598)
1 (45.500572928676725,-73.69291137673173)
1 (45.650389985230476,-73.65785445833087)
1 (45.30932395653998,-73.64701703723762)
1 (45.57244562734564,-73.48192854321897)
1 (45.42517646944396,-73.4631420788325)
1 (45.557357174480224,-73.6400881393804)
1 (45.619892484171245,-73.56854064504319)
1 (45.41681016224098,-73.39235817859965)
1 (45.575500889339885,-73.52627107738589)
1 (45.35182973618618,-73.60895411952919)
1 (45.29584266094887,-73.42356171791697)
1 (45.55185844953153,-73.38409983822983)
1 (45.37557647409963,-73.62794724279937)
1 (45.68499366958945,-73.70968619142494)
1 (45.29377448533069,-73.51101404984006)
1 (45.71042997533559,-73.47242697060533)
1 (45.587225696639315,-73.25082318467777)
1 (45.514953007282166,-73.35408660135332)
1 (45.33717848488407,-73.31968523992627)
1 (45.586756733367736,-73.26464742109971)
1 (45.372491161599214,-73.74394165450214)
1 (45.29190712353287,-73.72295176773748)
1 (45.452023536145404,-73.68676272433346)
1 (45.31145076031177,-73.61839763646198)
1 (45.439590275228,-73.35370282368191)
1 (45.430467988761585,-73.54068418202363)
1 (45.62591026168159,-73.65385896090446)
1 (45.64429560447906,-73.35239656444813)
1 (45.38372452919757,-73.46695917562926)
1 (45.46169538029164,-73.40138754492271)
1 (45.26461835208517,-73.26856278365152)
1 (45.3399198393934,-73.72645617024041)
1 (45.459071773088446,-73.25178498705954)
1 (45.3824282550833,-73.30074189109216)
1 (45.74487570801201,-73.45456371881829)
1 (45.266430817762874,-73.28254542238952)
1 (45.64328935295945,-73.25646724520038)
1 (45.344490432411966,-73.40295561739191)
1 (45.48717770156426,-73.44839624610569)
1 (45.4820867961065,-73.51370459915294)
1 (45.48085644231288,-73.40226490533313)
1 (45.451348609656876,-73.4470913205357)
1 (45.5974845676116,-73.67585071111391)
1 (45.60008536845104,-73.70260683874527)
1 (45.316583580704595,-73.68048325711736)
1 (45.55480088523993,-73.57206225868892)
1 (45.25162511631993,-73.31609792101575)
1 (45.396546685817604,-73.64656372849423)
1 (45.6556175488699,-73.73941044195858)
1 (45.56927403167285,-73.71459631675694)
1 (45.62123484081064,-73.6765742747999)
1 (45.74176920992385,-73.36077196445196)
1 (45.5112697930549,-73.42166281908911)
1 (45.446307405904925,-73.60946449480636)
1 (45.26505663729653,-73.37667412854842)
1 (45.559836377238454,-73.72659771626736)
1 (45.726996441742756,-73.68748621889674)
1 (45.576801818160504,-73.29627049016379)
1 (45.53443213338644,-73.71329658608838)
1 (45.64665218630921,-73.42669582200169)
1 (45.38385795982622,-73.73455985940258)
1 (45.513611428997976,-73.41209864222904)
1 (45.6668118158276,-73.45629327019599)
1 (45.301483924314134,-73.38376051847354)
1 (45.52978682241744,-73.49984975208109)
1 (45.532056746184615,-73.42431669506368)
1 (45.36611214336762,-73.69686418646161)
1 (45.35208999732793,-73.29470464927618)
1 (45.59199106335657,-73.60405868957318)
1 (45.67093692895508,-73.33283065051675)
1 (45.29374767581773,-73.74694836537925)
1 (45.278511203187946,-73.7270642385928)
1 (45.45882200237905,-73.6742193546381)
1 (45.521619467522534,-73.74608827498204)
1 (45.51916631931718,-73.46265636869218)
1 (45.26560334067142,-73.61942523511648)
1 (45.34243411403657,-73.35497780308275)
1 (45.657785344827225,-73.6101283500098)
1 (45.603715968475306,-73.73979132693157)
1 (45.63938952739567,-73.4026693700802)
1 (45.65856539076028,-73.69411392334366)
1 (45.72340793093089,-73.74497232299922)
1 (45.61667050755513,-73.30450550104743)
1 (45.26731012387843,-73.33383599703355)
1 (45.28476608493028,-73.46284574175567)
1 (45.32154356430487,-73.7176555487775)
1 (45.50724339549568,-73.29713923996009)
1 (45.627448535587114,-73.5093967940413)
1 (45.68340408175692,-73.34646471634952)
1 (45.471512036892605,-73.45619464045625)
1 (45.381416890069296,-73.52228915929315)
1 (45.37681092079935,-73.39974007300614)
1 (45.50077508213614,-73.31584860136496)
1 (45.527045134634925,-73.38378806449143)
1 (45.357415087542186,-73.61315244664361)
1 (45.37373806492767,-73.6216618412864)
1 (45.37864553808501,-73.36539887258498)
1 (45.57298129760174,-73.72754674793217)
1 (45.29864891881625,-73.73319418943119)
1 (45.73452738580086,-73.54066016287031)
1 (45.339556635403945,-73.67794964957996)
1 (45.443084525341646,-73.53105156083846)
1 (45.34796112568349,-73.31318452264854)
1 (45.62934326722483,-73.66983004250915)
1 (45.73221741890848,-73.6521948553732)
1 (45.62656572197817,-73.27503462439235)
1 (45.31199947365511,-73.6966526080386)
1 (45.64749392745937,-73.70715533164191)
1 (45.3483150531286,-73.6031806352981)
1 (45.455884513531835,-73.3854812741549)
1 (45.569546213820644,-73.44180412653688)
1 (45.68715275543817,-73.4279948981401)
1 (45.447070563413114,-73.3214097792839)
1 (45.59340975807402,-73.28344945390491)
1 (45.30263203902335,-73.40294939608765)
1 (45.44960245920401,-73.52455964438724)
1 (45.54886794975395,-73.55110509110902)
1 (45.459516762564995,-73.50590366380972)
1 (45.47426248347741,-73.58948872589127)
1 (45.74307994821083,-73.3591774331823)
1 (45.484285029444,-73.32317860904652)
1 (45.369699415806586,-73.30186010052822)
1 (45.60158512659706,-73.6755021527193)
1 (45.42630026043682,-73.47314270342208)
1 (45.30985389715799,-73.4534534314508)
1 (45.273275411549136,-73.48313991555607)
1 (45.49832543467914,-73.40799018898124)
1 (45.44673748948792,-73.56794766741376)
1 (45.32687933994343,-73.39168521189754)
1 (45.6112624694347,-73.68402759821694)
1 (45.285319701792154,-73.5368126424975)
1 (45.55374098165774,-73.55069201705878)
1 (45.564643188843625,-73.48192998429394)
1 (45.43600394015785,-73.55913122707071)
1 (45.592972919787975,-73.26437227549845)
1 (45.39156481400243,-73.61046793017658)
1 (45.714322769551025,-73.56980533414222)
1 (45.560121780756894,-73.32374144340515)
1 (45.504469856250054,-73.58809021751792)
1 (45.30238876006683,-73.66751730793467)
1 (45.624951690857834,-73.26719184086922)
1 (45.62737500702024,-73.41598614762758)
1 (45.41356741988876,-73.28371999283297)
1 (45.29440884000202,-73.41195811288459)
1 (45.59775083900439,-73.55992139389771)
1 (45.62300182871292,-73.43507773869506)
1 (45.595796484164204,-73.65254706594258)
1 (45.25507550897355,-73.52387663798736)
1 (45.34015795452794,-73.31899965382446)
1 (45.466123526179075,-73.3849496403545)
1 (45.416901230020855,-73.53052077691297)
1 (45.61455779294223,-73.54158269906254)
1 (45.565883842251424,-73.6509091682482)
1 (45.45178824049779,-73.62757928078379)
1 (45.727344167338295,-73.43236543969695)
1 (45.28951124317744,-73.71982443575848)
1 (45.352323244563046,-73.39754024597454)
1 (45.43523278417709,-73.32529407196417)
1 (45.61670496676301,-73.57871765779451)
1 (45.36222811171708,-73.59475979170848)
1 (45.49164862606655,-73.47129637853777)
1 (45.2759405588815,-73.52635750694668)
1 (45.326801183294485,-73.42933661918573)
1 (45.575247622859436,-73.34748138504781)
1 (45.6969149034783,-73.58592111532627)
1 (45.68407376540929,-73.42313211133283)
1 (45.74735908897215,-73.72043419021017)
1 (45.34650457526302,-73.43289185858282)
1 (45.64950334277405,-73.31859316262485)
1 (45.73685803339295,-73.68711622929608)
1 (45.54306258055239,-73.37917188697372)
1 (45.63509452599397,-73.31572622334637)
1 (45.499232646285535,-73.3138368252024)
1 (45.45749753300437,-73.66015142144283)
1 (45.58580852480854,-73.56337132416446)
1 (45.61273339994161,-73.53051853442554)
1 (45.5534654480247,-73.31479433351552)
1 (45.47419867751193,-73.55609738405894)
1 (45.490996414210926,-73.44948529063942)
1 (45.72098986907399,-73.65730934946586)
1 (45.51653818405613,-73.58240725338746)
1 (45.40188075091703,-73.70227132722798)
1 (45.68168058013567,-73.26687610754297)
1 (45.31936861690015,-73.67989114855044)
1 (45.26584276853709,-73.63805361436543)
1 (45.71415126776891,-73.72494855372895)
1 (45.52941314555849,-73.45144828793364)
1 (45.25432244145562,-73.5683884005517)
1 (45.27588778520081,-73.64018774127395)
1 (45.49812439565987,-73.45822127678281)
1 (45.745605722238494,-73.66668230641687)
1 (45.30427153942037,-73.30296921996059)
1 (45.42666771803461,-73.58052969711355)
1 (45.60966060140234,-73.73051239247845)
1 (45.32223807532614,-73.31511633012263)
1 (45.58070791351,-73.43048557123726)
1 (45.557668053863004,-73.3603510722281)
1 (45.371605452783925,-73.55804121141955)
1 (45.445741764125806,-73.53832288716332)
1 (45.590463212221785,-73.62083873744555)
1 (45.25383459059776,-73.68240418807746)
1 (45.58260587473758,-73.64953793620388)
1 (45.43288700802423,-73.57842723077864)
1 (45.28921793290045,-73.56486699158856)
1 (45.47483486954655,-73.56904137230764)
1 (45.72908189985637,-73.50150381849578)
1 (45.36250090179907,-73.74921434922597)
1 (45.5813302189741,-73.43055243700212)
1 (45.26394006926746,-73.692071421884)
1 (45.41793209660605,-73.73831380092972)
1 (45.701844935021064,-73.63987147275492)
1 (45.34606243191981,-73.46934376523382)
1 (45.39785534269123,-73.5748998625509)
1 (45.67255071143973,-73.72645862603467)
1 (45.351480144654936,-73.54941296439496)
1 (45.69528344941247,-73.739391841885)
1 (45.46382675990939,-73.60250016981203)
1 (45.35973473424467,-73.36722319134002)
1 (45.657447926353136,-73.52483439001523)
1 (45.292724985700225,-73.28749506628351)
1 (45.475352998537936,-73.64976250381558)
1 (45.64005899410611,-73.34709802481935)
1 (45.56459462865645,-73.25104284437526)
1 (45.689870001144385,-73.50655124037638)
1 (45.26282990307656,-73.51376719411886)
1 (45.45929737933429,-73.50022087962503)
1 (45.709868108332586,-73.41561015353727)
1 (45.258551277174824,-73.26031300074328)
1 (45.5004560141946,-73.71052947828781)
1 (45.723468307365714,-73.31214510247763)
1 (45.37941425558274,-73.54639598938023)
1 (45.4253383092804,-73.74224350814197)
1 (45.35572722289169,-73.57176269677866)
1 (45.42508263906799,-73.46923194975196)
1 (45.37830178283117,-73.69508775127991)
1 (45.53779074702247,-73.41026941495882)
1 (45.37284863928813,-73.45220658589243)
1 (45.61317205502565,-73.73296340504076)
1 (45.4867032746521,-73.71470404580421)
1 (45.31765629899766,-73.71422784595399)
1 (45.32639186452069,-73.7330676589082)
1 (45.724676099512266,-73.29347257165519)
1 (45.301360647262456,-73.25410871261977)
1 (45.48109138016666,-73.70780448345464)
1 (45.40652569216898,-73.68211850717597)
1 (45.41976599540789,-73.63158853284423)
1 (45.38616316042116,-73.46758211942632)
1 (45.73098268397096,-73.51175932474784)
1 (45.72214848356724,-73.60600298519749)
1 (45.68868337988774,-73.29369242909219)
1 (45.280666156240585,-73.31249681940086)
1 (45.45144752824583,-73.4702372959589)
1 (45.73325020989938,-73.60529392893692)
1 (45.62267194865736,-73.35868167135338)
1 (45.54037849266212,-73.68314429024258)
1 (45.55959145164939,-73.71696037584807)
1 (45.34883243150896,-73.6178506209841)
1 (45.366580400703754,-73.25133925192465)
1 (45.607647021190196,-73.50375962850893)
1 (45.59460092079197,-73.74309820892098)
1 (45.551714203596546,-73.31102253632844)
1 (45.395714511150466,-73.43140491162738)
1 (45.43696600585618,-73.27879116792798)
1 (45.74924938264173,-73.43361411087963)
1 (45.536552115406494,-73.25824648178309)
1 (45.384516705559555,-73.36264508402147)
1 (45.423539806929384,-73.47346186184967)
1 (45.67389480923811,-73.41388315151168)
1 (45.47240256755942,-73.7105839198626)
1 (45.55965103404898,-73.5412185280598)
1 (45.30892678967668,-73.47266919363058)
1 (45.50804676439805,-73.4233795346945)
1 (45.62615441640125,-73.6487452809547)
1 (45.55507192974421,-73.73763445442164)
1 (45.362592681105006,-73.74127073451123)
1 (45.71958121022718,-73.30822974081956)
1 (45.70816008629994,-73.67614831908479)
1 (45.41165460895436,-73.48160006810946)
1 (45.2632015324286,-73.68380188553787)
1 (45.4566811837036,-73.59942864758823)
1 (45.42639330483777,-73.68855719963007)
1 (45.488965419360596,-73.69405441077863)
1 (45.72847225315043,-73.57667307582494)
1 (45.74258130410155,-73.51851532172752)
1 (45.36046157300612,-73.63084925879767)
1 (45.681750228300444,-73.74568534715354)
1 (45.567429019785784,-73.32089292018213)
1 (45.468194498567634,-73.62750538837763)
1 (45.391801506724235,-73.52645644732401)
1 (45.45871890784118,-73.59622652311991)
1 (45.45387357354625,-73.63836442586334)
1 (45.26269886563857,-73.71487687559045)
1 (45.55138514316242,-73.34002805175783)
1 (45.36620409440768,-73.54383133728754)
1 (45.34490760942937,-73.70980112771574)
1 (45.447162866572846,-73.38440644441688)
1 (45.27126536681755,-73.60886179146578)
1 (45.26427238769137,-73.48882059342581)
1 (45.59333325240568,-73.62730988013278)
1 (45.4012869691762,-73.68865276418585)
1 (45.6512885972503,-73.65365017157026)
1 (45.687865998967524,-73.4911008792911)
1 (45.42775995353343,-73.4096873378267)
1 (45.298339937718616,-73.52388402168398)
1 (45.47730278539833,-73.55408875409951)
1 (45.35055309177868,-73.27555041747992)
1 (45.59924568620894,-73.70347690970337)
1 (45.28836771108347,-73.37824640207023)
1 (45.352188953507216,-73.44989352185767)
1 (45.433464866089544,-73.71466932579341)
1 (45.61830077910804,-73.6678330949206)
1 (45.334753208032886,-73.39997037749731)
1 (45.42604429951636,-73.60277391161299)
1 (45.42699755809078,-73.69279125998946)
1 (45.631082388961126,-73.41624004874275)
1 (45.53420506505991,-73.62741175675812)
1 (45.336845067413996,-73.52990859052896)
1 (45.41785741793281,-73.63115301505533)
1 (45.608607796980415,-73.26313128354731)
1 (45.37525341101811,-73.59772429840164)
1 (45.597917282629545,-73.39447087653726)
1 (45.339026878545205,-73.32811935217471)
1 (45.64781455070835,-73.39845738612401)
1 (45.515330911242124,-73.42596078475711)
1 (45.29354342359246,-73.71375041091547)
1 (45.32522994429528,-73.64385962379684)
1 (45.308295772941555,-73.48824857839092)
1 (45.28151709966802,-73.32139945244286)
1 (45.56903328126262,-73.32041831531951)
1 (45.441475023817276,-73.43377316223317)
1 (45.53353855891634,-73.57421902129484)
1 (45.72502415343577,-73.38289265817278)
1 (45.526586999530245,-73.38748246016044)
1 (45.67725320223811,-73.50996044004815)
1 (45.33049369772858,-73.52045978960294)
1 (45.684502325923226,-73.39003457485336)
1 (45.26327847751,-73.7024797450242)
1 (45.72397030006571,-73.28503659141522)
1 (45.50630482171311,-73.63026729441847)
1 (45.438242958000615,-73.68194493462032)
1 (45.412487301715835,-73.25145242408107)
1 (45.67819048672316,-73.62758447779338)
1 (45.386025074469195,-73.43115412210584)
1 (45.6503574659941,-73.59046554302739)
1 (45.67510724385494,-73.54825518719345)
1 (45.43826999343511,-73.33354397277687)
1 (45.56014953164238,-73.50108903293007)
1 (45.4410101404657,-73.26956657731051)
1 (45.451859510853765,-73.51973985458)
1 (45.68695872697725,-73.49283442223087)
1 (45.33579131986291,-73.584013240833)
1 (45.5357831580236,-73.63775938176464)
1 (45.31303886853623,-73.6323647943509)
1 (45.47754804214797,-73.40550709985203)
1 (45.69032974618218,-73.61767952021073)
1 (45.574251688698695,-73.5253128588378)
1 (45.66702071753359,-73.32077560412262)
1 (45.56614282837552,-73.57672457328823)
1 (45.6513583871326,-73.67186127974114)
1 (45.28284737816694,-73.4930700609462)
1 (45.6138573657807,-73.65390425170854)
1 (45.25763591127484,-73.69486391644088)
1 (45.65176144602717,-73.66997841362172)
1 (45.342088329497244,-73.66466213004395)
1 (45.59529137128719,-73.54913327197322)
1 (45.65796304005145,-73.37204050054464)
1 (45.53374634625055,-73.64218665675921)
1 (45.403253584307585,-73.28891620112692)
1 (45.57751444913265,-73.72007212916505)
1 (45.35021651744564,-73.30134930337309)
1 (45.50066076857502,-73.63297758582205)
1 (45.334580343493215,-73.62425443533085)
1 (45.62799972324225,-73.41849244984837)
1 (45.63719552332252,-73.36012071875986)
1 (45.44042223063835,-73.26133583996038)
1 (45.402062057794744,-73.61188069822023)
1 (45.37273562690195,-73.4059690681118)
1 (45.61797139349203,-73.56348754128814)
1 (45.66938838308934,-73.30650073663227)
1 (45.714925401127196,-73.6795521197088)
1 (45.445189534318196,-73.46577381541658)
1 (45.49104594584259,-73.64756017166789)
1 (45.27049598270236,-73.56737889731879)
1 (45.39086437242194,-73.39273214434041)
1 (45.66332931914808,-73.64056881422239)
1 (45.60168085832756,-73.43650680333538)
1 (45.324496974011495,-73.61865495053347)
1 (45.52110958733127,-73.54492212583168)
1 (45.296030791919435,-73.25644620402917)
1 (45.375976358526216,-73.52283557246452)
1 (45.458119449776106,-73.461647020041)
1 (45.64041090496478,-73.6539681751881)
1 (45.40519932030034,-73.66886121916009)
1 (45.409277344802405,-73.66517542074868)
1 (45.25798187339944,-73.44295409176762)
1 (45.53201150688662,-73.70614032002055)
1 (45.37493364746755,-73.54100543143976)
1 (45.60148499389162,-73.68285265686777)
1 (45.72408857575589,-73.68894184438348)
1 (45.32269154746565,-73.36478068064838)
1 (45.36406013430217,-73.3401670212138)
1 (45.35685194886267,-73.5015600740327)
1 (45.56173471955909,-73.6791141227213)
1 (45.447959548687166,-73.73531764983527)
1 (45.54336539223318,-73.61262506495262)
1 (45.49083939932963,-73.37941534502627)
1 (45.735648717649006,-73.45641669489069)
1 (45.69246953558342,-73.65344289722859)
1 (45.60385561813894,-73.47262454269767)
1 (45.61161393551873,-73.71770585388136)
1 (45.33520042871556,-73.34752025991105)
1 (45.63574225302975,-73.33824812201807)
1 (45.647370616753854,-73.61597909457139)
1 (45.36876251414303,-73.73561662973594)
1 (45.42450305350711,-73.44112965592157)
1 (45.458268344579565,-73.62711836370882)
1 (45.69588067670372,-73.54384828548858)
1 (45.586803495920385,-73.66323820300435)
1 (45.67623707366755,-73.44736597874603)
1 (45.6880718303597,-73.3841787535463)
1 (45.68079448305745,-73.55723638121324)
1 (45.426072007006084,-73.48215154486802)
1 (45.71302412272288,-73.43626860929999)
1 (45.59281180567755,-73.54909172882971)
1 (45.398606064880774,-73.45775934646987)
1 (45.3385576251538,-73.61788665318008)
1 (45.70517907548164,-73.32846397510166)
1 (45.54750075324078,-73.66800129835373)
1 (45.54420909851512,-73.26522707942912)
1 (45.711272661502576,-73.3635518526548)
1 (45.39866850241511,-73.3860479959456)
1 (45.33291725280559,-73.62342151905055)
1 (45.55820638997877,-73.63758773856325)
1 (45.7147290201773,-73.68893059222827)
1 (45.372103406477855,-73.32672891606597)
1 (45.44479155193442,-73.65486590990798)
1 (45.649543047203295,-73.55378088934368)
1 (45.49910189542416,-73.46434267707625)
1 (45.44659463107841,-73.55927761813447)
1 (45.61884185991044,-73.63701467638823)
1 (45.47979113197466,-73.69504659872246)
1 (45.50565824749062,-73.5035667591538)
1 (45.29729891254008,-73.41333211769468)
1 (45.40173966085164,-73.45721668376468)
1 (45.62041405269763,-73.33523714154006)
1 (45.28602843990594,-73.7051209902149)
1 (45.44048369381549,-73.61160320299282)
1 (45.7230820608086,-73.70912302652424)
1 (45.519338901360186,-73.42567826426196)
1 (45.34689890114057,-73.44619870215493)
1 (45.39493888513626,-73.60752808644459)
1 (45.54844940900967,-73.29424902421907)
1 (45.3381646866172,-73.43512689742906)
1 (45.662704122520026,-73.25855598510671)
1 (45.44156369208689,-73.28641888741153)
1 (45.31862613725678,-73.39826162875117)
1 (45.64633472970026,-73.38037219889466)
1 (45.623896000657865,-73.69064805420973)
1 (45.5299565887507,-73.40315292056056)
1 (45.50506318057049,-73.68378894308836)
1 (45.583601290556956,-73.358026741002)
1 (45.313368750601704,-73.63531128665936)
1 (45.50583661229633,-73.50445156105104)
1 (45.73665988210922,-73.4165489742309)
1 (45.72711054563987,-73.26305480945638)
1 (45.62861741658336,-73.2772877491752)
1 (45.45812404547677,-73.45879461984451)
1 (45.5779436448783,-73.61659418259156)
1 (45.52443604062818,-73.25458457861745)
1 (45.39220816558879,-73.68988913102274)
1 (45.60950871183816,-73.59201710096492)
1 (45.66372542324375,-73.7014690660923)
1 (45.278888758128645,-73.40455114959208)
1 (45.71813848377128,-73.48509702566223)
1 (45.29933387187922,-73.30163522557532)
1 (45.520309134227126,-73.4630772629095)
1 (45.29843197951794,-73.33971726428209)
1 (45.52666538269241,-73.29639627126802)
1 (45.7326239710357,-73.39794848666547)
1 (45.528333167278085,-73.59505540744526)
1 (45.444528928236494,-73.5626185141291)
1 (45.72517974659004,-73.74863840867611)
1 (45.29408427615935,-73.29496486136031)
1 (45.60732213583084,-73.36245034639167)
1 (45.44225140722327,-73.51198010630551)
1 (45.697704909031565,-73.4442319483768)
1 (45.35090061038764,-73.54919572485149)
1 (45.32702686680198,-73.3804967892778)
1 (45.43797763014317,-73.29815182355442)
1 (45.37059773543785,-73.36995649393423)
1 (45.59316717464502,-73.61936765629187)
1 (45.275630953875094,-73.34429205624569)
1 (45.416007172249294,-73.42410825160336)
1 (45.74703008749455,-73.50369752148336)
1 (45.58577077370527,-73.59509775888647)
1 (45.63990179249855,-73.42616504587421)
1 (45.710421393268405,-73.67756099603652)
1 (45.427829024167515,-73.27539859819036)
1 (45.33055940152828,-73.51757954668369)
1 (45.57736440381532,-73.4325360746206)
1 (45.47351725442679,-73.25472992157192)
1 (45.26125370847098,-73.41152814852587)
1 (45.26262334361305,-73.29032616558695)
1 (45.585576036231906,-73.68706461756686)
1 (45.587142796323036,-73.55132011700191)
1 (45.3892872592214,-73.56735735379728)
1 (45.729517082631375,-73.55301789305695)
1 (45.69857973636115,-73.4818817100739)
1 (45.628262359952394,-73.43125159266636)
1 (45.5830215951567,-73.52634629751417)
1 (45.62724983353304,-73.26650074735456)
1 (45.46561500098045,-73.31370400650316)
1 (45.625079635050135,-73.65868852920093)
1 (45.38471340262035,-73.62093511712206)
1 (45.49187313967326,-73.63198306511319)
1 (45.29216362350934,-73.49662625188317)
1 (45.46504673354243,-73.55391494659405)
1 (45.69908941947641,-73.40403704743596)
1 (45.47049345673612,-73.34247703082728)
1 (45.3484089025271,-73.61838912915323)
1 (45.44108729404119,-73.30860372777893)
1 (45.601479065872034,-73.47553026904535)
1 (45.72053788405855,-73.5395318345065)
1 (45.375186277405575,-73.68191927884007)
1 (45.547361990259965,-73.2710257801127)
1 (45.25535261823898,-73.74304537624204)
1 (45.41110128677823,-73.72330560126996)
1 (45.342503517599866,-73.64893850222803)
1 (45.260904169890544,-73.38674626524354)
1 (45.456843005579245,-73.2713454112699)
1 (45.62520273371661,-73.73902266109656)
1 (45.54070870576049,-73.47743879959258)
1 (45.67045420170843,-73.35535478130097)
1 (45.448829398349524,-73.74959526827212)
1 (45.58677956520113,-73.33786333603334)
1 (45.30938392886824,-73.61982036259113)
1 (45.438820261172,-73.43877635712929)
1 (45.27216068761585,-73.48081739510842)
1 (45.26124710141934,-73.68533286150675)
1 (45.734043077742896,-73.32348923571084)
1 (45.71009398699728,-73.73171010897197)
1 (45.546596931661064,-73.67283068209971)
1 (45.503452130420456,-73.56515650355465)
1 (45.26571153874162,-73.45071159077864)
1 (45.69804887680887,-73.57974249755827)
1 (45.699047027903816,-73.68496928333344)
1 (45.55184837634678,-73.40174763391042)
1 (45.343466271130715,-73.40952139276328)
1 (45.31704979846955,-73.70568195031773)
1 (45.28168058672892,-73.25987845702713)
1 (45.29272194917482,-73.59929572417398)
1 (45.72501407257292,-73.66247855361148)
1 (45.341801466562735,-73.47966189470749)
1 (45.647492224109676,-73.64468410725384)
1 (45.34329502497739,-73.57052100982548)
1 (45.35538641818038,-73.65507415490738)
1 (45.70726430905903,-73.64355888169656)
1 (45.375896372556426,-73.3808330352959)
1 (45.62753579151395,-73.70314285609662)
1 (45.72882877615853,-73.38057984727361)
1 (45.6850655624651,-73.67527280441355)
1 (45.46593073413978,-73.41690061645791)
1 (45.74350282992959,-73.38710858763147)
1 (45.32396272216092,-73.67313818984219)
1 (45.297733934804675,-73.3534161107941)
1 (45.43964647139747,-73.57366304844152)
1 (45.546052045600796,-73.60062968356667)
1 (45.31729878145734,-73.6958908402731)
1 (45.457085857268844,-73.4579586985851)
1 (45.62326336045608,-73.26573072692533)
1 (45.49373424067747,-73.42807223779837)
1 (45.405178324760556,-73.46594143688013)
1 (45.43809146644524,-73.41737564113616)
1 (45.49866787924214,-73.25903986092469)
1 (45.43371160154684,-73.2577485376372)
1 (45.68922247289096,-73.63295014667148)
1 (45.42454844599668,-73.58784434665385)
1 (45.642832488641275,-73.61849907356475)
1 (45.62352089947056,-73.28265662709086)
1 (45.70536627279467,-73.60315653832558)
1 (45.48789185107229,-73.72503825837086)
1 (45.397734194963945,-73.37508791085165)
1 (45.413511964468334,-73.30221477130577)
1 (45.3015561038195,-73.4756279737019)
1 (45.48546808530012,-73.58406376163566)
1 (45.53835041688339,-73.31670420151549)
1 (45.63878918227029,-73.69803762507733)
1 (45.694188669896725,-73.63253006887363)
1 (45.48960106051169,-73.45808740164959)
1 (45.33131051715012,-73.68205694836632)
1 (45.394484369520605,-73.33180109274059)
1 (45.658369458301934,-73.70021632514965)
1 (45.483778720223576,-73.34120002197731)
1 (45.50178081735796,-73.41190183207236)
1 (45.493188996846854,-73.48824259666948)
1 (45.43206894241169,-73.47293371576629)
1 (45.6872881246646,-73.27606496108544)
1 (45.25116151194515,-73.48691614563738)
1 (45.528374081449655,-73.36134381247673)
1 (45.53925465872394,-73.26594107167091)
1 (45.4946270138778,-73.32189695801334)
1 (45.59317335558484,-73.25650986423237)
1 (45.59262561079398,-73.45674257696683)
1 (45.36207717106313,-73.53983727187013)
1 (45.64102027392879,-73.45331885600226)
1 (45.40091252152225,-73.53787009706657)
1 (45.32452386748529,-73.65842094125246)
1 (45.41718814537022,-73.51289593647847)
1 (45.33036908491378,-73.57564272165907)
1 (45.68245140442971,-73.63953532420464)
1 (45.5829946547477,-73.58271627252707)
1 (45.416268633680374,-73.35320360186296)
1 (45.68696120932648,-73.71712257651406)
1 (45.72756387337043,-73.33879671344368)
1 (45.67296050573992,-73.71770215711206)
1 (45.31584569010552,-73.41739830326236)
1 (45.517270292609524,-73.3337252430655)
1 (45.39315284902504,-73.7172231473997)
1 (45.67112020767704,-73.72098604924939)
1 (45.686475413699355,-73.37780530213274)
1 (45.493172466811345,-73.53696656549985)
1 (45.41995831216575,-73.6336069094652)
1 (45.525684452047706,-73.62397063804997)
1 (45.3563706118025,-73.45476693947728)
1 (45.49290825210902,-73.43035954070821)
1 (45.298124120446154,-73.48862689348078)
1 (45.72889605737877,-73.56562562002392)
1 (45.40955113776711,-73.34596345299482)
1 (45.46111798378785,-73.61502146705106)
1 (45.32420146109492,-73.31052624480422)
1 (45.48616265406807,-73.55381685332837)
1 (45.74359508548294,-73.31952160146957)
1 (45.274278852570546,-73.2999868960861)
1 (45.617167253251516,-73.56610126409228)
1 (45.430630057945194,-73.6272397935)
1 (45.51706889087867,-73.31270808697312)
1 (45.722871670402775,-73.32777323766632)
1 (45.486035554774716,-73.47629844795117)
1 (45.55702446422493,-73.66600406387391)
1 (45.441714571249406,-73.25300445811367)
1 (45.346605505467245,-73.30074597871183)
1 (45.66664010472296,-73.49071657600197)
1 (45.67359158793024,-73.4739159598731)
1 (45.49947215630947,-73.69336058548684)
1 (45.48402825755498,-73.36883021332564)
1 (45.57016616437071,-73.4503107073411)
1 (45.295960737163256,-73.63050589310659)
1 (45.289415418886655,-73.72842343354073)
1 (45.52285144795107,-73.61411570905233)
1 (45.311009702278184,-73.34259498476618)
1 (45.53176220979668,-73.48584754093345)
1 (45.33467902993775,-73.53353799276694)
1 (45.462317119874875,-73.34290192010278)
1 (45.4065421496085,-73.42864099426347)
1 (45.629825891930764,-73.54621563665)
1 (45.30445547304415,-73.74331744288261)
1 (45.523935209313706,-73.47073018351956)
1 (45.6663587302315,-73.39616877556759)
1 (45.49278934810526,-73.37362923673783)
1 (45.73113937740604,-73.26157912406747)
1 (45.6719193381693,-73.56094985555816)
1 (45.4135886551382,-73.5680271307068)
1 (45.57694334494157,-73.49732744875885)
1 (45.4276979732977,-73.46944345025071)
1 (45.52964919211566,-73.45236524800445)
1 (45.30584510002337,-73.57036030771826)
1 (45.728143198787315,-73.7102242439935)
1 (45.43534526567261,-73.67339256875506)
1 (45.303487788990246,-73.2865101701321)
1 (45.64839328908796,-73.73975776977636)
1 (45.6276138108074,-73.49838953584856)
1 (45.456598447341534,-73.51008544953214)
1 (45.45028137170869,-73.62009716326341)
1 (45.71711468214987,-73.42368401888496)
1 (45.646476679511004,-73.72660321891136)
1 (45.3537944491608,-73.39972665905671)
1 (45.44987048857001,-73.68318808090002)
1 (45.73384540557547,-73.70348532221269)
1 (45.53282694414837,-73.57802904792823)
1 (45.41814479475145,-73.5147852748715)
1 (45.668940102975895,-73.71863301570549)
1 (45.26166715881393,-73.44427020218875)
1 (45.48018857387815,-73.62105527137598)
1 (45.73940699618782,-73.60586117722332)
1 (45.4275369191768,-73.71332435669133)
1 (45.412728509803756,-73.45096062411956)
1 (45.251175946129,-73.25134895478404)
1 (45.631250445834745,-73.40149532651947)
1 (45.50458211997096,-73.70681301141599)
1 (45.386174963770664,-73.3848106567625)
1 (45.65518972416529,-73.63217069613404)
1 (45.69239504449717,-73.67372104325275)
1 (45.443707557682714,-73.73783347596576)
1 (45.47876575221381,-73.46968960294686)
1 (45.30397540021501,-73.63099680633039)
1 (45.70860069615002,-73.4361531561692)
1 (45.645743583170386,-73.36428471674631)
1 (45.33575543230143,-73.39242631234835)
1 (45.693872432796425,-73.62549566079396)
1 (45.725585674718886,-73.61641180808407)
1 (45.359186557915464,-73.56721381880028)
1 (45.33461865698032,-73.67651175918884)
1 (45.28858219931514,-73.42690526909536)
1 (45.747952153366775,-73.41967792295615)
1 (45.304974289822574,-73.72434909273323)
1 (45.6191959564256,-73.68345657834135)
1 (45.401282919810654,-73.44385874260283)
1 (45.64419689058166,-73.4751770677464)
1 (45.2968974415074,-73.7137296806452)
1 (45.426838857607706,-73.27110052712793)
1 (45.2999195531323,-73.58470467353372)
1 (45.462885277838396,-73.73238873129735)
1 (45.34397501386623,-73.58297846118344)
1 (45.47613236514219,-73.51317071157673)
1 (45.58449695180853,-73.27136931027547)
1 (45.49006679900909,-73.44877774258367)
1 (45.34612208408936,-73.59476511902517)
1 (45.307772992363546,-73.25938549599734)
1 (45.51020421355957,-73.3128072927707)
1 (45.503010110020774,-73.48584483194362)
1 (45.6194379344399,-73.33400630929083)
1 (45.59618039931627,-73.69040093091492)
1 (45.555198564146245,-73.26108788126092)
1 (45.300335807560906,-73.50529318802714)
1 (45.61244263547596,-73.43734971141625)
1 (45.574420793076804,-73.39689656234341)
1 (45.65687670577963,-73.74816362472286)
1 (45.71362501709851,-73.53210772722288)
1 (45.29959024611486,-73.38048897376493)
1 (45.34002028493524,-73.38709755057029)
1 (45.665461917355636,-73.67636821230222)
1 (45.43058199940656,-73.72634426730122)
1 (45.36338675009684,-73.63385622802437)
1 (45.434246177311216,-73.30202991300439)
1 (45.68873483701377,-73.51069046525433)
1 (45.58482870841313,-73.5804251096942)
1 (45.401440842817934,-73.37223926034989)
1 (45.71243447551576,-73.49280583788584)
1 (45.626736306416596,-73.29587136543373)
1 (45.692409689556584,-73.63373822587477)
1 (45.519775766320656,-73.29887008162936)
1 (45.647941578607025,-73.48923585733246)
1 (45.32027016627082,-73.39637088040186)
1 (45.64008524029659,-73.67133669754227)
1 (45.29873015367536,-73.51953183109568)
1 (45.33729847052879,-73.2640648525988)
1 (45.36203426700253,-73.33225164138209)
1 (45.555491002164096,-73.74853544588937)
1 (45.74277618112366,-73.2772307742867)
1 (45.599145324801306,-73.5721286241428)
1 (45.74420772939394,-73.45902610374601)
1 (45.51424223010213,-73.25820196298726)
1 (45.45058308979953,-73.73298053447044)
1 (45.68452481787645,-73.51872812231079)
1 (45.641322752621704,-73.6145143393931)
1 (45.66406062908406,-73.63253811409177)
1 (45.36665411835465,-73.35324509129266)
1 (45.74111217991084,-73.38651794085061)
1 (45.252248799613135,-73.73075915403696)
1 (45.47100215649791,-73.64614970528106)
1 (45.60086513554617,-73.33958765223683)
1 (45.29896017003526,-73.6252061876902)
1 (45.25011758009507,-73.28404542916593)
1 (45.41786370636034,-73.66220076974321)
1 (45.42723296568469,-73.41107225475415)
1 (45.67033700859944,-73.2833625102799)
1 (45.514016828889766,-73.33107058658267)
1 (45.60984684660637,-73.53844950181782)
1 (45.698241550714386,-73.62496488055302)
1 (45.28123553170171,-73.53663104348385)
1 (45.44128088632531,-73.25431309391641)
1 (45.36755684216802,-73.28496262447202)
1 (45.53605416906576,-73.29628097343353)
1 (45.57713155205368,-73.34164542612253)
1 (45.26420649927267,-73.71464582333097)
1 (45.51241495254872,-73.44030507088594)
1 (45.286939687414815,-73.45172636194827)
1 (45.27056961325839,-73.61994241945848)
1 (45.42002169694013,-73.68424113339375)
1 (45.674562195628425,-73.50800192601575)
1 (45.350241106467394,-73.62857825848316)
1 (45.32315431899252,-73.25117135940904)
1 (45.647935917793305,-73.30781460926303)
1 (45.578332711692745,-73.67006944547923)
1 (45.61821445513358,-73.70405342917152)
1 (45.67952524908247,-73.52989598695382)
1 (45.61209969994199,-73.7152542752794)
1 (45.3853747815852,-73.36941204175265)
1 (45.3880661265728,-73.31571019505954)
1 (45.395893670041794,-73.61528574323447)
1 (45.474301824515024,-73.28368218159143)
1 (45.30049773355867,-73.72788208855184)
1 (45.73251689301377,-73.30843135521087)
1 (45.43071907068643,-73.37799337556321)
1 (45.465232123781355,-73.72199527948386)
1 (45.27032279645067,-73.64179950416616)
1 (45.440220636950585,-73.51853464373981)
1 (45.49010389058262,-73.4235156837924)
1 (45.62813814528702,-73.72593238645568)
1 (45.72981595121899,-73.27172784168411)
1 (45.262365897783276,-73.58055790459308)
1 (45.44548415529416,-73.44633418248105)
1 (45.5337036788754,-73.32671407748549)
1 (45.47678113276051,-73.5183039176598)
1 (45.32678844659294,-73.31726562959709)
1 (45.46619456872341,-73.44413286966402)
1 (45.3899774235419,-73.43130264998318)
1 (45.379391644059865,-73.45091774813696)
1 (45.705922991844915,-73.64842376419425)
1 (45.634485899446915,-73.69638963551559)
1 (45.59617970040785,-73.42732858535828)
1 (45.74683804145842,-73.53103970064531)
1 (45.749922083423705,-73.3288898100898)
1 (45.43557291704238,-73.28663834152594)
1 (45.41421556699569,-73.60073083724326)
1 (45.31817067719058,-73.34699178382289)
1 (45.42127036622223,-73.70156487963851)
1 (45.64029098725402,-73.32269843503298)
1 (45.55672233967307,-73.48915752948962)
1 (45.44941484877874,-73.45195978583864)
1 (45.49222237362336,-73.52575473491783)
1 (45.722939377101866,-73.38416902914491)
1 (45.615479614952456,-73.66917399536881)
1 (45.70403680476395,-73.27204341796228)
1 (45.59139188916181,-73.31648665630672)
1 (45.581889501716994,-73.60148418251151)
1 (45.37901000140471,-73.35032513970211)
1 (45.67683880595789,-73.42614106642223)
1 (45.71082103317686,-73.50532891647184)
1 (45.45553620498601,-73.64582633505586)
1 (45.71319866404915,-73.52409888771338)
1 (45.50636107818609,-73.67446611145837)
1 (45.409857315085404,-73.60825997652628)
1 (45.551170115797305,-73.28419486881795)
1 (45.30375976259344,-73.29083763154814)
1 (45.65586915745652,-73.5874918600198)
1 (45.57716647653498,-73.4611338934152)
1 (45.52934932470916,-73.52892642592212)
1 (45.684377933814424,-73.36264454628655)
1 (45.66800444489702,-73.40212162260597)
1 (45.73720966036424,-73.45828923038252)
1 (45.61134844145867,-73.28596415771005)
1 (45.59935299258579,-73.61533167521766)
1 (45.723176237702376,-73.4068811632409)
1 (45.51251266730062,-73.6048480601554)
1 (45.70226317009819,-73.28117251097457)
1 (45.374575893810054,-73.43745659287282)
1 (45.45677339988652,-73.5729301983647)
1 (45.47805562298099,-73.56825205095251)
1 (45.54734852550817,-73.4189945875003)
1 (45.5956641185848,-73.49949463126698)
1 (45.61527367458511,-73.52268978992757)
1 (45.269111163677124,-73.28958248944816)
1 (45.56416878709495,-73.60274893989134)
1 (45.517084619993284,-73.44119342941724)
1 (45.25632884268205,-73.3028827070764)
1 (45.428859154112764,-73.59021108551221)
1 (45.61813741400507,-73.42086259029757)
1 (45.251092450870715,-73.35015675060909)
1 (45.322903844989305,-73.3037833819271)
1 (45.60710625064491,-73.58432850598994)
1 (45.634024924532646,-73.47833722815197)
1 (45.410313175408994,-73.27970441316141)
1 (45.54654797962128,-73.54147455988969)
1 (45.346438192811036,-73.58289747116598)
1 (45.561012900721224,-73.52774544431117)
1 (45.5027972055776,-73.42905520838018)
1 (45.25987632532068,-73.39490733336926)
1 (45.31713322219658,-73.54957723079127)
1 (45.33387233317828,-73.4290538720299)
1 (45.50337418284977,-73.48387975948515)
1 (45.32333942414614,-73.26456158107898)
1 (45.48716447064618,-73.54416639115294)
1 (45.59784432926807,-73.34257008098568)
1 (45.65013557228887,-73.49026999775954)
1 (45.49635951956472,-73.49450357256833)
1 (45.33861972794877,-73.46411093614321)
1 (45.589801232062925,-73.43431013576264)
1 (45.63987348145048,-73.510172422048)
1 (45.70791132002974,-73.27463768197201)
1 (45.36686645709724,-73.26962429087229)
1 (45.693266601627016,-73.7480837283406)
1 (45.52130398663925,-73.68133172472098)
1 (45.306625446251246,-73.61494913076996)
1 (45.72379035176868,-73.25296631921056)
1 (45.30987174465957,-73.27359364326165)
1 (45.70990293054726,-73.67979185709851)
1 (45.495492737130576,-73.35853446142018)
1 (45.49143548666502,-73.28742814478296)
1 (45.31482727759923,-73.61484653580072)
1 (45.67318246263688,-73.45800130744101)
1 (45.28124755393982,-73.57521678458951)
1 (45.6973742026234,-73.36656963092165)
1 (45.48898762900857,-73.5381718749446)
1 (45.46023632727335,-73.50656954156604)
1 (45.39350806027733,-73.55254266203116)
1 (45.30813489261992,-73.61925648733063)
1 (45.445086753998964,-73.55414592347256)
1 (45.37438210764,-73.26272142762693)
1 (45.25375179246864,-73.47595735863534)
1 (45.5620157076416,-73.36104368623201)
1 (45.69072302984475,-73.56271753616254)
1 (45.71272847141936,-73.66349650943076)
1 (45.69920455382338,-73.26495552314219)
1 (45.627612419330674,-73.6174523680889)
1 (45.5956716241733,-73.4658329129116)
1 (45.62149568960332,-73.71674005041451)
1 (45.29172069037247,-73.4070040347685)
1 (45.6993884919037,-73.4296867296846)
1 (45.656102375660566,-73.52685579349662)
1 (45.740917321678545,-73.33793270148078)
1 (45.666733060892945,-73.506033967204)
1 (45.26661557417257,-73.62833816033503)
1 (45.57328120667237,-73.63108035369876)
1 (45.43855143168244,-73.57590565148213)
1 (45.50235060610779,-73.63729850036114)
1 (45.4170124008399,-73.6356231972451)
1 (45.289333461683654,-73.47663339755077)
1 (45.554829291706035,-73.72548816198415)
1 (45.31368181869231,-73.47539369035577)
1 (45.66141032507186,-73.73170230874095)
1 (45.74764703072855,-73.6000628930893)
1 (45.7096697995032,-73.70013436372277)
1 (45.40246213445846,-73.53723896163036)
1 (45.39077363915894,-73.59562638558775)
1 (45.27049353622937,-73.51590965871287)
1 (45.34398768226655,-73.41257614560547)
1 (45.41706340106207,-73.25681413856485)
1 (45.70190270782728,-73.30645780383875)
1 (45.57144563989778,-73.62455899048248)
1 (45.294923575393824,-73.28654905464995)
1 (45.60296358244054,-73.48345004067424)