1800 1800
101 (45.5,-73.5)
1 (45.4531480523847,-73.36511289844705)
1 (45.54516863257237,-73.41766933921419)
1 (45.3286242382948,-73.39763810849047)
1 (45.448754762193325,-73.37046932835297)
1 (45.53646368966077,-73.67247272226173)
1 (45.60216441956508,-73.38547463771069)
1 (45.67940087312793,-73.61629025630636)
1 (45.55776760038768,-73.49597457483628)
1 (45.477127487670714,-73.27430906747534)
1 (45.44104597869909,-73.40525737580549)
1 (45.26909378243986,-73.50104055744089)
1 (45.70039042248601,-73.43258053073544)
1 (45.597457128809914,-73.55857246395723)
1 (45.275920548897055,-73.26528911669885)
1 (45.40547143963031,-73.56499886199354)
1 (45.6271609421402,-73.357887210365)
1 (45.60584933447535,-73.4655891948694)
1 (45.66145948866635,-73.35353549637978)
1 (45.38349207783032,-73.41364376835627)
1 (45.347708837527655,-73.67249091895603)
1 (45.5974708711402,-73.64671401047168)
1 (45.68323310331854,-73.4154224778444)
1 (45.53825600895223,-73.62697090647231)
1 (45.70562733571131,-73.46732997290776)
1 (45.577929159416065,-73.38198568854676)
1 (45.40588845105024,-73.65996072681627)
1 (45.423476685366936,-73.63404236276617)
1 (45.704351767653165,-73.55716199002795)
1 (45.74625088319437,-73.442331977065)
1 (45.59674828143619,-73.368525048317)
1 (45.41429874949452,-73.70298402357732)
1 (45.6641234607053,-73.67196965465139)
1 (45.398496468830295,-73.45687108614635)
1 (45.36740929900107,-73.5355857247158)
1 (45.658291042785585,-73.54447785048659)
1 (45.41511686787792,-73.27309187556472)
1 (45.43833869362498,-73.72085651453378)
1 (45.50091774523324,-73.44568865362818)
1 (45.4234429125117,-73.40179589044477)
1 (45.356808140520954,-73.33587707398915)
1 (45.60593360276835,-73.25481191942458)
1 (45.35710054013575,-73.46598107041277)
1 (45.51699165000642,-73.37542289625662)
1 (45.33866338272011,-73.315655605231)
1 (45.66141172950299,-73.30040319857906)
1 (45.37363007726076,-73.70857986912081)
1 (45.573909544061635,-73.6053144981658)
1 (45.44222450719653,-73.38882820398834)
1 (45.38431777159404,-73.31359443767356)
1 (45.30540076058566,-73.59207932527369)
1 (45.6388783272416,-73.30883761955431)
1 (45.369670964538756,-73.43586715517527)
1 (45.37532697591076,-73.39063466457463)
1 (45.46979541815527,-73.70649502943188)
1 (45.59057937588444,-73.54744033454733)
1 (45.26893544064456,-73.60802727769244)
1 (45.271566156962066,-73.43742230564517)
1 (45.390419788881886,-73.26094106217357)
1 (45.58212768369752,-73.47009764074465)
1 (45.45045158931046,-73.6945634267307)
1 (45.611867657070874,-73.26779421497876)
1 (45.35688310939405,-73.26833714866585)
1 (45.296477772276305,-73.65658040819973)
1 (45.5756120326823,-73.38225156850885)
1 (45.7132842150079,-73.69128609344205)
1 (45.54320299360061,-73.49644273031424)
1 (45.440629636683774,-73.55859407845034)
1 (45.52201463317469,-73.37401006225184)
1 (45.5451930321432,-73.52591125410292)
1 (45.452412628135576,-73.58951478480596)
1 (45.52746285589272,-73.4118341772813)
1 (45.25557525094624,-73.70841825918978)
1 (45.71231703646378,-73.34650459190279)
1 (45.57994865888955,-73.63988638046146)
1 (45.61902707426135,-73.36700541991452)
1 (45.664585076220106,-73.49692916886795)
1 (45.28299143607514,-73.65417857631459)
1 (45.31339749004483,-73.36376265837366)
1 (45.33011676405227,-73.46285132702022)
1 (45.435790657404475,-73.67057305295407)
1 (45.32400390153653,-73.52743818072445)
1 (45.71117856826029,-73.41053128412891)
1 (45.51595870240813,-73.43924120102531)
1 (45.67757477763251,-73.70294890917427)
1 (45.628336248855575,-73.69050162315808)
1 (45.4277423696978,-73.7098842078756)
1 (45.6928399796617,-73.2633614146403)
1 (45.620316282049785,-73.65130066458582)
1 (45.747135891711636,-73.3093738507159)
1 (45.677861599206416,-73.63604745043385)
1 (45.365504909063645,-73.61705766364034)
1 (45.34900696004018,-73.73247493278481)
1 (45.56224516197619,-73.701219497052)
1 (45.25759332308138,-73.64341606341155)
1 (45.5601488149934,-73.46837543011961)
1 (45.64820367039977,-73.52555727719138)
1 (45.260616651615635,-73.5175823011401)
1 (45.26449055588998,-73.40289092514077)
1 (45.4868368573947,-73.72534517041915)
1 (45.66439374286914,-73.2679837642301)
1 (45.69694253720912,-73.33699791410221)
1 (45.284641115913715,-73.3432143155087)
1 (45.38017605204052,-73.34505923925391)
1 (45.71585192971553,-73.58692478207567)
1 (45.2558263121128,-73.47754675824258)
1 (45.43911205735707,-73.37660113638844)
1 (45.692068618291934,-73.64608758950494)
1 (45.70506681784048,-73.38273794230933)
1 (45.44982477201939,-73.71489406250323)
1 (45.3073777136646,-73.46296268721579)
1 (45.43537466121863,-73.44727878609083)
1 (45.71381506078613,-73.45628692467211)
1 (45.6146884889544,-73.46636375711016)
1 (45.370309552063176,-73.54201989594516)
1 (45.60231250973553,-73.53099353357172)
1 (45.48596131503876,-73.34692316794172)
1 (45.6881289584594,-73.37659324359292)
1 (45.7403058699458,-73.73760264298468)
1 (45.706424639392125,-73.30381734158163)
1 (45.628062280981005,-73.72292733044952)
1 (45.68344041285994,-73.6153157788262)
1 (45.57113951458745,-73.61343247694955)
1 (45.621937490293035,-73.40279942715974)
1 (45.48285268446254,-73.54120723327439)
1 (45.594304548698155,-73.57281747810005)
1 (45.66510183189784,-73.63468522199783)
1 (45.51934305290711,-73.37026449670249)
1 (45.25569155836236,-73.56804940707026)
1 (45.59210620965676,-73.51361573919742)
1 (45.42002070160152,-73.36463046638893)
1 (45.321030714782815,-73.39524450288226)
1 (45.59904679794831,-73.72772086243202)
1 (45.50208820227378,-73.62390594719945)
1 (45.38373119610086,-73.30064492749244)
1 (45.725797073289115,-73.4945770825842)
1 (45.48509621157127,-73.62071812652532)
1 (45.66967330440106,-73.26332339983257)
1 (45.30857655277436,-73.62889644074359)
1 (45.47606221857548,-73.38171765572288)
1 (45.32152311128005,-73.42846040057833)
1 (45.4532817144867,-73.60656727955067)
1 (45.723517896383036,-73.55199539268459)
1 (45.6666202850025,-73.64631196922171)
1 (45.39058466861977,-73.29622363881724)
1 (45.70497190105142,-73.73543358608907)
1 (45.6664307403386,-73.71891067713872)
1 (45.51875269700565,-73.74257613679708)
1 (45.316531009419265,-73.66111245187207)
1 (45.72523311906547,-73.61680380725474)
1 (45.34416626764733,-73.66144687172208)
1 (45.66853197842414,-73.65953072413697)
1 (45.391453358511896,-73.36686683267514)
1 (45.30325764572842,-73.27713635717387)
1 (45.612955811438866,-73.51657956845322)
1 (45.64314444322405,-73.52113618716092)
1 (45.714639204470124,-73.28230029867969)
1 (45.57902089432496,-73.35900755603554)
1 (45.296736271398096,-73.6889457531064)
1 (45.32405969997761,-73.7393761421709)
1 (45.725512687264775,-73.51516670546589)
1 (45.588497425131465,-73.62024899056287)
1 (45.4859749940428,-73.48278604413369)
1 (45.320875366258825,-73.71833552598504)
1 (45.33523832421557,-73.68825222497905)
1 (45.47834126164091,-73.31122825649344)
1 (45.5845718717918,-73.60763579383529)
1 (45.30466480238285,-73.48232065013)
1 (45.4870661840117,-73.61948965778554)
1 (45.50135819953,-73.74081985151933)
1 (45.497417088183376,-73.33706176202048)
1 (45.47465622712171,-73.47606764466526)
1 (45.6004966204438,-73.62289176258085)
1 (45.52909868427428,-73.71661313428721)
1 (45.47618244672777,-73.47474134621201)
1 (45.45707123716513,-73.66008662726547)
1 (45.479342746406395,-73.52210061959877)
1 (45.442899052868356,-73.41990419614008)
1 (45.26592448351107,-73.65718126117562)
1 (45.55995087316717,-73.39918808195857)
1 (45.38876871883415,-73.34334976703524)
1 (45.38969942125916,-73.6510186021787)
1 (45.32007744632053,-73.39737239478237)
1 (45.43279736218069,-73.51723856335391)
1 (45.631382003955125,-73.529636093608)
1 (45.5139663146979,-73.2555117477421)
1 (45.476414344133794,-73.64867793787671)
1 (45.3048596681446,-73.26619250505551)
1 (45.57745763764491,-73.39289834930089)
1 (45.4020482071346,-73.4167938353138)
1 (45.61155406406055,-73.54325146672895)
1 (45.600890961599326,-73.33244705065454)
1 (45.72937284025474,-73.3959990301704)
1 (45.60029188432164,-73.37572625148034)
1 (45.41659286016187,-73.3342819230081)
1 (45.35820610676794,-73.37856669717223)
1 (45.52532978835586,-73.73130673395703)
1 (45.693248135751645,-73.51273623346536)
1 (45.561438118103545,-73.44636246415193)
1 (45.49386735540945,-73.49342474757809)
1 (45.71244499590557,-73.53767561944463)
1 (45.55329452245803,-73.60299680975645)
1 (45.64042271124438,-73.413279819871)
1 (45.5958263791093,-73.29880838088127)
1 (45.744283178057614,-73.47261900297994)
1 (45.49800357306674,-73.43021869200642)
1 (45.41677799740232,-73.35752134000485)
1 (45.53685060217087,-73.33553415388054)
1 (45.28291384523149,-73.73147392998672)
1 (45.71658446432647,-73.31960118840819)
1 (45.50854352230474,-73.54079629868718)
1 (45.33506226107098,-73.72712097031372)
1 (45.51056875770837,-73.48035358724863)
1 (45.451726259109165,-73.52548885670276)
1 (45.28349174346141,-73.38986861396036)
1 (45.309917917949875,-73.49406724581004)
1 (45.58097825367481,-73.54468442732271)
1 (45.54817099280147,-73.28428091114043)
1 (45.355645583421605,-73.27699760367601)
1 (45.707456991934414,-73.2667791889025)
1 (45.665464808224755,-73.57012483733017)
1 (45.60434449108894,-73.71814014253263)
1 (45.70096732359398,-73.70928385114037)
1 (45.59364709164443,-73.52019707178998)
1 (45.673871586646555,-73.74766238367381)
1 (45.588373258482676,-73.65004828748378)
1 (45.53479659916206,-73.45621693917651)
1 (45.4396543513276,-73.32816648188646)
1 (45.35540454694584,-73.56968627493879)
1 (45.40481545842577,-73.26575471397375)
1 (45.71861591314179,-73.51972196587501)
1 (45.44786713139295,-73.51060111119786)
1 (45.609465828853956,-73.45883213040561)
1 (45.52343412688884,-73.43316528114897)
1 (45.588721590301326,-73.72600169383708)
1 (45.292500782874136,-73.42148442101549)
1 (45.461556801733586,-73.48639582681722)
1 (45.40634071852324,-73.36471826657052)
1 (45.72437841390089,-73.59347132441323)
1 (45.5736120265824,-73.5007565862298)
1 (45.284328832731546,-73.27211324633323)
1 (45.594837220413496,-73.68329425975475)
1 (45.29803596655578,-73.50608252894911)
1 (45.40835074706311,-73.58813392636833)
1 (45.46885980858892,-73.53210294045738)
1 (45.442284757408714,-73.3272067774192)
1 (45.275185003862035,-73.59633388872895)
1 (45.70827756212608,-73.37190760391593)
1 (45.37623470715179,-73.61676851424454)
1 (45.604327054459866,-73.60482066690786)
1 (45.35643164739446,-73.61726441660682)
1 (45.31657510589933,-73.72076833881022)
1 (45.524508166311165,-73.2554575034295)
1 (45.522796683667934,-73.58434501222959)
1 (45.679367900805204,-73.45772711457542)
1 (45.3039813153959,-73.52170423632026)
1 (45.591127327788776,-73.59967387288425)
1 (45.264632308732864,-73.3793474862498)
1 (45.42281634641318,-73.33023947495603)
1 (45.34727269952156,-73.52201841387134)
1 (45.43589291467324,-73.5316406967045)
1 (45.70213507430056,-73.26553700130475)
1 (45.58102720191221,-73.53570774162358)
1 (45.739125794831374,-73.54851340108924)
1 (45.47453691325561,-73.58001018930997)
1 (45.64589220016078,-73.43936162785542)
1 (45.30040599319417,-73.58432174581829)
1 (45.70318498440346,-73.35188916626521)
1 (45.357994680233034,-73.65951771118955)
1 (45.66669592406807,-73.6039683838561)
1 (45.29634979567243,-73.32691745705786)
1 (45.313164627092654,-73.69940164293178)
1 (45.53744984210414,-73.72637686279633)
1 (45.46778601332595,-73.44307221090651)
1 (45.49277025912365,-73.6261037470523)
1 (45.43981386352243,-73.71382861347615)
1 (45.42023002761708,-73.31621230884994)
1 (45.2937437318615,-73.41828053497179)
1 (45.65188153607122,-73.4714505183111)
1 (45.27457196039599,-73.33178984210788)
1 (45.4466314908949,-73.30632739067218)
1 (45.48736573997561,-73.70042067185963)
1 (45.38683122069501,-73.31803501944489)
1 (45.60374259301245,-73.62946834763487)
1 (45.54275088589101,-73.61910329919806)
1 (45.43084569056142,-73.42041670248162)
1 (45.5747524145655,-73.30264310769617)
1 (45.632014931294535,-73.63877968228766)
1 (45.52940221627195,-73.45832673590357)
1 (45.73259187604172,-73.3002627986914)
1 (45.31281511931918,-73.36692247814146)
1 (45.279159850982374,-73.65203602881478)
1 (45.69219711334693,-73.5452428976218)
1 (45.64600901391789,-73.59963990412355)
1 (45.684854919836305,-73.69178466852819)
1 (45.49872928058624,-73.38815212737542)
1 (45.34286654437225,-73.69613063425798)
1 (45.33157224578466,-73.68872256083564)
1 (45.73115729587367,-73.72235265429778)
1 (45.2925868679171,-73.26843974386958)
1 (45.326902167180045,-73.45819686496938)
1 (45.698521433977795,-73.43272278245249)
1 (45.6389755070872,-73.43775107745154)
1 (45.72009806992005,-73.42503768750642)
1 (45.55759534777788,-73.39558671066492)
1 (45.68750407285282,-73.44871791735183)
1 (45.296360221758746,-73.39503579342555)
1 (45.32580776394778,-73.44002419728446)
1 (45.281551971186836,-73.49230668543592)
1 (45.4804946939711,-73.67030927220497)
1 (45.47687915826214,-73.45155971630139)
1 (45.534433562430344,-73.68825856734875)
1 (45.405761281956885,-73.51385749045427)
1 (45.74931910081772,-73.5306584356869)
1 (45.547804622735796,-73.4450718737615)
1 (45.68700294770474,-73.53199887187665)
1 (45.34129677659367,-73.54437344375016)
1 (45.67911136075622,-73.44944818815303)
1 (45.71934720082074,-73.48584638016979)
1 (45.516962226421384,-73.49034271533675)
1 (45.4437272539503,-73.29106533900044)
1 (45.628031878668814,-73.68431478436013)
1 (45.47751379613058,-73.39013845152792)
1 (45.490085677336026,-73.38153790975095)
1 (45.25531627306111,-73.62276371086033)
1 (45.4095745433172,-73.48229864776582)
1 (45.46816800881676,-73.65926407010507)
1 (45.55701278387076,-73.31120975520943)
1 (45.37908803878922,-73.68435922918886)
1 (45.30879111068486,-73.34186012564814)
1 (45.7248710059173,-73.28360041131558)
1 (45.49224175016398,-73.25455208231391)
1 (45.439837812027974,-73.30393724812964)
1 (45.568760945721266,-73.57100742181092)
1 (45.25808110409509,-73.52580371142291)
1 (45.6184075160933,-73.35552872907346)
1 (45.71216509207078,-73.28440332552962)
1 (45.70863423832019,-73.70208335984145)
1 (45.648290026464196,-73.71254158806155)
1 (45.339672250199136,-73.44113241348775)
1 (45.620607619460685,-73.5463965561182)
1 (45.659576870831664,-73.69875808251057)
1 (45.41067417704479,-73.43903666724376)
1 (45.53305657697103,-73.6237478121782)
1 (45.44195432399966,-73.46428760470984)
1 (45.32994501196184,-73.26577429185285)
1 (45.52383877906112,-73.46571824944607)
1 (45.471539521149836,-73.73966583982886)
1 (45.66481532210814,-73.61205838343538)
1 (45.33601749142556,-73.44699215414335)
1 (45.640233313755516,-73.46127917764176)
1 (45.57775548883781,-73.7467958243141)
1 (45.58652719624839,-73.51086016613304)
1 (45.25961430215207,-73.57228059724322)
1 (45.62081610965797,-73.62143445733466)
1 (45.43211618238795,-73.5796226579564)
1 (45.35247150041469,-73.34504702802475)
1 (45.41892909441907,-73.48880194199148)
1 (45.6615463662475,-73.56767870577893)
1 (45.58418577258992,-73.33445563096684)
1 (45.2678848026349,-73.48848155654585)
1 (45.26390398263818,-73.38723671059921)
1 (45.404281726440416,-73.30533931944177)
1 (45.34113733315739,-73.53301588967642)
1 (45.3372383090695,-73.557909568717)
1 (45.63247462975021,-73.40849546059118)
1 (45.54965941734612,-73.39522204573797)
1 (45.33211866359374,-73.5874094454027)
1 (45.611265116156694,-73.5852008964101)
1 (45.72901392622779,-73.59146461018585)
1 (45.61453922646237,-73.36814610513848)
1 (45.27235579228823,-73.46453249402047)
1 (45.546713384984436,-73.27525291901779)
1 (45.31130220256667,-73.59733305522974)
1 (45.601586343926584,-73.2866654341978)
1 (45.475821969269965,-73.42295601305935)
1 (45.7089033912056,-73.69135390860372)
1 (45.69735219168074,-73.52104643554411)
1 (45.47357222251114,-73.73327322912996)
1 (45.29030060065929,-73.57033648952928)
1 (45.27216672605063,-73.58480284096602)
1 (45.3284168551703,-73.47543601098697)
1 (45.44997156421022,-73.37938643125854)
1 (45.25367006462899,-73.36439961491155)
1 (45.398245635281604,-73.46058280847173)
1 (45.749508233999556,-73.50856896411048)
1 (45.26843364843627,-73.66440712907938)
1 (45.395238514462996,-73.55554390109926)
1 (45.6977307604661,-73.34588470672102)
1 (45.493755336969954,-73.28986698168322)
1 (45.6787059057825,-73.48915776040546)
1 (45.73095699222991,-73.44411099039483)
1 (45.60461525078847,-73.60327810365636)
1 (45.48192934300932,-73.37554004744138)
1 (45.56158817216166,-73.70298698874966)
1 (45.626338686712806,-73.70036964687617)
1 (45.61904355820547,-73.50532627982498)
1 (45.67346408968524,-73.73888230206371)
1 (45.69049549374999,-73.53884299957896)
1 (45.32591272244249,-73.37026015381021)
1 (45.49833279103185,-73.66244219567294)
1 (45.3303001276879,-73.62597681705256)
1 (45.278207705204956,-73.52561136999307)
1 (45.57304046621277,-73.56494621245895)
1 (45.601345106400736,-73.27078226654592)
1 (45.379880309965564,-73.67235620929634)
1 (45.57638394588355,-73.28201407492128)
1 (45.3689224883303,-73.70722098872567)
1 (45.7162888266946,-73.52197493596807)
1 (45.48862517663152,-73.59116587221519)
1 (45.420420101836626,-73.4713667051597)
1 (45.54462434751681,-73.58281430985402)
1 (45.3270268088206,-73.39148076023606)
1 (45.58221616765547,-73.61837688810112)
1 (45.73722752084517,-73.57149073973953)
1 (45.44494927338638,-73.31964787741983)
1 (45.39796994141568,-73.39738101352616)
1 (45.674014831325955,-73.2755952224656)
1 (45.658510872789954,-73.48907765365027)
1 (45.64798596384433,-73.2930853088387)
1 (45.382633982205654,-73.2963916122331)
1 (45.487946131277525,-73.38601439539087)
1 (45.507123498895304,-73.42280187104691)
1 (45.26915943349467,-73.33022402636593)
1 (45.28593787509923,-73.55889923735353)
1 (45.48717403869542,-73.6540582046213)
1 (45.54907817056706,-73.25447933378902)
1 (45.52361330549128,-73.46127560837154)
1 (45.73532159160321,-73.3398166063696)
1 (45.54489741190872,-73.4942605501045)
1 (45.528791627442565,-73.62256863211076)
1 (45.34575142704041,-73.3410818267579)
1 (45.640761759074294,-73.53705365051074)
1 (45.61859441331472,-73.66992924391758)
1 (45.630140744592325,-73.70731148589621)
1 (45.489767025901074,-73.33881286981874)
1 (45.648763034712104,-73.40440157492664)
1 (45.41404354407662,-73.67714056099051)
1 (45.63090873201861,-73.6318095419857)
1 (45.659987656894664,-73.66889497068169)
1 (45.72040349898472,-73.56062660607789)
1 (45.650449356547334,-73.68461149279277)
1 (45.6431991903137,-73.25833437657013)
1 (45.34486380186766,-73.31121407846892)
1 (45.28851209072132,-73.61157035544859)
1 (45.663001107400824,-73.71499661213258)
1 (45.45739644424955,-73.53416740360328)
1 (45.65342949505356,-73.34364251292139)
1 (45.57405627933204,-73.47705362251398)
1 (45.70419232574207,-73.6281562914424)
1 (45.63225010854666,-73.41626678318042)
1 (45.57806294531112,-73.68493556372127)
1 (45.266818015016135,-73.3893805921443)
1 (45.430229540550705,-73.34194331308517)
1 (45.59866201329606,-73.27905807924179)
1 (45.73237537444822,-73.62104477036715)
1 (45.4004361859462,-73.40524016369636)
1 (45.683858227410965,-73.60105459542888)
1 (45.669753663074175,-73.58464560036163)
1 (45.7380560691855,-73.36289484756217)
1 (45.376893656817074,-73.64780147500721)
1 (45.30993410339901,-73.47949503969596)
1 (45.474792331147654,-73.46974121395974)
1 (45.55950199635414,-73.25867110745328)
1 (45.72052695010925,-73.37080029521181)
1 (45.3650679306633,-73.67720023251094)
1 (45.4595539590825,-73.27860759377324)
1 (45.710059833595786,-73.65866430270374)
1 (45.266636841895625,-73.31141333842295)
1 (45.70767193894233,-73.54636507993376)
1 (45.720700937077545,-73.44631276170601)
1 (45.37870873163114,-73.30571961880268)
1 (45.61477784040926,-73.67371721317363)
1 (45.57973592697277,-73.65802499241784)
1 (45.56675283475393,-73.5115927609588)
1 (45.651011917410464,-73.49933685507746)
1 (45.301804778222824,-73.45952907828654)
1 (45.416661298318594,-73.59443674490905)
1 (45.32322835516079,-73.41361939978883)
1 (45.62316510030984,-73.65646863829694)
1 (45.27475463154365,-73.73842561948803)
1 (45.74648104314543,-73.5278056799538)
1 (45.524536540750766,-73.6019698171198)
1 (45.332970062632626,-73.26706340658279)
1 (45.368641614935854,-73.32373751056355)
1 (45.664793843239686,-73.52090629980096)
1 (45.260195336447424,-73.36409489503328)
1 (45.556561340700625,-73.61740020495729)
1 (45.61924378045742,-73.69631599944884)
1 (45.496740412379474,-73.36014298614634)
1 (45.56795569874574,-73.6495833252415)
1 (45.644714232508,-73.52926214572884)
1 (45.36595915834796,-73.39286860796538)
1 (45.38235015622458,-73.60659779292192)
1 (45.391409374594126,-73.54551819438475)
1 (45.69756220586072,-73.73799528074551)
1 (45.72480963472732,-73.45066079793565)
1 (45.646586431470695,-73.4256122109658)
1 (45.74465834155873,-73.43222291388062)
1 (45.50155190944672,-73.40749986165287)
1 (45.636670644418885,-73.37538052905707)
1 (45.4404182537418,-73.63044970468864)
1 (45.35162429751423,-73.72369355660786)
1 (45.27746378252854,-73.65520094752735)
1 (45.32080482592916,-73.47396241598379)
1 (45.26424691650506,-73.25058593074877)
1 (45.65257603117427,-73.47201418400864)
1 (45.413326529033725,-73.33504498211923)
1 (45.5887777278732,-73.26916862233658)
1 (45.610015314602926,-73.31017356923653)
1 (45.695453005826415,-73.4900524158819)
1 (45.48105347781151,-73.7015694826158)
1 (45.5988337623063,-73.58772309105665)
1 (45.58332837880736,-73.37722850974221)
1 (45.55456319247579,-73.521731643912)
1 (45.46062900914953,-73.45309255529051)
1 (45.25581049052624,-73.28879623019728)
1 (45.49191252302422,-73.319084423391)
1 (45.5442332724206,-73.36417724923899)
1 (45.72067315500093,-73.52706918995956)
1 (45.58666927661893,-73.47463671689908)
1 (45.5117424099701,-73.57466245949375)
1 (45.61998944290431,-73.72103337040102)
1 (45.429212452432395,-73.39566113429285)
1 (45.54672066625805,-73.40014743805963)
1 (45.667163007729926,-73.62910307927078)
1 (45.484846740976536,-73.44124720570086)
1 (45.69348534028296,-73.48456727382401)
1 (45.33662234349225,-73.67320244278507)
1 (45.48633520949018,-73.25130670196748)
1 (45.54328523469138,-73.67261772787796)
1 (45.352609928949754,-73.71316144909147)
1 (45.43522796715119,-73.71250162338598)
1 (45.31833294042721,-73.42993033600659)
1 (45.47049102285253,-73.33440569455499)
1 (45.471942608378846,-73.52898443086445)
1 (45.67836498174774,-73.30476024214879)
1 (45.423220191683484,-73.31838670285752)
1 (45.28944038125774,-73.68830177646103)
1 (45.71295536515587,-73.68463706311672)
1 (45.33861947726503,-73.47802993496343)
1 (45.57143570052047,-73.3743930746966)
1 (45.47340489606933,-73.66204977258231)
1 (45.37746004653177,-73.38012142508732)
1 (45.28620624113447,-73.28294826806037)
1 (45.51381380226246,-73.25461646392377)
1 (45.71645597069203,-73.4550216709122)
1 (45.55000766207032,-73.26867682465083)
1 (45.436002229530224,-73.44871359442159)
1 (45.308569251351315,-73.39996217326802)
1 (45.639546684620505,-73.3300415053253)
1 (45.387290875071386,-73.6991575153141)
1 (45.31082135169179,-73.25558214828304)
1 (45.61657436948818,-73.62205246748168)
1 (45.32474917829647,-73.37075488273129)
1 (45.728377800533366,-73.44299918375597)
1 (45.67600894713724,-73.34068418017246)
1 (45.70125654542504,-73.37644236417988)
1 (45.695225687723955,-73.35884107515372)
1 (45.324605183577766,-73.52882069416974)
1 (45.32543392025916,-73.5289561342299)
1 (45.49444415753476,-73.2831193309026)
1 (45.38351133210207,-73.30036436835069)
1 (45.61295919058338,-73.68270847532644)
1 (45.723956759428894,-73.65598562182635)
1 (45.71448916351448,-73.32983384497705)
1 (45.35568681175159,-73.50556190062352)
1 (45.581771793820714,-73.74722990623374)
1 (45.336451386474856,-73.72456610754575)
1 (45.64799444697769,-73.56880753247759)
1 (45.68401907861642,-73.50136447853973)
1 (45.40256105261468,-73.32722300807727)
1 (45.598459231298406,-73.61175822173364)
1 (45.33147396039865,-73.49236595834498)
1 (45.48564824464965,-73.43094753243575)
1 (45.62684323084795,-73.28540903301233)
1 (45.608553443965526,-73.41825449274282)
1 (45.49427388454981,-73.64804284729162)
1 (45.66989864507899,-73.46960890331668)
1 (45.37174499795379,-73.58587498554678)
1 (45.747491396893906,-73.42684447640946)
1 (45.749082922126995,-73.42870255051014)
1 (45.26179237029005,-73.66127046383113)
1 (45.54324384320035,-73.35847284962252)
1 (45.554233728475104,-73.51177702746125)
1 (45.6413597929659,-73.3482277799555)
1 (45.694343276454646,-73.4549003580705)
1 (45.270864700820916,-73.4321824416517)
1 (45.31390790566272,-73.71581676862188)
1 (45.294006119325424,-73.48831933953642)
1 (45.58720966570769,-73.59515279954104)
1 (45.35266105362786,-73.46048480045148)
1 (45.437794515888086,-73.5867914015308)
1 (45.50861275746546,-73.67695481165634)
1 (45.65428373168184,-73.39652223068434)
1 (45.6343086430499,-73.63679289649741)
1 (45.340414396219536,-73.74042697857251)
1 (45.309607782620965,-73.3340530811765)
1 (45.50779583826882,-73.30530881682229)
1 (45.371139684426645,-73.37298663476912)
1 (45.64379465738988,-73.49126779091017)
1 (45.5426342171277,-73.29489150250474)
1 (45.25151193975794,-73.5286920518251)
1 (45.74694610665554,-73.68909897458693)
1 (45.663991900597985,-73.26847792103703)
1 (45.263485526262244,-73.29682264776169)
1 (45.38060202023121,-73.38520940740015)
1 (45.34837948033204,-73.43719998797567)
1 (45.25995053197209,-73.40832123807559)
1 (45.278927250948314,-73.68983751995913)
1 (45.6307578491895,-73.40593689643264)
1 (45.51877619445602,-73.35752591464816)
1 (45.74977443907319,-73.2901166941475)
1 (45.32573261935287,-73.30652199405361)
1 (45.54413814363071,-73.59066836679175)
1 (45.640235683681176,-73.33989978554972)
1 (45.72449017647014,-73.65746594218852)
1 (45.499260480447035,-73.30195352999749)
1 (45.64471924356474,-73.59839057112193)
1 (45.517779994234424,-73.6384908704967)
1 (45.7143796528183,-73.34154989138759)
1 (45.66790351703922,-73.64908492437584)
1 (45.74062939491131,-73.52635057198808)
1 (45.66442278477953,-73.6629594734219)
1 (45.28796056705644,-73.47829140316308)
1 (45.73473506272903,-73.35016193986041)
1 (45.49604483989784,-73.30701276258723)
1 (45.41097587526367,-73.34403417802254)
1 (45.28869267183544,-73.68618067307554)
1 (45.7326823797066,-73.29972184356471)
1 (45.540225782826376,-73.62720202141777)
1 (45.3894214139441,-73.44656828711592)
1 (45.53948797395762,-73.54656043825949)
1 (45.364554844780464,-73.6097195333438)
1 (45.506270397799,-73.6487300613263)
1 (45.56367793582097,-73.57812242811355)
1 (45.470103035621904,-73.60316772341173)
1 (45.724254807426284,-73.582328294299)
1 (45.517164920193935,-73.68480181542353)
1 (45.60658825973902,-73.51612016850129)
1 (45.747491467627356,-73.47272908237976)
1 (45.560499630569616,-73.3909619651136)
1 (45.26170805181158,-73.36149874520078)
1 (45.546957516010515,-73.3516234460984)
1 (45.614194744802575,-73.53340612661857)
1 (45.56938265926843,-73.40506540374308)
1 (45.42788779226315,-73.66863589471193)
1 (45.735469248097,-73.32277480326967)
1 (45.264849527945685,-73.53288834598831)
1 (45.327101579579924,-73.46922017737235)
1 (45.38628868437738,-73.67928960222945)
1 (45.3033079062792,-73.58595317398353)
1 (45.71588946235509,-73.33293000198525)
1 (45.599182005909555,-73.32211222832747)
1 (45.64110779853951,-73.5922927640197)
1 (45.41231572528144,-73.54769029112195)
1 (45.74851981232427,-73.38212791633923)
1 (45.3875246957968,-73.71590861594326)
1 (45.691357462364394,-73.62699449831658)
1 (45.720512128691134,-73.25539433254977)
1 (45.6300428234496,-73.383737177214)
1 (45.70160421925992,-73.67158990353487)
1 (45.56983281102359,-73.67458104080845)
1 (45.61180384958036,-73.71992790687656)
1 (45.44361205664068,-73.50032158221819)
1 (45.66514750773102,-73.68078538360722)
1 (45.45242248872842,-73.48525487990493)
1 (45.36371383193881,-73.41808709800188)
1 (45.48149387252943,-73.31203557596783)
1 (45.69462016558318,-73.53965774397761)
1 (45.35534037179802,-73.54556884016414)
1 (45.55195706134685,-73.5980285687941)
1 (45.2819140158693,-73.62033475100262)
1 (45.610848809093525,-73.37538425246187)
1 (45.562856617737225,-73.67521214077311)
1 (45.61569140812466,-73.38569150632345)
1 (45.51456763135812,-73.56391159901621)
1 (45.6701075356359,-73.30078118573346)
1 (45.55310609329256,-73.74754515608865)
1 (45.632271694715975,-73.56526129351545)
1 (45.544870641849236,-73.3886535998294)
1 (45.62599655325397,-73.50761853157744)
1 (45.314552318273265,-73.31317988650481)
1 (45.47533507426769,-73.2817218572837)
1 (45.632030779406264,-73.588420294088)
1 (45.558441293200474,-73.48417161191766)
1 (45.57068507868811,-73.28090295978653)
1 (45.65504573472352,-73.28854346252406)
1 (45.34101629329846,-73.50843633398222)
1 (45.33113988285644,-73.4175568160262)
1 (45.55552974540252,-73.68523801094817)
1 (45.26432727243798,-73.73855290575426)
1 (45.37350048755633,-73.37809746716843)
1 (45.66378729044035,-73.71639800561216)
1 (45.60754655989992,-73.44494431669568)
1 (45.579910649046006,-73.39103298581476)
1 (45.647860175514275,-73.61498613154036)
1 (45.430404231262536,-73.46437065826396)
1 (45.47449786002186,-73.3917486926989)
1 (45.49202600481405,-73.48309799307314)
1 (45.58330631944393,-73.61689366445951)
1 (45.42009891224159,-73.49017058288861)
1 (45.3468615631504,-73.72360727266737)
1 (45.56156636514245,-73.3883923515928)
1 (45.668224745264745,-73.63364606858724)
1 (45.42158967836092,-73.61445402402762)
1 (45.26236874187132,-73.4117943078816)
1 (45.62855142031273,-73.56115899552108)
1 (45.51780531591931,-73.68552996912476)
1 (45.617816954431966,-73.5092961861333)
1 (45.64924379957168,-73.46611469183479)
1 (45.5207194337761,-73.6387245582779)
1 (45.25103744222413,-73.37011590204388)
1 (45.401972221742014,-73.48071473018955)
1 (45.40072498042726,-73.33753712139386)
1 (45.53607550750539,-73.45044819049336)
1 (45.64215022910172,-73.2742756835985)
1 (45.3512725458876,-73.35980561276247)
1 (45.498443635551816,-73.61254489343342)
1 (45.49822421127818,-73.55618083568122)
1 (45.62657535579686,-73.58319069150095)
1 (45.71980840654735,-73.56303762242433)
1 (45.327240207006405,-73.52850091680016)
1 (45.308314823039716,-73.31228195468506)
1 (45.36651073093777,-73.35314802039446)
1 (45.43679327471478,-73.25725285325103)
1 (45.448995146549734,-73.71432424030984)
1 (45.542427228191464,-73.33824038259776)
1 (45.70616314397971,-73.28992134573113)
1 (45.72154287068402,-73.43991980188761)
1 (45.72805277925653,-73.43577450154613)
1 (45.26822652006301,-73.63194641722471)
1 (45.47174795016647,-73.74953343260997)
1 (45.551512313615845,-73.62018608573788)
1 (45.325816384764245,-73.49964157108586)
1 (45.37971471076636,-73.4566618563187)
1 (45.69632402172301,-73.55319700819992)
1 (45.344719189109114,-73.66127755445459)
1 (45.707092502549884,-73.34613704651478)
1 (45.373907292941766,-73.49773488521684)
1 (45.47454198378842,-73.58323106468802)
1 (45.342880823836076,-73.71979069170322)
1 (45.425762670667204,-73.73378447970298)
1 (45.61826314727582,-73.66210680405342)
1 (45.27738390447247,-73.50174933000382)
1 (45.30659372288629,-73.59242527681627)
1 (45.582360608071454,-73.29610534560618)
1 (45.28269559218033,-73.26865722423285)
1 (45.68197260283118,-73.30891787267731)
1 (45.25888338064636,-73.65570402077192)
1 (45.471133120742415,-73.62439749077619)
1 (45.734993036985045,-73.25243495803015)
1 (45.59652862121012,-73.3325786265106)
1 (45.63845264810301,-73.45922620944374)
1 (45.559162730557,-73.40590294691208)
1 (45.32347695680169,-73.38082107826594)
1 (45.68555305927859,-73.61603576789258)
1 (45.34895655074699,-73.40800210953373)
1 (45.56513020653933,-73.5216621419329)
1 (45.59572578079759,-73.35467138309934)
1 (45.32531433482978,-73.5458018767234)
1 (45.31563207896684,-73.34441509190418)
1 (45.53029511292362,-73.38335111450729)
1 (45.62719237105805,-73.54248492542513)
1 (45.544717035142284,-73.43610055673282)
1 (45.28561058806485,-73.71535827614927)
1 (45.39927249032779,-73.6633988949057)
1 (45.25854361299522,-73.47064552526858)
1 (45.53163100220943,-73.66192265105035)
1 (45.73324138566365,-73.38509265484737)
1 (45.25318383290188,-73.44768169908862)
1 (45.66554987271398,-73.56778315935796)
1 (45.40975869269712,-73.307432739987)
1 (45.35675427402105,-73.52937350506022)
1 (45.46276042932051,-73.71509093870931)
1 (45.310352764061115,-73.5363021201908)
1 (45.61611904161817,-73.67152285944623)
1 (45.277589502086705,-73.42139198964047)
1 (45.65397725656041,-73.42327189138469)
1 (45.44793916330774,-73.599122812697)
1 (45.334225866858816,-73.34731030201266)
1 (45.67872288364263,-73.29507881924393)
1 (45.50379542355179,-73.35482987372544)
1 (45.4866496422451,-73.7446839876828)
1 (45.56303903981989,-73.4673764130587)
1 (45.74331455498749,-73.34631683662951)
1 (45.50859155108496,-73.25330084716055)
1 (45.62654946998507,-73.46825238819157)
1 (45.526766388527854,-73.58154321784123)
1 (45.380009236540026,-73.30760943512168)
1 (45.49285184291703,-73.65318327297048)
1 (45.324490253662844,-73.38258667129607)
1 (45.25559465906111,-73.50898474349928)
1 (45.346216371238825,-73.40675167654352)
1 (45.250709342493614,-73.68332815028948)
1 (45.2596904316629,-73.44600238401722)
1 (45.29242749792143,-73.3814699576066)
1 (45.50569793333321,-73.3950508826596)
1 (45.33790226061555,-73.4979840721173)
1 (45.59866264113704,-73.43088500862123)
1 (45.60570865081072,-73.46953419091544)
1 (45.581792373574814,-73.7056437777782)
1 (45.65673152201339,-73.36479418467269)
1 (45.48331615480918,-73.63069782246234)
1 (45.413408455927005,-73.25837582810968)
1 (45.39260263224016,-73.67745687087037)
1 (45.60159581476586,-73.31404192610663)
1 (45.29106250941846,-73.67853153174369)
1 (45.74825191292164,-73.61527530184163)
1 (45.67947637679491,-73.65535706172336)
1 (45.657682085634214,-73.62844241128131)
1 (45.340752382959586,-73.72524256219955)
1 (45.71926616348748,-73.26533313289245)
1 (45.265106585619826,-73.65203921536504)
1 (45.47038967211608,-73.3277763647102)
1 (45.343271966006604,-73.6002267537295)
1 (45.549725824907796,-73.6673239362466)
1 (45.40258066068611,-73.63219784201362)
1 (45.52806625643487,-73.67766343483699)
1 (45.52062679859742,-73.45287555432955)
1 (45.59657404606313,-73.25646330355828)
1 (45.30170613472096,-73.35452942189873)
1 (45.72563363482793,-73.62677182527682)
1 (45.44234137384441,-73.74776132996574)
1 (45.681397589390116,-73.39588432906329)
1 (45.44394108497021,-73.58211250103204)
1 (45.70168158048161,-73.45176102776888)
1 (45.25300245367156,-73.36159891181201)
1 (45.68803394612529,-73.25362084215126)
1 (45.42225745693494,-73.34671232451599)
1 (45.46660780465249,-73.26425462599092)
1 (45.58977435686536,-73.40503008317957)
1 (45.506888702646165,-73.69689396836547)
1 (45.667265361759995,-73.32755693602896)
1 (45.464382223542295,-73.40913998851275)
1 (45.61371429522476,-73.26727792266891)
1 (45.5310411987703,-73.67049916772658)
1 (45.54592642026607,-73.28013151380021)
1 (45.335513524289894,-73.65849172690707)
1 (45.70371586526078,-73.25671795546572)
1 (45.53421663994513,-73.40109037587303)
1 (45.44418445199681,-73.32553798719727)
1 (45.273796375483734,-73.48041586022893)
1 (45.48690885691277,-73.58541286167394)
1 (45.3857028196734,-73.64415830378215)
1 (45.56984145933778,-73.28596664835952)
1 (45.494417234579785,-73.53711143149727)
1 (45.50434345320401,-73.32065775693742)
1 (45.682289535875924,-73.56549972645561)
1 (45.337007082144254,-73.62682669496743)
1 (45.45599681823165,-73.44144658817038)
1 (45.43578704563391,-73.30158275326473)
1 (45.502308824008765,-73.72397449223308)
1 (45.31844972252919,-73.44108264582377)
1 (45.604147661029785,-73.67634594302909)
1 (45.43246163864651,-73.39385984138593)
1 (45.61185413906535,-73.49734741466847)
1 (45.377177377412536,-73.28634339024751)
1 (45.52912451945738,-73.45628600021686)
1 (45.73155010150006,-73.33056091803998)
1 (45.57825666516011,-73.66801162589573)
1 (45.71357627044982,-73.56025078688012)
1 (45.55514599813108,-73.68519577204978)
1 (45.35129934891109,-73.26221368287148)
1 (45.37089675443881,-73.26039044538547)
1 (45.689435630140224,-73.47471474799315)
1 (45.40396545688251,-73.54005912920162)
1 (45.29054856351106,-73.51410253008429)
1 (45.65442878204572,-73.59681459261328)
1 (45.41518636673077,-73.56454160196233)
1 (45.70026924419813,-73.58451605830592)
1 (45.28151058246747,-73.4238611856077)
1 (45.60449738536514,-73.41367164480445)
1 (45.71168219215722,-73.54100264392038)
1 (45.711480520464264,-73.69175950741574)
1 (45.269634542681,-73.5074038908224)
1 (45.70102331093744,-73.25462450494618)
1 (45.68285095426453,-73.67588973803385)
1 (45.33954668300709,-73.43102476612061)
1 (45.419378089449665,-73.57624211829504)
1 (45.579136997454626,-73.73269590416608)
1 (45.26054450975566,-73.27660490749331)
1 (45.507288548341265,-73.44696826565215)
1 (45.56971694126328,-73.3042336913495)
1 (45.64283789099301,-73.62801574464669)
1 (45.707915246112854,-73.68783065272797)
1 (45.706889486155994,-73.73623268244775)
1 (45.68822029815812,-73.61681112528532)
1 (45.271457870482294,-73.66302813208608)
1 (45.69264724538921,-73.63032799726356)
1 (45.603102470462474,-73.60049510756974)
1 (45.49751991237241,-73.65073609559914)
1 (45.57400658957886,-73.67195497465451)
1 (45.666370412456466,-73.56240913211981)
1 (45.70875340261906,-73.43029540014226)
1 (45.57300122305073,-73.40742689199769)
1 (45.271477139019666,-73.25631316509556)
1 (45.41158551962845,-73.62463141602268)
1 (45.27511859342691,-73.34894121525707)
1 (45.335544407265495,-73.59790575238245)
1 (45.412189980910874,-73.39328193607429)
1 (45.7424284120151,-73.60325978486678)
1 (45.66475466588025,-73.62078709645704)
1 (45.48814366342207,-73.55241297657265)
1 (45.25025336158716,-73.3387175656083)
1 (45.47060137395521,-73.72304421221904)
1 (45.59935900790785,-73.60318393325852)
1 (45.57023282891003,-73.44273459846269)
1 (45.742218322133894,-73.54161214561887)
1 (45.37279996421281,-73.45485936743148)
1 (45.30023886905176,-73.39639621479947)
1 (45.428545353769245,-73.4402906318647)
1 (45.74200633066897,-73.66179324398581)
1 (45.520963227153054,-73.39875313178057)
1 (45.663967144738365,-73.72078345085527)
1 (45.52833685516784,-73.30803061285289)
1 (45.5991878752686,-73.65766152704622)
1 (45.46167559875841,-73.67795093666163)
1 (45.740803146978614,-73.425543038572)
1 (45.653798367592984,-73.29918346503646)
1 (45.49068989634747,-73.2857629829306)
1 (45.35604851528381,-73.65436281149874)
1 (45.40845637907548,-73.40831121810538)
1 (45.67148833846294,-73.61090840685223)
1 (45.441010356399424,-73.72899283875383)
1 (45.31640987577353,-73.65113993776039)
1 (45.25877137103172,-73.59991907886555)
1 (45.65561160699586,-73.51589396083146)
1 (45.6110180158989,-73.44522785303228)
1 (45.30112949662366,-73.74282775692869)
1 (45.33991188008325,-73.54360040484204)
1 (45.29897337506558,-73.66995172060206)
1 (45.56041548602646,-73.70318402046561)
1 (45.553908713138135,-73.54866217921835)
1 (45.521622442270804,-73.47294841384154)
1 (45.65843640415467,-73.46865193185543)
1 (45.3139438319098,-73.64729646358674)
1 (45.69886212842652,-73.33955624264127)
1 (45.376145456540414,-73.66791804872749)
1 (45.40870947321192,-73.70104772557835)
1 (45.68640665920769,-73.60841840313168)
1 (45.72771984713069,-73.64432360157505)
1 (45.5923718580661,-73.74317084196669)
1 (45.40329525329348,-73.62353475057989)
1 (45.44659196890409,-73.25213611946933)
1 (45.74047807139408,-73.41568606404648)
1 (45.56580363306576,-73.39805920901217)
1 (45.466425801432926,-73.45189329320843)
1 (45.525169798821665,-73.53149677086515)
1 (45.425826407736444,-73.6916119778455)
1 (45.43190620572655,-73.5325469645848)
1 (45.46481365453078,-73.64455956050823)
1 (45.59664387339203,-73.28594585798461)
1 (45.39267983302837,-73.56253216686558)
1 (45.43542878187274,-73.5083630105153)
1 (45.33304671453286,-73.72517311412761)
1 (45.4904352690159,-73.70327136804836)
1 (45.589143604898545,-73.62998054188665)
1 (45.65327095193851,-73.7096850897918)
1 (45.35145514038138,-73.26744729886644)
1 (45.51117633517705,-73.73635132471482)
1 (45.670239068493295,-73.51720613562479)
1 (45.71347341063601,-73.43265041018851)
1 (45.60027820331477,-73.5404095823944)
1 (45.3732929345227,-73.4415016914209)
1 (45.30071860394317,-73.36730337706574)
1 (45.277911248617976,-73.50799005074667)
1 (45.6389593619784,-73.68705859414831)
1 (45.57995311168896,-73.58022152934488)
1 (45.50429789369887,-73.63940761940249)
1 (45.681267587843564,-73.43608401781378)
1 (45.584397614505015,-73.68448476876428)
1 (45.701460362117224,-73.70113220498524)
1 (45.295633407639286,-73.38850271796716)
1 (45.74386595261684,-73.68873386763737)
1 (45.38698330579588,-73.70850157204264)
1 (45.63316964416811,-73.29390755969554)
1 (45.456373497455395,-73.58938754209234)
1 (45.40093942740325,-73.70694966908677)
1 (45.728246443436355,-73.4008340322621)
1 (45.53800413814054,-73.48199195165297)
1 (45.44161100193823,-73.44034822846812)
1 (45.415914654392175,-73.49904831663197)
1 (45.58894571165251,-73.41191152876442)
1 (45.30365101843708,-73.59590301927085)
1 (45.52806570624571,-73.45708324991963)
1 (45.57028882249364,-73.61835994107551)
1 (45.661426262819695,-73.4673117133625)
1 (45.469514290912095,-73.34391599830154)
1 (45.44032453815029,-73.54242796188502)
1 (45.34767793543068,-73.6748393722873)
1 (45.40507447965499,-73.58090243826236)
1 (45.703502861060905,-73.67192651987112)
1 (45.316467818265075,-73.5924255552325)
1 (45.25461415671283,-73.40987950947179)
1 (45.66869773172495,-73.41272854742535)
1 (45.53373186646005,-73.27928875521997)
1 (45.49940964469065,-73.57429140924704)
1 (45.54567071659252,-73.73862346753566)
1 (45.42865733802716,-73.64469039388534)
1 (45.66521553969964,-73.63242583066524)
1 (45.26528042733203,-73.38681756108397)
1 (45.745492227218726,-73.5390723737119)
1 (45.31658282260688,-73.62206102562871)
1 (45.336629601690404,-73.69300921837201)
1 (45.72517990192216,-73.6887642519923)
1 (45.48530870109987,-73.34228570908546)
1 (45.73549558183508,-73.38388886157368)
1 (45.29722138825639,-73.4525041717353)
1 (45.261628486264584,-73.2557854416937)
1 (45.29651130162945,-73.45297101329703)
1 (45.48817009128726,-73.58033266242137)
1 (45.608945765775275,-73.7398780115425)
1 (45.48604541676515,-73.3014350686809)
1 (45.62886801275303,-73.40475992530119)
1 (45.466560863981705,-73.64997588241043)
1 (45.60390507975549,-73.64426809702542)
1 (45.328581434633094,-73.57280108565688)
1 (45.48595728260709,-73.52946732257617)
1 (45.576123097926725,-73.50516703910962)
1 (45.45217107662808,-73.26940638855402)
1 (45.49663451570066,-73.40631393239488)
1 (45.695397869186586,-73.29463056518907)
1 (45.69385529551604,-73.34843310159859)
1 (45.42006713577481,-73.41159749941109)
1 (45.663376446769306,-73.30427659072454)
1 (45.45645292424523,-73.43862555123435)
1 (45.58389196035991,-73.61801281356804)
1 (45.52398875579562,-73.62804705026781)
1 (45.37261859714529,-73.46766280569295)
1 (45.43258645780367,-73.30765657142311)
1 (45.31947443429909,-73.4355566722926)
1 (45.40984054635536,-73.5373373169314)
1 (45.271344863361314,-73.59573063623247)
1 (45.28155032005249,-73.67391694873767)
1 (45.38512803606855,-73.30404057313996)
1 (45.41316774784403,-73.5688468546)
1 (45.40624005006539,-73.63799791565906)
1 (45.64057987655266,-73.68921698526762)
1 (45.25787360533614,-73.67894000820753)
1 (45.38006051901444,-73.25291121213029)
1 (45.44554166879885,-73.55912677415657)
1 (45.70927638313535,-73.50337648153882)
1 (45.391301676913244,-73.410711527002)
1 (45.45390900365582,-73.51852139347604)
1 (45.31254338411703,-73.55226390415406)
1 (45.69775427738191,-73.45167851063883)
1 (45.651337228675004,-73.43162853774237)
1 (45.65808736803837,-73.340357086671)
1 (45.342078167005724,-73.51138352331098)
1 (45.53263152347104,-73.59068126169005)
1 (45.37752323916302,-73.43501815347692)
1 (45.729644943121976,-73.45195146280037)
1 (45.69630936642052,-73.44817992090826)
1 (45.33844102238293,-73.73668500377815)
1 (45.36865129270611,-73.66994615041872)
1 (45.284082510527085,-73.71678446475153)
1 (45.40115771047312,-73.41405639707395)
1 (45.33704141423735,-73.53615091410612)
1 (45.71656703217308,-73.34939664210717)
1 (45.516292004096805,-73.62410140681492)
1 (45.48969242201491,-73.36275755142172)
1 (45.43260509476561,-73.47236870599774)
1 (45.53697899894143,-73.54499366718555)
1 (45.26773757291589,-73.2512537937496)
1 (45.36381462032946,-73.26419175660818)
1 (45.37476192543017,-73.5876698638509)
1 (45.27109856706394,-73.31631125342375)
1 (45.41495631859386,-73.40935929586834)
1 (45.61056103349642,-73.65499065790316)
1 (45.51747649271956,-73.5754834616423)
1 (45.356939477689295,-73.69781909244618)
1 (45.65945666385385,-73.56407757641571)
1 (45.63435620431464,-73.68635262741115)
1 (45.31623714653788,-73.27153138326025)
1 (45.694104796202694,-73.5415105330805)
1 (45.424092572102154,-73.49829905307969)
1 (45.5915413372815,-73.60471705501645)
1 (45.33113491536045,-73.44845976107952)
1 (45.450889637955214,-73.58825981544553)
1 (45.6859917426581,-73.55854336814178)
1 (45.73850786893329,-73.47581627430473)
1 (45.62841052434952,-73.69320365594581)
1 (45.38752758563053,-73.51595544368368)
1 (45.70111588583526,-73.70186438461053)
1 (45.42976386806566,-73.33765209121542)
1 (45.598047409210686,-73.52138166459868)
1 (45.494409170195034,-73.58745659337957)
1 (45.7005311466742,-73.43505873243758)
1 (45.62726143382049,-73.34294372485367)
1 (45.329989156874944,-73.25801757083285)
1 (45.36910023789696,-73.396419313734)
1 (45.263466919353654,-73.61297462157874)
1 (45.40731329129053,-73.32659407978714)
1 (45.31655922480871,-73.58888562584376)
1 (45.380988653491656,-73.58403953601923)
1 (45.69724113225607,-73.43771796462526)
1 (45.57642646578074,-73.6087211704326)
1 (45.37366121729995,-73.56177655543091)
1 (45.29738715843335,-73.27475968936288)
1 (45.37913004082344,-73.37555244008642)
1 (45.632381455169984,-73.71880162803309)
1 (45.298337812666546,-73.69198113654996)
1 (45.66992077833126,-73.35398582735291)
1 (45.64026075346586,-73.5832907439394)
1 (45.43188483739111,-73.60147318161154)
1 (45.4052664595476,-73.70128807953368)
1 (45.405026676641356,-73.58586208513752)
1 (45.3966046356919,-73.31097343328487)
1 (45.55112344562584,-73.73954283851049)
1 (45.70976991759732,-73.29479329316649)
1 (45.567394740858326,-73.44414943384228)
1 (45.35714962028302,-73.62263269540608)
1 (45.4505483648823,-73.5047478831462)
1 (45.64991989112739,-73.25481722795405)
1 (45.59017694346532,-73.40425553335201)
1 (45.26432957985695,-73.65193756900423)
1 (45.68021672981448,-73.42181635625738)
1 (45.36531176023691,-73.50622726673929)
1 (45.69079365587258,-73.31946260930141)
1 (45.74678897218146,-73.4845177236654)
1 (45.487019551374594,-73.40637394328677)
1 (45.67508856484354,-73.68246205544709)
1 (45.416164998580825,-73.3794001217943)
1 (45.48956075439595,-73.63376254412383)
1 (45.31012357078396,-73.41224431788045)
1 (45.522792436144854,-73.59655454566816)
1 (45.36619528286577,-73.52380933423503)
1 (45.5517357876782,-73.45189236833174)
1 (45.27595549134809,-73.29868945563645)
1 (45.28062145583472,-73.39645079460144)
1 (45.26933892151773,-73.55964630764747)
1 (45.286701769491856,-73.69309896490229)
1 (45.429056426414,-73.60313721368153)
1 (45.43067031269246,-73.55892114877922)
1 (45.7090756366899,-73.60457058905315)
1 (45.44503000063377,-73.32055184934084)
1 (45.560134910270186,-73.27994269493304)
1 (45.26573252452813,-73.25136099493014)
1 (45.42512318965233,-73.35486613045973)
1 (45.665087767171585,-73.52406747620262)
1 (45.61764654498057,-73.34073052498707)
1 (45.37724271058543,-73.46577765597532)
1 (45.738215918715966,-73.55084153194237)
1 (45.6814549313381,-73.29023818598895)
1 (45.314228268599734,-73.70686474302836)
1 (45.32293684257333,-73.70426052238055)
1 (45.2722769860235,-73.38775635771115)
1 (45.706222358736014,-73.74181767197356)
1 (45.6643156567621,-73.4595932968681)
1 (45.49180856827236,-73.37023117939925)
1 (45.27281251888856,-73.49532051061355)
1 (45.56325075729294,-73.33816002085997)
1 (45.314271053102566,-73.54841399624152)
1 (45.308939912140886,-73.39477042298842)
1 (45.44535587048016,-73.48381341769031)
1 (45.28046767825504,-73.40350895462574)
1 (45.65135085481968,-73.39320864997595)
1 (45.54778428667984,-73.50231911492219)
1 (45.36279005514892,-73.42987000850859)
1 (45.470281116823294,-73.32493445038915)
1 (45.30284013254367,-73.69069257271228)
1 (45.64248004820087,-73.3950496245992)
1 (45.615376378300965,-73.54998027986875)
1 (45.453187585655414,-73.6367132725218)
1 (45.26168246006026,-73.61072600425088)
1 (45.517772713295514,-73.51020485649657)
1 (45.502317662567876,-73.68474939508118)
1 (45.7046529311994,-73.58295063482089)
1 (45.49993334539422,-73.44303454152357)
1 (45.579123909462695,-73.37970161449248)
1 (45.68868384058435,-73.59196515238779)
1 (45.33034398587368,-73.62523962009686)
1 (45.556365187232394,-73.62988534605469)
1 (45.63058524697303,-73.4962953355377)
1 (45.37652836455064,-73.421519640339)
1 (45.399789188224354,-73.73715533284661)
1 (45.70955206995887,-73.49526606672536)
1 (45.61301518915222,-73.46560288801832)
1 (45.664023303474146,-73.62023211214189)
1 (45.593546245447804,-73.7023806098079)
1 (45.47276228775456,-73.3561132742316)
1 (45.680217044832226,-73.59828045611468)
1 (45.39144150003638,-73.38961978875635)
1 (45.74395502628868,-73.50826028269186)
1 (45.27198701906732,-73.5761373954793)
1 (45.25557631288934,-73.47165332098245)
1 (45.397813587199,-73.69466355942514)
1 (45.47455377732796,-73.30158070985588)
1 (45.29343291897016,-73.49779091822948)
1 (45.33677534243046,-73.36509440732398)
1 (45.73708838178135,-73.69661542725063)
1 (45.268236794791655,-73.74837151533418)
1 (45.611807143846036,-73.56292677600592)
1 (45.44116348266725,-73.34844844715408)
1 (45.527624421595874,-73.3578945753717)
1 (45.4192317007743,-73.51452650903359)
1 (45.335722572191415,-73.30769381396352)
1 (45.70936098033737,-73.67779878951598)
1 (45.733841018087304,-73.34211893488103)
1 (45.44897437032611,-73.45904046946669)
1 (45.631551627943736,-73.29221617494925)
1 (45.30967457146997,-73.52787348815919)
1 (45.303856810854185,-73.70731914121245)
1 (45.69095970672674,-73.50665881125873)
1 (45.61205665266422,-73.4006035325309)
1 (45.41090295457382,-73.46538775181469)
1 (45.71194399110765,-73.26538169680857)
1 (45.37464644177949,-73.54173700133954)
1 (45.7011250355406,-73.32183893944493)
1 (45.61611034909053,-73.44261946731014)
1 (45.57962637788642,-73.35576827522682)
1 (45.66349393120653,-73.54010652626484)
1 (45.71093721517945,-73.39709131137118)
1 (45.37494613620136,-73.46551486153395)
1 (45.674249383697806,-73.65655807017622)
1 (45.727209140605225,-73.53074432300693)
1 (45.492895609415804,-73.39399928095764)
1 (45.5170887821047,-73.46562097151293)
1 (45.70884998262303,-73.530859934653)
1 (45.553282063992214,-73.35404258369255)
1 (45.64864275474763,-73.6434734531793)
1 (45.6743921488863,-73.28014192528227)
1 (45.492154959700756,-73.28164134405256)
1 (45.32788751335058,-73.55847575349561)
1 (45.412496603589545,-73.34956368147026)
1 (45.48431238192332,-73.51941592260484)
1 (45.60253534973596,-73.56302093960171)
1 (45.34123153238246,-73.65246160608568)
1 (45.441631182722325,-73.25793866020861)
1 (45.59219331875681,-73.47610966117331)
1 (45.38474537042514,-73.57107154815313)
1 (45.49742042876178,-73.30321334622491)
1 (45.37533082562802,-73.74352413634344)
1 (45.59498878346246,-73.60542723518815)
1 (45.69327387342902,-73.5121806544778)
1 (45.63393078612294,-73.449379478628)
1 (45.64964588778938,-73.25284724063482)
1 (45.69399973008053,-73.48063027057101)
1 (45.43113650279976,-73.72201504700912)
1 (45.48075830479378,-73.66926844855752)
1 (45.67877831783099,-73.4116332748235)
1 (45.44920438679329,-73.50316623802536)
1 (45.557936565767314,-73.68313661689938)
1 (45.71432376917878,-73.52145484169743)
1 (45.63952497495416,-73.48320216835377)
1 (45.652759546950236,-73.52170182368752)
1 (45.36602297292999,-73.5643161393758)
1 (45.686214232944565,-73.44956407799714)
1 (45.72010706926844,-73.73821137682535)
1 (45.46425114745334,-73.38935811604082)
1 (45.44857307031478,-73.27959198372949)
1 (45.53183748522047,-73.71803241310565)
1 (45.31971355959235,-73.67129200738921)
1 (45.57527224707508,-73.3634446341226)
1 (45.40842875387997,-73.44012045798951)
1 (45.48906803425265,-73.7206392007146)
1 (45.31008692630441,-73.3751252673637)
1 (45.29590645953989,-73.6269890637297)
1 (45.481513849113135,-73.44686490225375)
1 (45.38196263074604,-73.378608203353)
1 (45.59547920969646,-73.25750578659219)
1 (45.58069514393151,-73.58635938020069)
1 (45.37366088925202,-73.34717021810226)
1 (45.34962352635469,-73.72007487142434)
1 (45.3323066084757,-73.66193907000647)
1 (45.63666620981645,-73.47427550387694)
1 (45.734675494573544,-73.45326973572327)
1 (45.5252875007306,-73.60771655311812)
1 (45.294830584746876,-73.32731961974106)
1 (45.38100299983367,-73.66250716309546)
1 (45.31846637079431,-73.59577143772823)
1 (45.49571890847079,-73.45634227558926)
1 (45.49819386325319,-73.49723681562467)
1 (45.640930954403636,-73.4635549729801)
1 (45.50306912530278,-73.26017016188946)
1 (45.495984812900595,-73.65723920532389)
1 (45.315139096118834,-73.36445532808719)
1 (45.6134006963956,-73.57561146076338)
1 (45.469392086904406,-73.7294329545137)
1 (45.41969025314174,-73.30107259572313)
1 (45.44773871125683,-73.41111696976918)
1 (45.7271451323728,-73.70009907943273)
1 (45.46251197389729,-73.73070414080541)
1 (45.34975189394241,-73.66613599827241)
1 (45.740463719410364,-73.58021087535654)
1 (45.67468912257272,-73.73608192180752)
1 (45.68434798731525,-73.45917730256026)
1 (45.439788138245746,-73.31374879492252)
1 (45.44591986015553,-73.58885881534403)
1 (45.50688955838614,-73.33084817311509)
1 (45.49154199906712,-73.7271807630696)
1 (45.60120377688501,-73.5075976976645)
1 (45.679579014570656,-73.56896266363584)
1 (45.30758413499624,-73.44096003279853)
1 (45.69737328887467,-73.36152357958667)
1 (45.57604738576712,-73.54881930645259)
1 (45.42483419411958,-73.5957607017523)
1 (45.5909268851844,-73.43306802814072)
1 (45.40153574933236,-73.34714898968794)
1 (45.60071954120768,-73.49362048694104)
1 (45.5747061191356,-73.53983977582517)
1 (45.688988609227025,-73.62878667767974)
1 (45.39660582300149,-73.59014201758154)
1 (45.49060995574553,-73.59523348410036)
1 (45.6215294468592,-73.55315017169058)
1 (45.522200307868154,-73.57292825191169)
1 (45.32502922869778,-73.54813825002658)
1 (45.600741772738154,-73.68700251455256)
1 (45.73094702376941,-73.3745699895681)
1 (45.270217734665785,-73.67939157808028)
1 (45.3854545508951,-73.35118058849825)
1 (45.7425009395267,-73.59839904053813)
1 (45.56153993531437,-73.51556597676762)
1 (45.58578531253242,-73.28400274458242)
1 (45.51224198409763,-73.4110709015805)
1 (45.261529087461774,-73.57076215170468)
1 (45.316421865616945,-73.26149773774824)
1 (45.61917730352506,-73.50860459590986)
1 (45.57697515336632,-73.39226339539726)
1 (45.60685767839132,-73.51456133586126)
1 (45.638125491831964,-73.2991119782221)
1 (45.74579461454087,-73.71569187738162)
1 (45.285804284225506,-73.29234660743758)
1 (45.34636187197863,-73.32497824742707)
1 (45.58310939965406,-73.6557739745739)
1 (45.514495191303595,-73.7078888796087)
1 (45.57144877352062,-73.25516094961883)
1 (45.70861201873831,-73.34760449022346)
1 (45.537213419741306,-73.51098285450824)
1 (45.45923616350506,-73.70156659468307)
1 (45.40368736367237,-73.61459853085505)
1 (45.3562010431683,-73.46105220587704)
1 (45.55839055490378,-73.31571777961278)
1 (45.541605957982256,-73.4788959769872)
1 (45.56716387131554,-73.54213234516182)
1 (45.720625700096925,-73.61827441370177)
1 (45.25804369957105,-73.53016176848632)
1 (45.616824315551554,-73.49763448825414)
1 (45.58033689255993,-73.54612146243248)
1 (45.353800017051896,-73.56339192685628)
1 (45.457295168650546,-73.66535004622877)
1 (45.440788581117744,-73.6129426799621)
1 (45.55440123097044,-73.44593930419191)
1 (45.37627883498962,-73.31582371986335)
1 (45.47951723356569,-73.68928989363522)
1 (45.3607441244481,-73.44052757173567)
1 (45.416009526383384,-73.3189717718478)
1 (45.72726977136763,-73.38851767287034)
1 (45.565451783168534,-73.73309879620999)
1 (45.457157264954475,-73.26540991783881)
1 (45.54262202064579,-73.29353208995352)
1 (45.54651155887678,-73.58207848950701)
1 (45.522247214183466,-73.40770772850631)
1 (45.52936869570956,-73.27561207945386)
1 (45.48431255468971,-73.43573929964043)
1 (45.64309702048603,-73.5715897546975)
1 (45.34274063534923,-73.41667658624966)
1 (45.442605463390414,-73.27506340484187)
1 (45.57085909438178,-73.35340726100871)
1 (45.63131874214981,-73.37792691065602)
1 (45.65631365755381,-73.52566844156284)
1 (45.47892980857457,-73.40502006232093)
1 (45.327946704471024,-73.5149910139527)
1 (45.438615543643365,-73.690358121149)
1 (45.497649693941916,-73.3241296896298)
1 (45.459702897004874,-73.2782961424765)
1 (45.25131129415246,-73.6566373748363)
1 (45.51569793181074,-73.3822298134288)
1 (45.50472106091617,-73.58972290740319)
1 (45.53214149665377,-73.30560287395727)
1 (45.61265206474531,-73.52538668182433)
1 (45.70393061806419,-73.43653383439381)
1 (45.28233390459451,-73.44105913878954)
1 (45.63754585844603,-73.36829292200757)
1 (45.59614097927796,-73.58157251040618)
1 (45.340050273243875,-73.3731530588095)
1 (45.29255915051259,-73.33927679572119)
1 (45.30377685919584,-73.36680655076009)
1 (45.689357165852186,-73.65846630544513)
1 (45.30329657559966,-73.6445823675182)
1 (45.25837750485913,-73.37401369210815)
1 (45.5295604969792,-73.54911659236254)
1 (45.377474608106276,-73.45221368795978)
1 (45.33503470637733,-73.34192180739527)
1 (45.69186676836281,-73.64431941125511)
1 (45.65319797258621,-73.3984690449405)
1 (45.31453107562789,-73.59010947610321)
1 (45.5859474940574,-73.4279388621557)
1 (45.28325945014048,-73.42005463177026)
1 (45.72325931688906,-73.73471623129424)
1 (45.27060648744861,-73.40025813756809)
1 (45.47087517173902,-73.58899667929595)
1 (45.51219889419659,-73.64432445981379)
1 (45.51383890580366,-73.55853933660609)
1 (45.27873879185639,-73.38066661975128)
1 (45.53638102694826,-73.67264517854976)
1 (45.467522028818124,-73.71249250074685)
1 (45.45195075935078,-73.54285722352894)
1 (45.5304056115371,-73.74081647979688)
1 (45.671120986594396,-73.55267178656032)
1 (45.4868968062686,-73.33832267705002)
1 (45.34964191806597,-73.45071843606463)
1 (45.69339959199503,-73.26376207086146)
1 (45.614095308319975,-73.63840888333482)
1 (45.352642573410584,-73.69279561870458)
1 (45.45840193855038,-73.63397317511868)
1 (45.450925698538406,-73.61180176260012)
1 (45.34086040234193,-73.62009458969946)
1 (45.40506133262701,-73.37614636095955)
1 (45.48844667102652,-73.64202225027229)
1 (45.685748604670486,-73.57376905279948)
1 (45.532779063062925,-73.41708403720072)
1 (45.55960824170394,-73.6586705519319)
1 (45.3604544463729,-73.34493972732845)
1 (45.358218227182796,-73.62699037306788)
1 (45.459387138275346,-73.67070770124214)
1 (45.339229211462346,-73.30084567772032)
1 (45.58233270511633,-73.35026630224999)
1 (45.25200150236206,-73.56195656844358)
1 (45.72895474014876,-73.4985739649791)
1 (45.65819400568095,-73.63831443669932)
1 (45.26859337839506,-73.36777019927722)
1 (45.38634873800426,-73.29275482775385)
1 (45.487320208362206,-73.60211253573942)
1 (45.71875268347108,-73.49227702026873)
1 (45.44491493043702,-73.55147238169951)
1 (45.5187222817448,-73.3513080557619)
1 (45.27007488114347,-73.69415580326114)
1 (45.506943747667634,-73.34083918958123)
1 (45.405469391192696,-73.7232331897181)
1 (45.286616149597265,-73.43846841550574)
1 (45.33817678399395,-73.58835481739428)
1 (45.4988820517384,-73.56186307316113)
1 (45.51559229984284,-73.25719700388433)
1 (45.66239417267059,-73.28001205049215)
1 (45.4520714967521,-73.66722695593188)
1 (45.3138544301699,-73.43286752650845)
1 (45.477373921348146,-73.27939200012213)
1 (45.51997527987997,-73.41058177102947)
1 (45.664398148586635,-73.32063198629426)
1 (45.675551495987534,-73.44852484821597)
1 (45.700749593431176,-73.71178179971)
1 (45.737193709314816,-73.3836246286807)
1 (45.33635871589083,-73.3214734762472)
1 (45.667763417631136,-73.39130094328814)
1 (45.54766756988287,-73.56506589024114)
1 (45.382662427077484,-73.28037124880203)
1 (45.70782888186815,-73.48042246226947)
1 (45.39586796610694,-73.4657855456502)
1 (45.3419123107163,-73.25952572897071)
1 (45.66096788525756,-73.26590376691733)
1 (45.47628837573552,-73.29646020036519)
1 (45.29043896128674,-73.6822595421073)
1 (45.66216149192774,-73.62821331143644)
1 (45.41502411845872,-73.31535925752047)
1 (45.46464907641155,-73.69503681480398)
1 (45.414303158680674,-73.55004630404031)
1 (45.56085470401398,-73.63177923224575)
1 (45.60941447818092,-73.60831557183609)
1 (45.58305892155049,-73.32064289682728)
1 (45.259373776335075,-73.51619370029432)
1 (45.4764520933797,-73.68923695013488)
1 (45.343548963496794,-73.46440636509735)
1 (45.414759739151336,-73.72559075331964)
1 (45.64458871435764,-73.46003388753607)
1 (45.73166097911383,-73.40396021341276)
1 (45.568465428698545,-73.56821235280607)
1 (45.38107726239487,-73.67180221964777)
1 (45.451281722600655,-73.42916765211936)
1 (45.63520867319138,-73.33921060748966)
1 (45.30610265243123,-73.60647540144507)
1 (45.56562124749763,-73.63740003841467)
1 (45.55731444607001,-73.67742013523903)
1 (45.32973951050283,-73.37249187140408)
1 (45.29487345585653,-73.31568266074602)
1 (45.40277393660929,-73.49489948363806)
1 (45.456297659470124,-73.44031493520463)
1 (45.65341429069067,-73.53302808288376)
1 (45.610366051803176,-73.31306731690562)
1 (45.56054502768621,-73.70279726562849)
1 (45.67322972848584,-73.25861336273512)
1 (45.40779027603059,-73.60166248178896)
1 (45.43500164481016,-73.45907306582039)
1 (45.47287119592723,-73.72735447430712)
1 (45.71288037451821,-73.53546571272042)
1 (45.54955974989675,-73.62747378932976)
1 (45.27547645284298,-73.37432898631508)
1 (45.60143828772638,-73.2863705031063)
1 (45.40224803752017,-73.38772159284693)
1 (45.44872541788437,-73.3904069903461)
1 (45.55181630097427,-73.60918192361132)
1 (45.6321043844654,-73.3817449160841)
1 (45.613418693857014,-73.72694594528997)
1 (45.480790674755426,-73.71421533545947)
1 (45.60687190938019,-73.33883291027453)
1 (45.436001853375444,-73.46262381669088)
1 (45.47815458402507,-73.38068776834268)
1 (45.34554287399441,-73.40901052665967)
1 (45.31008288065764,-73.33212496957887)
1 (45.25039637044939,-73.43592804217228)
1 (45.33054063637293,-73.43954849828475)
1 (45.63000775352511,-73.49771793626765)
1 (45.55433875840825,-73.317028683242)
1 (45.65938124497556,-73.61605965636487)
1 (45.739017060285256,-73.39059666720482)
1 (45.25815314319952,-73.25573372970575)
1 (45.56976499445592,-73.74087279768897)
1 (45.57948506420206,-73.58058386742869)
1 (45.61412581674218,-73.47267603922388)
1 (45.594920044279824,-73.46808074574183)
1 (45.60326220036933,-73.29836647058917)
1 (45.58027073065732,-73.27368314502134)
1 (45.5032995700997,-73.56415381475654)
1 (45.597159217700515,-73.68336004561621)
1 (45.637626613788385,-73.47546020458266)
1 (45.495004167681124,-73.57418039896224)
1 (45.309020810377525,-73.2886559152675)
1 (45.52905147191442,-73.61879501079568)
1 (45.449080047192616,-73.73209225993)
1 (45.40147063530678,-73.41992820623314)
1 (45.29167961206405,-73.39933626971128)
1 (45.38458962692216,-73.74566479272947)
1 (45.42703735764389,-73.32186741046246)
1 (45.67801695812535,-73.45536075092329)
1 (45.34345782675831,-73.37722679846246)
1 (45.28470043097048,-73.45942412473693)
1 (45.704939582206855,-73.62171501710596)
1 (45.46489766315224,-73.5440056167023)
1 (45.644568231537974,-73.55421521336507)
1 (45.74158453690429,-73.61380618391779)
1 (45.27598091541536,-73.71957316787169)
1 (45.486003221293615,-73.36275207780237)
1 (45.438176329790466,-73.44619725892795)
1 (45.3078524905574,-73.57320557654445)
1 (45.392557543102875,-73.38314578780624)
1 (45.311048461213296,-73.6696728828069)
1 (45.28533329286849,-73.35695047976702)
1 (45.25303511011306,-73.31263817580582)
1 (45.6732666020976,-73.40777973974036)
1 (45.263299338021945,-73.71219640446971)
1 (45.286247921846396,-73.68827623990396)
1 (45.535046219995266,-73.46957474007525)
1 (45.46628323912204,-73.71650852503106)
1 (45.30291616656722,-73.61742599712484)
1 (45.379225868144175,-73.26695694863731)
1 (45.45917586862726,-73.62694521566117)
1 (45.64294401977128,-73.46030974297236)
1 (45.34099142351572,-73.4814033939334)
1 (45.45360427169234,-73.37407535643135)
1 (45.54219221341056,-73.48161053672894)
1 (45.62036476149248,-73.74162292924487)
1 (45.5643602317306,-73.74911313081338)
1 (45.63800975365593,-73.53724277495535)
1 (45.72413020598606,-73.42759885987975)
1 (45.53692085890082,-73.45917486874967)
1 (45.476261716817476,-73.3520248330242)
1 (45.250268194336954,-73.52128309589503)
1 (45.695345130745444,-73.45840304235033)
1 (45.62941837279462,-73.64715908887851)
1 (45.48292927111123,-73.44497011655884)
1 (45.520294095438054,-73.3279195334492)
1 (45.73140911102807,-73.66763628269241)
1 (45.485783828270236,-73.55681650563089)
1 (45.481187941053534,-73.45915119736014)
1 (45.3222878939766,-73.39001087200089)
1 (45.553428930269334,-73.50234283347888)
1 (45.472100997025066,-73.60346405156504)
1 (45.527137029113,-73.56307785993154)
1 (45.27756919466996,-73.52088422210721)
1 (45.35636288392973,-73.29826057451008)
1 (45.257822694930496,-73.67701819466318)
1 (45.29099593620789,-73.49822990443548)
1 (45.71437421730085,-73.55431098806635)
1 (45.27291522926276,-73.5013323672433)
1 (45.48798579173237,-73.68906019572435)
1 (45.62819157047674,-73.63124162326716)
1 (45.5959453551029,-73.48567314333786)
1 (45.66558605678429,-73.35476308695237)
1 (45.27625747513661,-73.60448997983804)
1 (45.72176528502669,-73.43940556403288)
1 (45.65324118165347,-73.29986644629432)
1 (45.26445478169771,-73.70591914530661)
1 (45.31764093260976,-73.58081553288147)
1 (45.37617749541652,-73.52129214109584)
1 (45.58359493269915,-73.54648768885525)
1 (45.293275470293,-73.46236747065714)
1 (45.544668675691625,-73.71312465016516)
1 (45.6675881816477,-73.5992820732224)
1 (45.30164952100407,-73.59785265891001)
1 (45.351462024485585,-73.60135071029048)
1 (45.37591142055508,-73.25778590719129)
1 (45.28069129503555,-73.35580867515286)
1 (45.35389744219735,-73.40039191280603)
1 (45.44454138363349,-73.51199567781714)
1 (45.730630805489604,-73.58292581748536)
1 (45.48718130081087,-73.32010653732016)
1 (45.73315338011545,-73.4049709829295)
1 (45.68065285993098,-73.3245516646687)
1 (45.608404101187716,-73.46872894688295)
1 (45.34592988799969,-73.39726389348664)
1 (45.45428788079144,-73.73668209802872)
1 (45.27567177024265,-73.25595585866323)
1 (45.657548855509084,-73.25560791570402)
1 (45.329950969398546,-73.50637513974193)
1 (45.377550160632076,-73.53965420149451)
1 (45.63453543969781,-73.37602238802957)
1 (45.28117578878923,-73.71329009172464)
1 (45.71023224533642,-73.66959067424698)
1 (45.39080806403225,-73.3074281105546)
1 (45.40134973618381,-73.57355207366312)
1 (45.4546979744998,-73.37886802831295)
1 (45.65151124169932,-73.26886081546489)
1 (45.6870334781113,-73.38444381393798)
1 (45.49585419243184,-73.37665976190608)
1 (45.553624453689224,-73.48686027555055)
1 (45.600074114535204,-73.56217068141669)
1 (45.498361163941595,-73.69918664293284)
1 (45.27882402757067,-73.65661593691966)
1 (45.61546632173607,-73.48932963733279)
1 (45.668655269550825,-73.42606289573574)
1 (45.273049233722794,-73.66453925751455)
1 (45.61398687524736,-73.61949974943734)
1 (45.584583625833645,-73.53910565500576)
1 (45.34851592118018,-73.66624498443267)
1 (45.406669341305395,-73.55588637245705)
1 (45.71903271272974,-73.3649600752845)
1 (45.713800929198996,-73.68415820799444)
1 (45.50377975502015,-73.61307848933195)
1 (45.2638548043414,-73.55251895276295)
1 (45.323294809265526,-73.66638174417918)
1 (45.421619876699566,-73.39616912746388)
1 (45.728103762433655,-73.59374637524459)
1 (45.351934557827455,-73.50288494861148)
1 (45.27467996832066,-73.50175351122078)
1 (45.528856763177,-73.43134867248928)
1 (45.26876246699524,-73.74789590212457)
1 (45.632781406912756,-73.3492332581818)
1 (45.36342622842388,-73.73953495255988)
1 (45.42353337583127,-73.39654373870036)
1 (45.348223510996704,-73.5285536696584)
1 (45.58420237815428,-73.52219790286907)
1 (45.255265958238596,-73.25881891353531)
1 (45.32784893685622,-73.2686847569089)
1 (45.33829295207257,-73.6051097633918)
1 (45.74719950670652,-73.49086929324046)
1 (45.55157273038117,-73.65808653058401)
1 (45.466061704536834,-73.4906179765962)
1 (45.366908115228746,-73.26016787003017)
1 (45.62042907842035,-73.52889937280818)
1 (45.619069868628635,-73.58185168245278)
1 (45.55710795841658,-73.64137025195724)
1 (45.56265637641105,-73.7470581829836)
1 (45.38818745944712,-73.6321876334507)
1 (45.45667891519906,-73.56949164242265)
1 (45.680786684601316,-73.5538929545972)
1 (45.267097905436096,-73.44981015578266)
1 (45.59325172976326,-73.39869474858112)
1 (45.49208611018804,-73.7055609845158)
1 (45.69133815991986,-73.62833208214875)
1 (45.669970420321164,-73.56238167484162)
1 (45.490903130276735,-73.55593085887206)
1 (45.32560503671226,-73.72588541481264)
1 (45.47724433005,-73.46387137689547)
1 (45.44735418572635,-73.37894183212961)
1 (45.445461491501824,-73.69666517840471)
1 (45.56391353501948,-73.60873259202471)
1 (45.491079295814,-73.30719526662475)
1 (45.60787535597444,-73.66200397725981)
1 (45.35565881365113,-73.65840402683216)
1 (45.51124293108249,-73.5553566941331)
1 (45.598237992742185,-73.69061856473003)
1 (45.37702576497667,-73.43020602466652)
1 (45.72017999849327,-73.35718394424875)
1 (45.610597895277905,-73.63921361269854)
1 (45.41837114341545,-73.50792982001698)
1 (45.57467725235393,-73.38253479596256)
1 (45.579699100265415,-73.26122696082783)
1 (45.65258489098562,-73.27814375144499)
1 (45.458354616113894,-73.65099515265072)
1 (45.56586877336785,-73.55079139922434)
1 (45.696738868746486,-73.56500473379926)
1 (45.39442736107189,-73.558819143085)
1 (45.46062136986535,-73.70516943317065)
1 (45.48994426646746,-73.64709438431865)
1 (45.45968204491251,-73.49925850089402)
1 (45.35674585423556,-73.31775187216425)
1 (45.51568404119005,-73.57656177884616)
1 (45.598119514889774,-73.4482176573919)
1 (45.62226234246723,-73.58752176771868)
1 (45.69068115349879,-73.25816071533423)
1 (45.61267637871193,-73.29920209391452)
1 (45.65455609160422,-73.43355997931783)
1 (45.614863288822306,-73.53469250309838)
1 (45.632938552942484,-73.25699270743354)
1 (45.4267415325043,-73.64515564660059)
1 (45.48102047875281,-73.26854291574031)
1 (45.288953063711126,-73.30820178592778)
1 (45.691331371044754,-73.39139669752365)
1 (45.26709543041732,-73.53563254729532)