1850 1850
101 (45.5,-73.5)
1 (45.35020652910706,-73.60023415663944)
1 (45.580983438229936,-73.34732580795412)
1 (45.32840189515143,-73.58894563678733)
1 (45.73459336373894,-73.6261389010008)
1 (45.55779942402358,-73.50699301717826)
1 (45.7070809711169,-73.71118796369025)
1 (45.53569784171162,-73.68090453205023)
1 (45.26262778719417,-73.31371665860618)
1 (45.62835915758347,-73.31893504148357)
1 (45.62485851663401,-73.3509980920691)
1 (45.31628242622451,-73.51284093721927)
1 (45.34018560092061,-73.2893189363768)
1 (45.735101712573524,-73.40101262915168)
1 (45.623675308895706,-73.56707563456521)
1 (45.718056213212144,-73.64187483071635)
1 (45.34089299020554,-73.63336766058295)
1 (45.538656155434516,-73.36550837888974)
1 (45.52967351682187,-73.58620353225086)
1 (45.68546891094479,-73.52486481453114)
1 (45.506875900632764,-73.32754056369572)
1 (45.2748755960426,-73.55573831122732)
1 (45.63691973944998,-73.56985995061274)
1 (45.6221990763427,-73.47682738983924)
1 (45.26126431755683,-73.43083419908632)
1 (45.546780258075486,-73.51776151942275)
1 (45.60097913834346,-73.73887438265037)
1 (45.68238007732017,-73.55388634539217)
1 (45.648168520684976,-73.54295003418393)
1 (45.40071076601698,-73.55189340677352)
1 (45.6562506954578,-73.67505536436862)
1 (45.432950244467925,-73.3900490173508)
1 (45.32395530759578,-73.55305036725997)
1 (45.39176977906745,-73.31081921964258)
1 (45.6433915651475,-73.73533639416387)
1 (45.654705443856,-73.3921062891307)
1 (45.64865244265659,-73.54693097505638)
1 (45.468629992332204,-73.28610477736501)
1 (45.45815865477281,-73.388987048072)
1 (45.6746321779415,-73.5719533320749)
1 (45.55130943320216,-73.62065749347121)
1 (45.63278684044629,-73.3999013728425)
1 (45.65799549572164,-73.66343617667589)
1 (45.747099301077185,-73.67062776553256)
1 (45.46814261003968,-73.72371214422112)
1 (45.45233381597422,-73.29364149539546)
1 (45.587692744196566,-73.25925408995889)
1 (45.62648650503427,-73.60336233774211)
1 (45.277292915891294,-73.52969793262855)
1 (45.635338674413354,-73.2805225918243)
1 (45.51045015379021,-73.2698403886592)
1 (45.59882776906841,-73.62994878747068)
1 (45.27902424845397,-73.70764710454185)
1 (45.49289850891976,-73.30357534216097)
1 (45.35566836292407,-73.3163646799626)
1 (45.365047687798594,-73.52970993192925)
1 (45.395190646203915,-73.34198064108422)
1 (45.746952037365936,-73.61611367723812)
1 (45.31979851426296,-73.28350674295594)
1 (45.29336909122017,-73.43537671914619)
1 (45.38680039831872,-73.62416580648241)
1 (45.2629269842664,-73.27636319709626)
1 (45.68157791879479,-73.71654310228226)
1 (45.68346979934099,-73.3551672567913)
1 (45.51350519175568,-73.31411861335259)
1 (45.41230081449868,-73.42306493795948)
1 (45.317979673654364,-73.3153270336308)
1 (45.309966892234335,-73.28736455190756)
1 (45.683842484892956,-73.34439792639664)
1 (45.39515298075266,-73.67385135169107)
1 (45.53220474067917,-73.33570862050087)
1 (45.637806408778225,-73.70668995491602)
1 (45.270059053134,-73.31523830357925)
1 (45.477786662239026,-73.36319139703087)
1 (45.43004421223631,-73.58394194175266)
1 (45.72713672448951,-73.5767691131321)
1 (45.38634410822334,-73.50346821750836)
1 (45.725498309326476,-73.7117016028004)
1 (45.70594013347289,-73.56462619937363)
1 (45.4702436819099,-73.41798728932257)
1 (45.55429986589371,-73.38336078216601)
1 (45.43557287850648,-73.39361991669576)
1 (45.325072879475336,-73.71772765363188)
1 (45.428125615918844,-73.33503107033366)
1 (45.30447784065807,-73.53246363143766)
1 (45.600583202740204,-73.34423932278919)
1 (45.712803422962104,-73.55522918622117)
1 (45.65928643311213,-73.28341310897817)
1 (45.38780888765277,-73.67045490694889)
1 (45.35707126610242,-73.52409807488674)
1 (45.687798219049306,-73.3829545187563)
1 (45.55832478703834,-73.72927693538779)
1 (45.39575524426834,-73.45407237046119)
1 (45.499689846403506,-73.7317233090708)
1 (45.500165322110355,-73.66811378428936)
1 (45.346897527058296,-73.73177873061299)
1 (45.71301252814433,-73.52616221463106)
1 (45.26588228352844,-73.43172509491652)
1 (45.460929435192085,-73.4881174605784)
1 (45.4846355334004,-73.3523427969281)
1 (45.35158998524283,-73.69189480717613)
1 (45.72117897500975,-73.44003761793043)
1 (45.274174279765894,-73.37120546336247)
1 (45.39259016460558,-73.67008770330577)
1 (45.34009701535744,-73.47019386402143)
1 (45.70018816658336,-73.68310451172194)
1 (45.30818031782702,-73.71443829289053)
1 (45.50678816543918,-73.55772002305756)
1 (45.46706407133228,-73.64342629019471)
1 (45.38335965787083,-73.62280515539071)
1 (45.666885971976775,-73.33959716979349)
1 (45.30447353340979,-73.74719238505969)
1 (45.302126201491426,-73.30339927717654)
1 (45.71459924798192,-73.31391874229911)
1 (45.54800037922609,-73.62253990826093)
1 (45.57061411374113,-73.58942285614386)
1 (45.54389718626701,-73.26671173528615)
1 (45.489812150025614,-73.43592320765867)
1 (45.49909599179316,-73.5065595259417)
1 (45.29725135760713,-73.28737246175355)
1 (45.368362490097816,-73.60750679509533)
1 (45.57145344891781,-73.51592557150565)
1 (45.30800898240265,-73.58529237205744)
1 (45.73327112896028,-73.25677776186293)
1 (45.57661919192798,-73.43067227391226)
1 (45.30916387245209,-73.43452089252771)
1 (45.388875599721,-73.31572276942286)
1 (45.727173774971305,-73.64383527808319)
1 (45.46579086578318,-73.3835361356251)
1 (45.371568774933195,-73.68137647499877)
1 (45.65013273318388,-73.29683084382863)
1 (45.630421654609286,-73.4041347895357)
1 (45.4719457349415,-73.27910356055082)
1 (45.319318614515346,-73.7023383491952)
1 (45.455810605607695,-73.42443067431614)
1 (45.6539421578411,-73.72213814813117)
1 (45.25884606745104,-73.57888273181001)
1 (45.37444904333733,-73.55485682773802)
1 (45.41644589381918,-73.60774538937166)
1 (45.69536430194581,-73.42550075376826)
1 (45.551357013576805,-73.35834610761019)
1 (45.466138679254755,-73.46352796824439)
1 (45.37094336333328,-73.60826629413994)
1 (45.279567216819785,-73.42353238851975)
1 (45.63734293861066,-73.25307399911074)
1 (45.257942696888,-73.74254799432751)
1 (45.545713993213006,-73.43644272446545)
1 (45.380118400877095,-73.57409426347256)
1 (45.58687956711091,-73.25862748029735)
1 (45.48658037011623,-73.4268773376903)
1 (45.50241797888988,-73.61674961227864)
1 (45.51418011530028,-73.25822935354373)
1 (45.3626097722132,-73.63219737130781)
1 (45.56735472981278,-73.32891129747226)
1 (45.61064050339715,-73.50667969282844)
1 (45.628461772169175,-73.31682264669625)
1 (45.6200713521562,-73.519076258307)
1 (45.54628239072143,-73.6124541993875)
1 (45.4068285120574,-73.73020702162891)
1 (45.41879676990449,-73.37858831954658)
1 (45.621824899610026,-73.30200033233139)
1 (45.60401174479653,-73.35079383847147)
1 (45.325816667924045,-73.6612688396545)
1 (45.35092152352024,-73.48368077498719)
1 (45.31420975949894,-73.5464080213766)
1 (45.441607556279706,-73.41067318855714)
1 (45.41627040636874,-73.26781271169696)
1 (45.2750352288037,-73.28222618501196)
1 (45.740556370895945,-73.28966224657708)
1 (45.50328017446292,-73.37895620327669)
1 (45.276374493356926,-73.50195560016414)
1 (45.65171805203741,-73.46207173141298)
1 (45.58968293280164,-73.29728310911334)
1 (45.61613747019098,-73.62378450916998)
1 (45.57109498717696,-73.29680195197044)
1 (45.5317862657555,-73.43504910185476)
1 (45.303504730362896,-73.28423807338942)
1 (45.252037544415145,-73.4570220578398)
1 (45.61734280327418,-73.60546757628316)
1 (45.55766214508351,-73.68604937811511)
1 (45.29258405761868,-73.47433626312583)
1 (45.74162045268681,-73.73978440734994)
1 (45.64836709860502,-73.29285620078493)
1 (45.37883697751583,-73.56420597458167)
1 (45.43344895039391,-73.74577398433958)
1 (45.39559696037521,-73.64784961412461)
1 (45.493706418117554,-73.56573558479897)
1 (45.49900516086743,-73.67048275261712)
1 (45.6465089001218,-73.48587818498876)
1 (45.61337253151991,-73.68874762533714)
1 (45.53602589055391,-73.50166008811354)
1 (45.697447582066545,-73.3709638310467)
1 (45.478395497720335,-73.65309483486834)
1 (45.68408464433318,-73.43732496305672)
1 (45.43116853166508,-73.61228657012683)
1 (45.29224239681135,-73.34014240092013)
1 (45.73755638319392,-73.41926897651246)
1 (45.610131543130805,-73.33158164602075)
1 (45.70274871479095,-73.25163038031302)
1 (45.63788133197669,-73.41350503127383)
1 (45.3569304463607,-73.64026350892111)
1 (45.40827061283851,-73.74557725578508)
1 (45.447616123940854,-73.55480850462057)
1 (45.3748695898157,-73.4037085617042)
1 (45.28253237497999,-73.27796336918522)
1 (45.46836441507224,-73.43120285097623)
1 (45.51351808914016,-73.46781661762742)
1 (45.57388756897473,-73.40964641492978)
1 (45.31177486448377,-73.27171214029977)
1 (45.67485254586233,-73.29561582638759)
1 (45.63528857820005,-73.30388696722878)
1 (45.542092447838776,-73.52270118300902)
1 (45.430356455201654,-73.73222792532789)
1 (45.62102752165785,-73.35613449142406)
1 (45.64089191231383,-73.6369738603082)
1 (45.68413781914867,-73.70948030921582)
1 (45.32154314364523,-73.70604525171015)
1 (45.37119265624088,-73.58938914053694)
1 (45.46364934925208,-73.71791382890481)
1 (45.43548941768214,-73.52533189432827)
1 (45.34667198333571,-73.6335300880256)
1 (45.350780191066214,-73.26652669190219)
1 (45.32197667234026,-73.47380712984346)
1 (45.41061515601691,-73.68793733384847)
1 (45.42070463920138,-73.49851467366886)
1 (45.56950777949215,-73.74126561855495)
1 (45.552960820957736,-73.52616761636213)
1 (45.53362752134374,-73.41527777393073)
1 (45.331659189259966,-73.54259906121071)
1 (45.50765133782326,-73.53259811784831)
1 (45.71110386837994,-73.53838779489105)
1 (45.54395652972134,-73.3072711931192)
1 (45.6777482456459,-73.29216641090787)
1 (45.620512590873574,-73.41893635148251)
1 (45.66856223741626,-73.57806587827535)
1 (45.39463129446621,-73.42537704179259)
1 (45.721051386949,-73.52115860557838)
1 (45.54115920948714,-73.63549968334648)
1 (45.578209515544785,-73.5547418534863)
1 (45.685748356640495,-73.59946527994437)
1 (45.58155027567309,-73.64765940039732)
1 (45.686515878900124,-73.64173970643927)
1 (45.6858508009746,-73.66858933413494)
1 (45.40070492746337,-73.36624663716341)
1 (45.32035434474764,-73.4373317168071)
1 (45.596884243810315,-73.30060004944345)
1 (45.60291680350112,-73.68061004819504)
1 (45.33777514218013,-73.31856115523506)
1 (45.58594535612047,-73.26175609020618)
1 (45.46396999825757,-73.68640773559167)
1 (45.27596585882779,-73.68987798084389)
1 (45.25460745658797,-73.51982160253421)
1 (45.62226880104623,-73.53471715255682)
1 (45.42749510715934,-73.61319302106821)
1 (45.51432183807584,-73.4783798700906)
1 (45.36822129692874,-73.51290892866436)
1 (45.56250044882403,-73.3244849099811)
1 (45.34547343133015,-73.35023457871925)
1 (45.56217625644159,-73.35899904902342)
1 (45.478081112973946,-73.32781641929414)
1 (45.557316009873645,-73.51513784922265)
1 (45.368227783807164,-73.36662685373068)
1 (45.32648254409681,-73.33718945528071)
1 (45.60482599344102,-73.26733949985349)
1 (45.41149207461728,-73.26497461441716)
1 (45.2712265067717,-73.32166660978433)
1 (45.49697075721436,-73.27188675314785)
1 (45.66223280357646,-73.62510817214124)
1 (45.52766654365084,-73.3850612098177)
1 (45.62681785393375,-73.39285533961419)
1 (45.419610681038805,-73.59620332555507)
1 (45.30499123873802,-73.36525867115284)
1 (45.581086550484244,-73.63596054814923)
1 (45.51994014473482,-73.4083145771001)
1 (45.709851651313045,-73.53345407765296)
1 (45.71986867558062,-73.66804160557713)
1 (45.47417210351043,-73.31569125925996)
1 (45.637885859752124,-73.62541088540354)
1 (45.71696700500248,-73.61906002903314)
1 (45.25284304703988,-73.62066311339132)
1 (45.744723474559805,-73.38696267932698)
1 (45.68919785600099,-73.37238750985387)
1 (45.575831460550674,-73.7138762823678)
1 (45.389781887213715,-73.7076560762109)
1 (45.72660054952385,-73.26673270059048)
1 (45.7317757858369,-73.64479938440812)
1 (45.70745948389428,-73.56949163983394)
1 (45.733245656851885,-73.63007827772643)
1 (45.38670222428393,-73.27613565146814)
1 (45.6152707975711,-73.62354860332742)
1 (45.25463272812985,-73.38104636196354)
1 (45.74299340242158,-73.35783430773996)
1 (45.3870739608463,-73.6238268087934)
1 (45.36784673933699,-73.45631699101348)
1 (45.56394475579697,-73.63811517264729)
1 (45.63276899729479,-73.69441810830872)
1 (45.545971657699745,-73.67079058909421)
1 (45.4823859331453,-73.51919287792326)
1 (45.45059103853825,-73.45920235883624)
1 (45.44094598449784,-73.50837310134493)
1 (45.49670992321989,-73.59965922554721)
1 (45.682217632632025,-73.25028876393378)
1 (45.607232580936305,-73.47039576691984)
1 (45.417609198788384,-73.66076666379391)
1 (45.46812290986194,-73.48658880988566)
1 (45.371447361821986,-73.52214683178902)
1 (45.64326102545244,-73.66372659275379)
1 (45.49565128808308,-73.53297590091533)
1 (45.735465838943966,-73.64873961392959)
1 (45.59996511057649,-73.39472921179282)
1 (45.365793544289076,-73.54578190515203)
1 (45.73846224122064,-73.43408160672453)
1 (45.415585288080884,-73.51540747688425)
1 (45.4982107591366,-73.46578982254431)
1 (45.53872561724444,-73.26211669923325)
1 (45.28179008306173,-73.54216719448013)
1 (45.40518644930243,-73.64585323640527)
1 (45.26177454724279,-73.4104246553518)
1 (45.481169766688375,-73.25801236355696)
1 (45.41235077312999,-73.40881957940779)
1 (45.38602536658515,-73.39187703055478)
1 (45.39091096396799,-73.67659745005636)
1 (45.49160837480463,-73.41112855487995)
1 (45.55076558427942,-73.43112883007372)
1 (45.44585443906296,-73.57818431081104)
1 (45.515044115888635,-73.67843753676908)
1 (45.7090888293173,-73.44659510742305)
1 (45.53140394916386,-73.57048344021221)
1 (45.48894911296456,-73.44859054599293)
1 (45.25734261072923,-73.70410677262618)
1 (45.64778891795579,-73.3200911381171)
1 (45.696709942960304,-73.47245819760903)
1 (45.73504414167449,-73.50111133432729)
1 (45.71944213703967,-73.6300325231551)
1 (45.266280788656374,-73.6294580380481)
1 (45.44859055030913,-73.51709137145917)
1 (45.730507214031654,-73.70998496685006)
1 (45.29139397448123,-73.40830336031063)
1 (45.55782151123882,-73.49039322472288)
1 (45.52444382159327,-73.70384826558157)
1 (45.42057843829527,-73.50767423015013)
1 (45.616917350784796,-73.66902457951086)
1 (45.27299830796173,-73.6867716545746)
1 (45.39040506279406,-73.65056787008524)
1 (45.456503493068276,-73.27489423460165)
1 (45.66903393583668,-73.65443027106222)
1 (45.511056768091755,-73.28114189954871)
1 (45.26938912306741,-73.36068954338508)
1 (45.536388742618044,-73.46171340254556)
1 (45.51616250443958,-73.57654884341225)
1 (45.54123993135113,-73.74594355249548)
1 (45.44650701741051,-73.288056632251)
1 (45.703606444534266,-73.3377741902248)
1 (45.48375198742338,-73.36521889380701)
1 (45.34046650694996,-73.55099307440868)
1 (45.619434847979846,-73.6035938463041)
1 (45.65157807521768,-73.74468062950513)
1 (45.541530909125925,-73.64825236476983)
1 (45.45867644461848,-73.51778476255522)
1 (45.68631335456286,-73.44315528346782)
1 (45.708763942117585,-73.5985994904285)
1 (45.37145147189661,-73.68054164728497)
1 (45.448171673585634,-73.62615375509459)
1 (45.488756016785985,-73.29084000101929)
1 (45.30268730565232,-73.26612189358616)
1 (45.696406259565755,-73.31390780379648)
1 (45.71828046806307,-73.33384805298128)
1 (45.65254399013251,-73.52707198776992)
1 (45.326820974839606,-73.31143231864466)
1 (45.574795868961516,-73.47448655327902)
1 (45.30167340791776,-73.34455626985873)
1 (45.29358583933129,-73.54574139104274)
1 (45.459164573493936,-73.48783195349586)
1 (45.49102543769202,-73.48944894934725)
1 (45.643659009387456,-73.63493807211081)
1 (45.481720444322,-73.71970393965724)
1 (45.606340653359425,-73.72166296156045)
1 (45.69700823943866,-73.4798537326619)
1 (45.65078728882016,-73.42620429172595)
1 (45.47994086726914,-73.3689353756106)
1 (45.27203769084788,-73.71168098797042)
1 (45.38475456457269,-73.41142806880708)
1 (45.36008928586299,-73.66079330533616)
1 (45.40161764151243,-73.26063775743549)
1 (45.27362816237689,-73.64192232197239)
1 (45.395123807746614,-73.27007369387519)
1 (45.71528065634477,-73.41969085207563)
1 (45.5532993640579,-73.54559461556094)
1 (45.35578978340649,-73.3811129580463)
1 (45.29281812555895,-73.70389522736238)
1 (45.56125759597094,-73.59093998420443)
1 (45.35566882525456,-73.41007169227166)
1 (45.37495802793814,-73.41666623012638)
1 (45.26269560457015,-73.34854759638029)
1 (45.59321302998661,-73.47488809589883)
1 (45.36023279940504,-73.59756023541615)
1 (45.353438076904474,-73.64631589261487)
1 (45.40748117983365,-73.42769943136977)
1 (45.6217013485526,-73.38671786198974)
1 (45.50432356231673,-73.32965973119612)
1 (45.32700433829052,-73.52543168392906)
1 (45.651953329901794,-73.59540929164037)
1 (45.63997971612272,-73.6918090134243)
1 (45.37199038992723,-73.53039687754934)
1 (45.53481566133802,-73.44306404883139)
1 (45.58368477729439,-73.36221162189958)
1 (45.3049541712372,-73.58447779985862)
1 (45.35335892892182,-73.63327766483191)
1 (45.625474227485846,-73.57476497705208)
1 (45.685415253917405,-73.32170928692011)
1 (45.568058526393884,-73.2956409879255)
1 (45.72003686111494,-73.6253696372587)
1 (45.67805654959732,-73.3352319660051)
1 (45.53913445238625,-73.2694695817834)
1 (45.317394243434144,-73.2899513238162)
1 (45.25914375623862,-73.35771085535538)
1 (45.46194435723655,-73.4288216441489)
1 (45.706953323323766,-73.68102060582599)
1 (45.517459551149955,-73.3879512677422)
1 (45.733543300216525,-73.52634285267314)
1 (45.48428377346741,-73.3709803794425)
1 (45.61884182841169,-73.3907447673421)
1 (45.4577956117455,-73.62379196989374)
1 (45.560856102765754,-73.60326404368988)
1 (45.49890066897081,-73.72863830886564)
1 (45.42231129063913,-73.68846648225713)
1 (45.34687819284951,-73.52406424703274)
1 (45.72883108141519,-73.3716008128186)
1 (45.275500595228536,-73.70261399796927)
1 (45.37411938819698,-73.42553083010067)
1 (45.61258274484386,-73.36828854796302)
1 (45.58965369656302,-73.59429293143671)
1 (45.5529811043382,-73.55007641601982)
1 (45.47907607874811,-73.59716995109667)
1 (45.39555116511615,-73.36661070054319)
1 (45.30076898623356,-73.72059028326277)
1 (45.7256848832847,-73.72011117120786)
1 (45.706028355235844,-73.74295427925021)
1 (45.346788189979854,-73.56525031300124)
1 (45.30479767888113,-73.40965771263203)
1 (45.43642158101314,-73.45043785167194)
1 (45.7361022056424,-73.38212529466571)
1 (45.465815759199764,-73.66524881220576)
1 (45.36612342603354,-73.52558494992064)
1 (45.37508662574347,-73.44832542053365)
1 (45.32327966668382,-73.57560677449217)
1 (45.34071329014105,-73.31506389107004)
1 (45.306729325089435,-73.63309838769155)
1 (45.70670502635588,-73.65375239521073)
1 (45.47238932522659,-73.58149138591756)
1 (45.27637212824845,-73.31255717265552)
1 (45.70886180013904,-73.39827169533942)
1 (45.67772847391352,-73.45785887468797)
1 (45.26458813878617,-73.44579945532158)
1 (45.4222921444016,-73.52692223195437)
1 (45.4770999999468,-73.67353204208253)
1 (45.57441353971136,-73.62473708168324)
1 (45.28541295496957,-73.74530690229562)
1 (45.636248786831324,-73.72609953332339)
1 (45.27740892625167,-73.42125883039726)
1 (45.33210953551208,-73.53960751691561)
1 (45.735479672002576,-73.57423907205586)
1 (45.44515856186796,-73.3702253537683)
1 (45.49575414977512,-73.50527194443636)
1 (45.71928370197264,-73.28142740358899)
1 (45.42890825256597,-73.74162742143082)
1 (45.58947114317321,-73.30666154434863)
1 (45.4838566511928,-73.2545061063274)
1 (45.64511222014202,-73.39297839636374)
1 (45.50955167836755,-73.52112598938996)
1 (45.26241622156248,-73.67715293540682)
1 (45.48466546192077,-73.5781685497838)
1 (45.26446497652928,-73.5964804452708)
1 (45.34010697944308,-73.67008435024938)
1 (45.28043323173903,-73.72265932357328)
1 (45.255126608444485,-73.28667663745242)
1 (45.679112222719965,-73.57777863610441)
1 (45.64418653364655,-73.30967412580745)
1 (45.54611198236534,-73.54640887977845)
1 (45.52882618777859,-73.64767236693427)
1 (45.6589813021837,-73.33714986422018)
1 (45.60642755053068,-73.63286578062369)
1 (45.28997253068404,-73.27071989014694)
1 (45.58608599210383,-73.58141073835449)
1 (45.43229161132817,-73.47977633836301)
1 (45.26071822192549,-73.28205268356145)
1 (45.70241219027795,-73.3981376578287)
1 (45.32408950644387,-73.27481867882378)
1 (45.71839572529851,-73.69393267086899)
1 (45.62161822617298,-73.61311920078552)
1 (45.69214792749989,-73.56243346646644)
1 (45.34461661174674,-73.36852158234888)
1 (45.30215510517154,-73.53993342048072)
1 (45.63905211675464,-73.43774982941288)
1 (45.632482269855274,-73.73001255628897)
1 (45.70196506682807,-73.74613417916098)
1 (45.57367820901065,-73.54788804901084)
1 (45.681353427556274,-73.7107760811279)
1 (45.58172078442757,-73.28727772668205)
1 (45.578636889199366,-73.33011275949194)
1 (45.58224938990309,-73.49731019162103)
1 (45.376737813164965,-73.5043581882902)
1 (45.58906933531135,-73.32449584777753)
1 (45.2813676747107,-73.66346546204177)
1 (45.27827654873173,-73.62662790020276)
1 (45.268283186828185,-73.48579830831903)
1 (45.32233915951674,-73.3017137794283)
1 (45.575077173471726,-73.43161769314567)
1 (45.74208566030755,-73.3956420092215)
1 (45.362495133491564,-73.49078226535465)
1 (45.37878795913379,-73.65727077521879)
1 (45.497319031595,-73.4537293757081)
1 (45.32339045726452,-73.29897933193928)
1 (45.27653566112796,-73.65884656086001)
1 (45.26542510510028,-73.29445420887997)
1 (45.420808005049686,-73.54776097842824)
1 (45.74026517055101,-73.60358757933234)
1 (45.31419329582848,-73.47286769588825)
1 (45.66010906467961,-73.25684544371359)
1 (45.25660265575267,-73.54858527397866)
1 (45.31144868169992,-73.25831898901588)
1 (45.4256729005176,-73.41937048080042)
1 (45.689765166618685,-73.27790282023042)
1 (45.31552166109617,-73.6334415196165)
1 (45.62080799688758,-73.5986493068977)
1 (45.63128310727892,-73.36145241613667)
1 (45.587051931576646,-73.26532854162895)
1 (45.470371951930105,-73.48402913182385)
1 (45.53778934208414,-73.34457931376382)
1 (45.614099597867686,-73.59112080924969)
1 (45.71180391415616,-73.65576638389041)
1 (45.38656668726365,-73.68953760433565)
1 (45.642684897339066,-73.26476544638598)
1 (45.3116823719908,-73.40283967687601)
1 (45.548579369809744,-73.45037704364452)
1 (45.71371129933071,-73.66990954371151)
1 (45.730543331668635,-73.2549266420237)
1 (45.46192504794065,-73.40508325844142)
1 (45.416640689227734,-73.616838158615)
1 (45.25573563591007,-73.27363382140433)
1 (45.692552301875295,-73.45357413099977)
1 (45.68311440594425,-73.66169291832986)
1 (45.25369594700781,-73.41831563871054)
1 (45.26215039256693,-73.57936555629453)
1 (45.69872090167736,-73.39311113858348)
1 (45.293278222539044,-73.62983445935242)
1 (45.45972940662989,-73.60495338354872)
1 (45.60800594738821,-73.30566988566464)
1 (45.73069040701794,-73.5593492916414)
1 (45.698899624963374,-73.73635259956896)
1 (45.41224940676749,-73.27842815486353)
1 (45.25513164559189,-73.60818645092448)
1 (45.63850127040394,-73.60748870246557)
1 (45.30807592819142,-73.30931957881936)
1 (45.38928150448687,-73.61511654919889)
1 (45.51223385147396,-73.418511313918)
1 (45.52014444564859,-73.35760846935952)
1 (45.548200313985646,-73.45657476260118)
1 (45.26143517743054,-73.5084208207123)
1 (45.736430647434965,-73.35409334560592)
1 (45.347725468980116,-73.56771465207386)
1 (45.693244161859674,-73.358051960056)
1 (45.43937206111926,-73.56580062987639)
1 (45.74380151617627,-73.60344192588973)
1 (45.38906898673447,-73.35739242069366)
1 (45.330718521709784,-73.3136916329006)
1 (45.688004004842654,-73.27105738967111)
1 (45.321529941687416,-73.56594268717218)
1 (45.59859227107882,-73.53010935038749)
1 (45.42339251193101,-73.263734544427)
1 (45.543748940899015,-73.49741816211997)
1 (45.35921726883994,-73.40057837511326)
1 (45.27627549221477,-73.41721670590678)
1 (45.545847032193095,-73.37319398442929)
1 (45.696172742621144,-73.4319661157644)
1 (45.741945716230816,-73.51285160015465)
1 (45.41855719537579,-73.7416956472673)
1 (45.5009417423303,-73.64730323466561)
1 (45.32034518888306,-73.34696412812583)
1 (45.27266889326678,-73.38420634093038)
1 (45.30998285165061,-73.37469509246766)
1 (45.646273506530704,-73.4197353920863)
1 (45.471238206799484,-73.52861868903622)
1 (45.51650773475919,-73.52324514077466)
1 (45.52943472605614,-73.73290829161162)
1 (45.38570445916982,-73.4303920989528)
1 (45.276494417180466,-73.54883082672174)
1 (45.584530148141255,-73.69303878766402)
1 (45.66977119638726,-73.43983482966237)
1 (45.40603773128666,-73.58455841256239)
1 (45.28889422523361,-73.44048094802541)
1 (45.4995923871602,-73.44382542998078)
1 (45.69470359117842,-73.74897507121752)
1 (45.3639189679701,-73.36022043448382)
1 (45.48484944754877,-73.71179455679692)
1 (45.4118203391227,-73.355395974314)
1 (45.4817387138319,-73.60200380551098)
1 (45.35304196995166,-73.70534261536906)
1 (45.52025177373678,-73.51033555929607)
1 (45.55630882522787,-73.26846261710266)
1 (45.72501516967665,-73.56997000444787)
1 (45.60673616871465,-73.64190175385254)
1 (45.48000397552626,-73.62217420632018)
1 (45.470617037736275,-73.65930741966653)
1 (45.49686160713304,-73.30056963441784)
1 (45.51601453291139,-73.66847441561323)
1 (45.48256222501985,-73.36677645168199)
1 (45.61463825448727,-73.68700777470455)
1 (45.39190504562677,-73.46953825215334)
1 (45.6681596340251,-73.42817463092332)
1 (45.62581741628749,-73.32316163891277)
1 (45.66042193588684,-73.31753566263032)
1 (45.30255728594349,-73.60921048556624)
1 (45.73592631633101,-73.4837389357604)
1 (45.38564375886586,-73.69787527719102)
1 (45.34452634860354,-73.30402758680246)
1 (45.49970772840398,-73.56229298454265)
1 (45.6724388071268,-73.41655536521242)
1 (45.70344282418889,-73.52032405306436)
1 (45.40047980246809,-73.67752197798639)
1 (45.317450516320584,-73.68389796125591)
1 (45.29186061915485,-73.3414335573846)
1 (45.62401087765957,-73.72601961172235)
1 (45.713928745397226,-73.27746104278658)
1 (45.36567436364229,-73.28988410986867)
1 (45.44091529352767,-73.30391258026282)
1 (45.470058038741115,-73.5632782059593)
1 (45.46805060539693,-73.7262539097161)
1 (45.3193428538639,-73.72455170108348)
1 (45.591335988627044,-73.40190354661037)
1 (45.66470702354653,-73.63392310048725)
1 (45.67180977720256,-73.62719786510299)
1 (45.458293736744885,-73.29573888355705)
1 (45.308322309740504,-73.34846373738611)
1 (45.43829982976556,-73.25353641623084)
1 (45.58863468358908,-73.64005470013849)
1 (45.25638505089145,-73.70036592430739)
1 (45.67508220236618,-73.56749934718974)
1 (45.280840368002366,-73.69180749970482)
1 (45.708094156172166,-73.46357889048636)
1 (45.44381628954841,-73.43847437915082)
1 (45.378537270422065,-73.28919339713329)
1 (45.626401246626045,-73.72852455798527)
1 (45.52815114396447,-73.62929461858197)
1 (45.59145276920512,-73.58880789177071)
1 (45.28626946522546,-73.48695596217244)
1 (45.38082273283396,-73.33575650653924)
1 (45.54057197588119,-73.38581834141421)
1 (45.39098127307584,-73.69398180989499)
1 (45.469787450599135,-73.37269347063837)
1 (45.52903209330442,-73.6717718486555)
1 (45.43706928604227,-73.32802409645839)
1 (45.429725192388716,-73.37828811974397)
1 (45.254190586244775,-73.54219398085945)
1 (45.6833115122275,-73.44724153746591)
1 (45.678756675328366,-73.30034790955118)
1 (45.38394706990553,-73.6961828164453)
1 (45.499308793762,-73.73742528574623)
1 (45.55884245108914,-73.59927258342096)
1 (45.69649324411501,-73.47852881402582)
1 (45.67946698094823,-73.58450258783154)
1 (45.442396370388124,-73.56754271670124)
1 (45.48785492739402,-73.58381938428609)
1 (45.614696222378946,-73.40908274431587)
1 (45.29342460792532,-73.66645750835953)
1 (45.55745786210009,-73.40540357595795)
1 (45.70870946121829,-73.47201964855562)
1 (45.51619965701236,-73.66080663825682)
1 (45.49601325364455,-73.5304467956557)
1 (45.51128415428587,-73.5513850128314)
1 (45.29124021520662,-73.41100166955886)
1 (45.390737408616225,-73.61760935029538)
1 (45.456013921351065,-73.48174445681171)
1 (45.42127691025336,-73.6313022692593)
1 (45.684687073179155,-73.38471001859547)
1 (45.53462854799347,-73.31696637828504)
1 (45.25895761364516,-73.6401016198893)
1 (45.74513940775062,-73.57022407658854)
1 (45.49954506002832,-73.58529629144032)
1 (45.29424324442568,-73.61329528547425)
1 (45.51174381803144,-73.6313125677488)
1 (45.2575120490517,-73.35898224447013)
1 (45.25965905296218,-73.5806220398846)
1 (45.67082729183355,-73.32054852606804)
1 (45.33254349889151,-73.49579116907735)
1 (45.69363047184742,-73.70517210833319)
1 (45.485892078740655,-73.33842060088476)
1 (45.429263458036964,-73.36332082046513)
1 (45.64981464186309,-73.31220477961031)
1 (45.265084592374734,-73.53544090237814)
1 (45.59769506127971,-73.54266466813836)
1 (45.478347680280336,-73.34076774757288)
1 (45.35925843572438,-73.40921237175228)
1 (45.37775648194688,-73.69086080279102)
1 (45.74390648935848,-73.51268662785782)
1 (45.41515822890912,-73.28263242090561)
1 (45.512544260701276,-73.41335368619401)
1 (45.50701544929624,-73.53218359263481)
1 (45.29910981292514,-73.41059846258287)
1 (45.25109616411176,-73.2516773517275)
1 (45.33663161672485,-73.2561365623381)
1 (45.31024827832093,-73.54677376390033)
1 (45.3868768775489,-73.29755800265869)
1 (45.462174890963176,-73.32181807164756)
1 (45.50751707487513,-73.63836897663388)
1 (45.681802736601796,-73.4240169969967)
1 (45.416225462558984,-73.47442860861742)
1 (45.63113720846468,-73.33625560675237)
1 (45.72723443396737,-73.3247829121068)
1 (45.58042265073317,-73.44100078473518)
1 (45.742619057329385,-73.41737889645196)
1 (45.57397788505903,-73.72490458057466)
1 (45.27793616179146,-73.51699683777716)
1 (45.58425244404161,-73.37526429382324)
1 (45.6898370045802,-73.49396968960264)
1 (45.46844975770952,-73.53541386289473)
1 (45.35188426198265,-73.42786367165922)
1 (45.253489488615486,-73.53641399622938)
1 (45.294043111626564,-73.52027474631554)
1 (45.62713178562792,-73.70707663480562)
1 (45.5811786646605,-73.55525113642064)
1 (45.505762223099076,-73.38340230127143)
1 (45.256380906875,-73.59458240521508)
1 (45.682636798694936,-73.49192666410389)
1 (45.316051315341895,-73.52830134041461)
1 (45.33431222053572,-73.56926585117375)
1 (45.71542355681636,-73.51822488773936)
1 (45.57753744988934,-73.3023178439762)
1 (45.3255541012434,-73.27421651924256)
1 (45.32405837750612,-73.63012038684606)
1 (45.57580677355209,-73.48908213578525)
1 (45.37658812294522,-73.6392836437575)
1 (45.719468606939266,-73.62861773703146)
1 (45.54562127846091,-73.41020908877304)
1 (45.25437255301443,-73.62830709830027)
1 (45.54382130082812,-73.6309735806102)
1 (45.51526600612869,-73.38752345650674)
1 (45.53238589531788,-73.68980130349271)
1 (45.33015218940123,-73.27581937124557)
1 (45.45209614252433,-73.58546334972431)
1 (45.39894507775322,-73.67399488507846)
1 (45.67068074700347,-73.35773843016781)
1 (45.709516342656066,-73.36511392957817)
1 (45.51767773275594,-73.33723571816247)
1 (45.353576545184495,-73.36749497249397)
1 (45.458151638030664,-73.34542393360717)
1 (45.54282066784419,-73.56293203821592)
1 (45.47742486759978,-73.54162886837891)
1 (45.45438182730612,-73.71900781453786)
1 (45.710408097067614,-73.41405429176909)
1 (45.25387474227699,-73.73434099495195)
1 (45.45116466553428,-73.44654924065668)
1 (45.254174336879835,-73.64996550597039)
1 (45.42102064576508,-73.26188784782914)
1 (45.66856275080659,-73.66876972150136)
1 (45.556832027079984,-73.54574548971179)
1 (45.30799148580035,-73.6080292158118)
1 (45.60494705977517,-73.29334828171197)
1 (45.35394379552839,-73.37754708288963)
1 (45.47095215432644,-73.39294077979726)
1 (45.510745402243884,-73.72777139032789)
1 (45.5804656218442,-73.26675977920287)
1 (45.404160182279846,-73.64848967941937)
1 (45.45204422429178,-73.73112000002791)
1 (45.54672068695273,-73.41930596485764)
1 (45.26969365929748,-73.41251058001139)
1 (45.534481546448006,-73.41808617396408)
1 (45.469524229967476,-73.4662689268188)
1 (45.374747127979276,-73.38291341160729)
1 (45.72276942167812,-73.48844193447367)
1 (45.46981324870515,-73.3968248429462)
1 (45.70568535494057,-73.38986210514773)
1 (45.29787566760426,-73.42270757533198)
1 (45.69577530401032,-73.61425922849699)
1 (45.738996899459735,-73.25821135041826)
1 (45.32333375761027,-73.42939648671066)
1 (45.29138555192839,-73.30739112775478)
1 (45.737480810450606,-73.60176223565274)
1 (45.61123124520165,-73.57702359379161)
1 (45.51665804520946,-73.58126751099886)
1 (45.38795103508339,-73.30114646970972)
1 (45.36498305890661,-73.37269130445)
1 (45.53594166668451,-73.57735047534561)
1 (45.48791049618721,-73.55528461893765)
1 (45.543795549934984,-73.36270907949647)
1 (45.53332324001324,-73.43098639871778)
1 (45.572426063913184,-73.62596148903975)
1 (45.617478218030705,-73.53512305275392)
1 (45.53466158683884,-73.3856700954553)
1 (45.72915699123333,-73.73125587735925)
1 (45.42060571688078,-73.28155392833271)
1 (45.719922250653795,-73.33400880877741)
1 (45.55542435250944,-73.7280549338095)
1 (45.6435567977241,-73.66025185317481)
1 (45.28920883369331,-73.58542480197141)
1 (45.40356286576052,-73.5999335931178)
1 (45.3221773425294,-73.65422504643358)
1 (45.50402471973796,-73.72314897603924)
1 (45.46271519993763,-73.65411402131008)
1 (45.67618912819025,-73.5996967326043)
1 (45.60061802249394,-73.68714942215398)
1 (45.27079327135157,-73.40142363286652)
1 (45.55338983837124,-73.50956599455125)
1 (45.56447085416871,-73.4860708052481)
1 (45.70956161348211,-73.74409292506482)
1 (45.52749298498508,-73.52413030161443)
1 (45.54973398475618,-73.45735641871126)
1 (45.63965102129567,-73.32738799849352)
1 (45.6734111880255,-73.30376819640006)
1 (45.52126431886733,-73.36937204803696)
1 (45.39768140439956,-73.6985310358986)
1 (45.46709691047997,-73.55384390363915)
1 (45.322412247354556,-73.72799812031217)
1 (45.43239246053535,-73.58776194341486)
1 (45.47586815033192,-73.73560341665384)
1 (45.62228802347667,-73.34981578822233)
1 (45.26451978120237,-73.73593556892287)
1 (45.5785428139092,-73.41467231374156)
1 (45.451304007478264,-73.5082585406647)
1 (45.54081873958744,-73.39649214042984)
1 (45.27770602192421,-73.40388750522729)
1 (45.38367557029354,-73.51306880348523)
1 (45.62677362317001,-73.56930903271392)
1 (45.59499419848844,-73.74411031498678)
1 (45.2965370096966,-73.43879010333748)
1 (45.56671725888031,-73.663725937162)
1 (45.51629549012158,-73.4864509322073)
1 (45.41459718275701,-73.4680992720267)
1 (45.29184607997149,-73.34838195347103)
1 (45.63006753926833,-73.39462112086274)
1 (45.509966964759144,-73.53036602177741)
1 (45.59440429707161,-73.63842418251573)
1 (45.467332363872245,-73.5061220894016)
1 (45.35301935136624,-73.51630411342025)
1 (45.61452334918952,-73.584717299012)
1 (45.556029608811954,-73.506429843305)
1 (45.32191255799329,-73.48389976794148)
1 (45.62017048030352,-73.40503862251214)
1 (45.380939238323165,-73.58858479189199)
1 (45.45667367822976,-73.68847967910942)
1 (45.25165384939918,-73.4005828983606)
1 (45.539904700144994,-73.25051294735273)
1 (45.25540022376918,-73.69688827591071)
1 (45.66235637761061,-73.50068738997088)
1 (45.49011636031839,-73.40945194327833)
1 (45.43302066951745,-73.35991673677654)
1 (45.71497305543347,-73.71934411953602)
1 (45.4282113568167,-73.47403785386618)
1 (45.31093318086677,-73.32256620755925)
1 (45.39658659020679,-73.48518044536513)
1 (45.67430246792192,-73.273502707954)
1 (45.553420454048094,-73.4541944585016)
1 (45.541455955689976,-73.74510935537572)
1 (45.27309890241737,-73.51517461229936)
1 (45.2746626944487,-73.46241380214077)
1 (45.403366129004596,-73.56528949058085)
1 (45.56129434245413,-73.46776109804513)
1 (45.48002297187242,-73.74966560891878)
1 (45.29169184927451,-73.26246622732188)
1 (45.31658006454864,-73.69199457404913)
1 (45.58457740865701,-73.7401417922221)
1 (45.279794031271464,-73.34682499084589)
1 (45.523137354111675,-73.68194916218401)
1 (45.539065898567614,-73.50916803519452)
1 (45.64976501274275,-73.42337702888928)
1 (45.69535647656982,-73.41108913418489)
1 (45.64294038463016,-73.62588167249298)
1 (45.45357459348897,-73.4633760035701)
1 (45.365837448333885,-73.39482885214385)
1 (45.40131954590288,-73.56316601970623)
1 (45.63298760563345,-73.27765742148145)
1 (45.49641004379352,-73.48558425700334)
1 (45.58869130443157,-73.45304069194914)
1 (45.54580764925847,-73.70898623568213)
1 (45.52885827907187,-73.68305147260631)
1 (45.27934356681583,-73.58931746691906)
1 (45.32656977941946,-73.34594275043096)
1 (45.58308335064257,-73.59939484349229)
1 (45.3408948309231,-73.59713598665421)
1 (45.55921497030962,-73.38358295282555)
1 (45.29835555445904,-73.4203647507994)
1 (45.322021229863864,-73.64738115803847)
1 (45.63692502443734,-73.52965176977321)
1 (45.322798689329964,-73.40485566551992)
1 (45.69355434117746,-73.26590297846569)
1 (45.52051063685817,-73.34464318767007)
1 (45.39796390400804,-73.29938251538732)
1 (45.37951276414134,-73.54742136257593)
1 (45.307797212960715,-73.60118840050036)
1 (45.48086560665631,-73.49428367762583)
1 (45.38322358638501,-73.28307854383497)
1 (45.4795491107253,-73.74637474409946)
1 (45.35268986828092,-73.52560282652955)
1 (45.726319892037175,-73.35143469168369)
1 (45.36575899271049,-73.419477020524)
1 (45.600002971080485,-73.44256957564428)
1 (45.36383693909599,-73.63448989349064)
1 (45.46368538569493,-73.63860740407777)
1 (45.72507775828232,-73.40396549742219)
1 (45.66657976764639,-73.73381754019674)
1 (45.25586948157431,-73.3709078261684)
1 (45.662251982094276,-73.27756423381479)
1 (45.50804236509605,-73.3844356431922)
1 (45.60345750608842,-73.49163276044008)
1 (45.698303751007025,-73.36197084906458)
1 (45.70400704280919,-73.55451000462479)
1 (45.69439258133333,-73.34387395091042)
1 (45.72888280548935,-73.59781884124043)
1 (45.611059416786965,-73.3628260115327)
1 (45.68525248199173,-73.31039906523817)
1 (45.52821648009102,-73.73023650847061)
1 (45.63907869645954,-73.33019529533428)
1 (45.70346530814089,-73.30631249917143)
1 (45.57469779595359,-73.62315531026893)
1 (45.40169795388028,-73.26915446787531)
1 (45.348042269936194,-73.30176034744554)
1 (45.6055808725712,-73.33135009282503)
1 (45.558106975275855,-73.3236018240543)
1 (45.40246909032246,-73.27001729479021)
1 (45.57581041031626,-73.73258673766831)
1 (45.26566135946262,-73.53810379975593)
1 (45.52457750049531,-73.561897240468)
1 (45.26089530694449,-73.61098046809225)
1 (45.70277169196816,-73.70874767953099)
1 (45.41259501884343,-73.59297148597575)
1 (45.27452959447582,-73.51627542557308)
1 (45.55862153972011,-73.46344475176491)
1 (45.53260238591936,-73.45756968670977)
1 (45.50714027932805,-73.68144137411238)
1 (45.6544837276222,-73.71088564691196)
1 (45.68470748384245,-73.69155363809071)
1 (45.63140506927229,-73.54350913696022)
1 (45.730791116999384,-73.68186625442597)
1 (45.44870464217742,-73.28452985492636)
1 (45.65068011059386,-73.73725609567056)
1 (45.635627571804136,-73.26394955173043)
1 (45.68609874689579,-73.30820138883526)
1 (45.48278994018935,-73.42709406521584)
1 (45.50083160408477,-73.67648129200019)
1 (45.54634073367644,-73.39921638179321)
1 (45.60727771102539,-73.34475285498449)
1 (45.51928133374975,-73.57547079867877)
1 (45.67909060272602,-73.50697227884719)
1 (45.652452727336595,-73.34610616932754)
1 (45.50492453555073,-73.4709832766846)
1 (45.65037680698266,-73.33576922924267)
1 (45.338795250559656,-73.60332552250034)
1 (45.35043850321879,-73.53922702207309)
1 (45.293677027341296,-73.54942182559455)
1 (45.51782166545042,-73.47361017876725)
1 (45.70669588743331,-73.64978306969438)
1 (45.25316203409536,-73.439447243911)
1 (45.57664243096552,-73.62472533244332)
1 (45.31505668147621,-73.6893025902005)
1 (45.73751559629576,-73.73632430951317)
1 (45.60536988415859,-73.74374898671394)
1 (45.38542243808886,-73.25693734422958)
1 (45.651701456337705,-73.26969854779072)
1 (45.420396768149516,-73.67860411834862)
1 (45.648433908069016,-73.3457837789949)
1 (45.299563296426484,-73.68699217804094)
1 (45.48545110724781,-73.58352360582002)
1 (45.72356176510256,-73.4972844189995)
1 (45.70192142351098,-73.45142688932987)
1 (45.494259095898904,-73.70751058813784)
1 (45.45146441870363,-73.26197934192494)
1 (45.288515808527215,-73.36730578825023)
1 (45.35457086738265,-73.62862727950083)
1 (45.390136251896344,-73.48693413792213)
1 (45.54432154749312,-73.28141499705328)
1 (45.6101202733512,-73.72264626694816)
1 (45.282251148775885,-73.44585016866432)
1 (45.70394762465331,-73.470045053623)
1 (45.73262945446819,-73.53986506224267)
1 (45.56386438510378,-73.57711396594179)
1 (45.335482623191595,-73.72840888526095)
1 (45.32400394073672,-73.35291843152777)
1 (45.71135317100022,-73.39424978230376)
1 (45.266663616225834,-73.49672061072212)
1 (45.66409819544392,-73.33698314345489)
1 (45.559171048781074,-73.50535373577824)
1 (45.62195100244612,-73.50003528385676)
1 (45.38251278199235,-73.5341826516573)
1 (45.27162217395028,-73.74762033513743)
1 (45.435260947420424,-73.58883232817468)
1 (45.69539181751924,-73.67015030897973)
1 (45.609321979818965,-73.31109705658588)
1 (45.51694552169642,-73.58751695565678)
1 (45.33764469659275,-73.49304813464597)
1 (45.398132551970185,-73.34495651151221)
1 (45.70826352503815,-73.30833846853801)
1 (45.705875137749416,-73.65587685489112)
1 (45.423915414662105,-73.58905805199277)
1 (45.286134027043076,-73.64006898807311)
1 (45.56195803809257,-73.3002246106567)
1 (45.54013575127773,-73.33414336849744)
1 (45.355429401753604,-73.67209918093542)
1 (45.39699325954115,-73.31382404926552)
1 (45.37282771329633,-73.74299705694737)
1 (45.31640213273183,-73.66490192782062)
1 (45.521553632724824,-73.34211967906319)
1 (45.63527027828547,-73.37119110056756)
1 (45.73794496509028,-73.30316388212422)
1 (45.392940125913434,-73.2537504379886)
1 (45.555447626641154,-73.44507004032018)
1 (45.731087724383606,-73.39592552289805)
1 (45.461704567623386,-73.58625135015963)
1 (45.56643430616965,-73.52343384758954)
1 (45.565207880299134,-73.57300185911963)
1 (45.47708124636664,-73.57775932177319)
1 (45.59264744260833,-73.50151136714683)
1 (45.626580623153764,-73.72454010632461)
1 (45.62920294344602,-73.49602074043602)
1 (45.5737788372262,-73.27642652817534)
1 (45.29576408089824,-73.57313166064166)
1 (45.481022001027064,-73.4820542432312)
1 (45.72942734931659,-73.27414040279075)
1 (45.53848727714693,-73.33932020573177)
1 (45.296605927821055,-73.38349547442341)
1 (45.36820515396055,-73.53206753462776)
1 (45.42170242225597,-73.67208473606325)
1 (45.25776378053714,-73.2645779318404)
1 (45.25853272144416,-73.70903772966496)
1 (45.30073656373392,-73.67793846084717)
1 (45.66655217232433,-73.37508476791167)
1 (45.38855093292205,-73.67639252910952)
1 (45.57942393126626,-73.28424448988078)
1 (45.506815948071164,-73.37020253639396)
1 (45.36958231727868,-73.37871731936106)
1 (45.43805316158869,-73.45434517179314)
1 (45.71918242434485,-73.50434258006027)
1 (45.26232520003786,-73.68952776847182)
1 (45.30519061575045,-73.3008323964754)
1 (45.47743270261224,-73.73355745359954)
1 (45.294358517532345,-73.25222635754238)
1 (45.63115097440247,-73.38701263852657)
1 (45.72243671220174,-73.73861590868181)
1 (45.56940331187821,-73.3674594558729)
1 (45.301222524202615,-73.41016828014823)
1 (45.256319039122566,-73.5111235070376)
1 (45.55689936827975,-73.66883495810369)
1 (45.614799798214236,-73.31997068192216)
1 (45.45361384610758,-73.49186042931491)
1 (45.46951855668238,-73.52556822816943)
1 (45.29734949349372,-73.26431219733854)
1 (45.448201555465324,-73.32889069905681)
1 (45.74689492363663,-73.70533359276912)
1 (45.61159428305745,-73.69740304960513)
1 (45.681066950416934,-73.3746764367076)
1 (45.637688085944774,-73.55729635782906)
1 (45.48433789022755,-73.6323010011539)
1 (45.581585091176656,-73.4096694016339)
1 (45.51662923813891,-73.29443619585344)
1 (45.568804815029004,-73.32474248592118)
1 (45.62727238203735,-73.58447345353223)
1 (45.256886504908785,-73.42785769179287)
1 (45.55800028621532,-73.31642312366729)
1 (45.51781717070219,-73.38506292990311)
1 (45.45532227784133,-73.57239276599323)
1 (45.55211591493976,-73.52449483206986)
1 (45.47874736970857,-73.44365217141251)
1 (45.54433117193963,-73.59256880877142)
1 (45.64805986869751,-73.6973303788677)
1 (45.50925802473169,-73.74115239517518)
1 (45.62021435894013,-73.50764543184971)
1 (45.65835857051605,-73.67344086367015)
1 (45.52440522861931,-73.65179811265807)
1 (45.436669224007,-73.44217239883535)
1 (45.312479392778634,-73.31626639884489)
1 (45.34190466719345,-73.69411274162832)
1 (45.30109913305689,-73.38921771819938)
1 (45.73951847147648,-73.68940737247286)
1 (45.6919250363479,-73.32911166829975)
1 (45.63015702941369,-73.69344220574757)
1 (45.35657762798087,-73.39829635644318)
1 (45.70924323896814,-73.34227179090668)
1 (45.56424924667221,-73.73350684606109)
1 (45.582353108516024,-73.3204669420367)
1 (45.61157627226844,-73.39265475396354)
1 (45.66459841532531,-73.66240161511914)
1 (45.48674495009804,-73.66915360541748)
1 (45.59740496497826,-73.69454206336017)
1 (45.26279226421908,-73.60125480077325)
1 (45.46187635342719,-73.57721889433896)
1 (45.368676767350955,-73.72447470081833)
1 (45.65435915558099,-73.57965602912584)
1 (45.73093256058164,-73.72017375005677)
1 (45.51687617104198,-73.63169823281576)
1 (45.51358257458299,-73.70270395120416)
1 (45.682770031972005,-73.33972192844243)
1 (45.309476113238226,-73.46127163367109)
1 (45.60620050749192,-73.53263210161298)
1 (45.65232836548874,-73.53076780214252)
1 (45.393064381595536,-73.51664093105337)
1 (45.62547831330018,-73.50829883322878)
1 (45.3404576941038,-73.56469171311282)
1 (45.64074438969274,-73.55900572975308)
1 (45.52197579084871,-73.74793488730535)
1 (45.64874583109171,-73.56599081177018)
1 (45.32694767080926,-73.53258051679128)
1 (45.62067068603436,-73.37477590562656)
1 (45.57312656084703,-73.61574492243625)
1 (45.61070991569919,-73.56269669624423)
1 (45.664409610593694,-73.25857703023159)
1 (45.5682401833933,-73.6279934714023)
1 (45.25783555193592,-73.39399274194523)
1 (45.319326309034146,-73.44208871953032)
1 (45.53740943887193,-73.53976398570298)
1 (45.27822749885765,-73.74164785338554)
1 (45.46622999222111,-73.53550176527592)
1 (45.48132993867098,-73.35449930535297)
1 (45.30294539202848,-73.34424062175705)
1 (45.458291475492516,-73.25534633548375)
1 (45.723739287253565,-73.6158748828065)
1 (45.26817238421967,-73.43343275639295)
1 (45.586849716519126,-73.4006150219378)
1 (45.73193969009397,-73.42493061514098)
1 (45.71304909338437,-73.32592551751861)
1 (45.48697044168209,-73.71779834012233)
1 (45.53256460434266,-73.7100733039803)
1 (45.47404303651628,-73.57621310233904)
1 (45.56659371055173,-73.47945922219797)
1 (45.342793687420155,-73.65541174384315)
1 (45.46987059666476,-73.38532263982523)
1 (45.52772838771453,-73.58588020415966)
1 (45.25966493408093,-73.3782023408017)
1 (45.403619347557566,-73.49831163012722)
1 (45.39614536141308,-73.59570492845087)
1 (45.476477632080254,-73.7376089787223)
1 (45.55921546968824,-73.25067484936106)
1 (45.50428253463114,-73.27543831256541)
1 (45.28773131876929,-73.27277798636543)
1 (45.27026114309164,-73.57644447177216)
1 (45.60843504009364,-73.35680413974815)
1 (45.45074994497195,-73.40322136870579)
1 (45.38398980803568,-73.60566109638825)
1 (45.62953373571207,-73.2594843469756)
1 (45.35217741781854,-73.72507661953131)
1 (45.51104511215971,-73.36962302009894)
1 (45.71162036293435,-73.73044193974975)
1 (45.27592134364725,-73.27591775439421)
1 (45.633316248077854,-73.3640240812375)
1 (45.304153544723995,-73.30218424906701)
1 (45.74182281489353,-73.39294157705028)
1 (45.66342649697144,-73.2844653797453)
1 (45.415108108684024,-73.66484162856476)
1 (45.323235571489626,-73.60562046348805)
1 (45.69788068334568,-73.73913451428365)
1 (45.50898068149652,-73.6912674140289)
1 (45.709640704400016,-73.58693403463202)
1 (45.45447526371792,-73.72951352647554)
1 (45.65574374023001,-73.26252068710333)
1 (45.54617179722995,-73.46626648671234)
1 (45.41744434836094,-73.59318753960135)
1 (45.47789343252967,-73.50164722674019)
1 (45.705188017734244,-73.31274617229468)
1 (45.550974763767705,-73.57113225362338)
1 (45.40834501915686,-73.67676376531962)
1 (45.66145288077206,-73.33753283142514)
1 (45.56413132900745,-73.44476958256554)
1 (45.31331339683607,-73.74677469391887)
1 (45.298636859349024,-73.69621278784234)
1 (45.68478400094729,-73.51167170406971)
1 (45.66368240324077,-73.26287099459684)
1 (45.35328182362047,-73.28349281845595)
1 (45.504652482243124,-73.61070214606929)
1 (45.25385887228826,-73.55110193869157)
1 (45.346501790529516,-73.28880028823447)
1 (45.30585325189619,-73.27180584020735)
1 (45.27780908307711,-73.58215868206848)
1 (45.39294195977504,-73.6867757355976)
1 (45.44605273104566,-73.25836173558818)
1 (45.52290462509464,-73.70701353512474)
1 (45.551208456951535,-73.28612015150574)
1 (45.52514555700136,-73.67331444383639)
1 (45.63931991669162,-73.62573176634758)
1 (45.56638491499023,-73.69553272115736)
1 (45.55286916925428,-73.64809335446981)
1 (45.57791807941041,-73.66268825294739)
1 (45.59057449995171,-73.42980676670726)
1 (45.39145543140448,-73.38605676636897)
1 (45.265668880324874,-73.59721577353908)
1 (45.474793346083686,-73.69236721677619)
1 (45.52876333399156,-73.55187775252963)
1 (45.64343012040462,-73.6235849979808)
1 (45.439075006780406,-73.30401757741369)
1 (45.499729019932154,-73.72349068514283)
1 (45.52610061618275,-73.26892886726985)
1 (45.61734409255763,-73.69936874074477)
1 (45.48274187398505,-73.74408077206753)
1 (45.64536216938496,-73.53960182240746)
1 (45.370440004784435,-73.38185648941172)
1 (45.553978401145606,-73.44482112096989)
1 (45.69705241169998,-73.30439251048115)
1 (45.6815103337663,-73.69149428499503)
1 (45.54900542193753,-73.57290589621391)
1 (45.57116930072761,-73.292437286375)
1 (45.42068253622,-73.52418933918482)
1 (45.30524594742243,-73.54871774809918)
1 (45.4860586536815,-73.52162233929592)
1 (45.65422995752519,-73.30177201045312)
1 (45.300266446122194,-73.4370892697379)
1 (45.35887248616285,-73.39328932009931)
1 (45.302081755258214,-73.68361336337895)
1 (45.2543129575005,-73.52352154386159)
1 (45.512240762591354,-73.35630861356172)
1 (45.72713026185825,-73.36615756098806)
1 (45.48705251769919,-73.51141931684352)
1 (45.66854152027459,-73.4497566479959)
1 (45.39194585693153,-73.31976036021821)
1 (45.649960113275185,-73.45196613961801)
1 (45.50539114179666,-73.27178885189126)
1 (45.500737649270484,-73.67335349817299)
1 (45.55006228505267,-73.2868310710793)
1 (45.312153101529375,-73.56266388704282)
1 (45.47515605135432,-73.4886563965005)
1 (45.626575413076175,-73.25466960392289)
1 (45.68146064546451,-73.5536330573036)
1 (45.696214305500604,-73.65550815037665)
1 (45.68906720415982,-73.41611831028122)
1 (45.71198725686129,-73.6685113630345)
1 (45.39654279919319,-73.72852882524104)
1 (45.30976879951411,-73.69600833483213)
1 (45.36993488100364,-73.32070479955135)
1 (45.458651751183965,-73.57944032607361)
1 (45.53015274207582,-73.4847245842591)
1 (45.5238380986213,-73.65135656443779)
1 (45.67807209884477,-73.72724425531116)
1 (45.37539068074717,-73.56846490350291)
1 (45.508135168431124,-73.68172973678134)
1 (45.383314986146544,-73.57489219635825)
1 (45.613268833338985,-73.6576170782619)
1 (45.49930371280277,-73.3091644319349)
1 (45.476619819121204,-73.32247920886186)
1 (45.37596502745939,-73.71714718264818)
1 (45.57890610369768,-73.26669577748004)
1 (45.615468730302005,-73.56629256634037)
1 (45.524109857893386,-73.68791547775648)
1 (45.271282770320546,-73.47401912984711)
1 (45.50078806411502,-73.6547681498481)
1 (45.649035961457024,-73.26490673220432)
1 (45.45145226098375,-73.36582720324279)
1 (45.26553084262886,-73.35761889750943)
1 (45.51827032236931,-73.51074055409624)
1 (45.528544076493944,-73.25307055602333)
1 (45.66976842289324,-73.26574137502962)
1 (45.29429001124745,-73.55033963450524)
1 (45.39026238024194,-73.61541809773153)
1 (45.444286230525236,-73.25617626518103)
1 (45.431423175659425,-73.58666568556743)
1 (45.498848341955686,-73.47769415006576)
1 (45.38368259144856,-73.6091585532685)
1 (45.55055439841044,-73.39593371110014)
1 (45.724110115335655,-73.57947823804054)
1 (45.45775766949167,-73.71046744762867)
1 (45.536943602506106,-73.30319696732435)
1 (45.28558993210427,-73.52207313709324)
1 (45.283131630441204,-73.3207612951276)
1 (45.41988532029133,-73.38173129237971)
1 (45.316046392833826,-73.68893779761889)
1 (45.60806857087711,-73.47980832618362)
1 (45.301951619226315,-73.58987598087057)
1 (45.40028938257052,-73.67926779328316)
1 (45.30586113655679,-73.674511381255)
1 (45.57394800999563,-73.31110723169243)
1 (45.54609894406369,-73.31607483867934)
1 (45.62524561909325,-73.34894871030976)
1 (45.70417295388128,-73.45289185616706)
1 (45.302506075709324,-73.2628167668417)
1 (45.7004999860648,-73.43744913173482)
1 (45.43775404532605,-73.51961752353412)
1 (45.51107062177378,-73.28087300011178)
1 (45.505397831922714,-73.34968880028967)
1 (45.40531812098978,-73.38850768823514)
1 (45.39985340615752,-73.53502097108522)
1 (45.43125650180252,-73.32319931397993)
1 (45.37755945405758,-73.59535406737605)
1 (45.56037857268151,-73.30818425597873)
1 (45.45307162976231,-73.35333711869843)
1 (45.63185568409298,-73.59114887713298)
1 (45.27378727371604,-73.44929100301515)
1 (45.6032564241144,-73.43507015755303)
1 (45.62334041355747,-73.44984668647969)
1 (45.623302564278106,-73.37986505194914)
1 (45.71981992278103,-73.25283629914699)
1 (45.59110621621168,-73.53166922179854)
1 (45.38170203200642,-73.53329457269541)
1 (45.65588289337268,-73.48373377017353)
1 (45.43175182782824,-73.50228415170601)
1 (45.54131105980782,-73.55447169713524)
1 (45.39713646533901,-73.26148840823225)
1 (45.649509483925144,-73.34410344472934)
1 (45.642606113871075,-73.53212087708283)
1 (45.611029456216606,-73.66164431241091)
1 (45.542837114031514,-73.5166811299691)
1 (45.29930973531085,-73.6586441911561)
1 (45.65989498577349,-73.61644204557821)
1 (45.32071798647491,-73.52513297851682)
1 (45.6422630230266,-73.67628426141891)
1 (45.6246029715302,-73.35664339860644)
1 (45.702995933199745,-73.36159872614255)
1 (45.651707911985625,-73.28897532995794)
1 (45.56629586936102,-73.6894589522131)
1 (45.35384584005731,-73.7195344053481)
1 (45.6941715703908,-73.63811999362572)
1 (45.47291387270698,-73.39061985666824)
1 (45.41782986442384,-73.64513156536843)
1 (45.663123858235046,-73.30095527027383)
1 (45.302061549768624,-73.67495830400642)
1 (45.37675279639217,-73.33704840430029)
1 (45.66512260472094,-73.39198062176568)
1 (45.41076719557444,-73.67563433948644)
1 (45.66147437183409,-73.31410483294613)
1 (45.629351134245894,-73.40249919188585)
1 (45.71023498884083,-73.64594221488004)
1 (45.63566890883949,-73.42139971494566)
1 (45.31830750428263,-73.29862152097304)
1 (45.56511854022719,-73.58958682334821)
1 (45.503888439388575,-73.39578046304868)
1 (45.71188359534102,-73.61360927581552)
1 (45.5734237408368,-73.3421367604534)
1 (45.380766142892675,-73.57061659449981)
1 (45.44306747680229,-73.29227008623855)
1 (45.67708481170533,-73.48629831106985)
1 (45.52431194077374,-73.60285154588652)
1 (45.4088475307349,-73.7008896353358)
1 (45.41269575343395,-73.58153789439174)
1 (45.37745916766234,-73.2893414922258)
1 (45.72836043354912,-73.56010305620894)
1 (45.57590052167887,-73.57079596201443)
1 (45.45771366558938,-73.51811013647601)
1 (45.69661530428313,-73.74592615163094)
1 (45.536570972450725,-73.66653242731361)
1 (45.375267982977576,-73.43849222047893)
1 (45.69688582699785,-73.56821248614165)
1 (45.26108600521281,-73.38963374045969)
1 (45.27154154776021,-73.52390370209629)
1 (45.309675604531854,-73.25996099867089)
1 (45.714666264361114,-73.58886955723312)
1 (45.640001318778005,-73.43542626420704)
1 (45.54854614824709,-73.70562069760867)
1 (45.383644985007365,-73.40824865692849)
1 (45.29244966688113,-73.54335098210177)
1 (45.68151099539415,-73.71383463316506)
1 (45.66353950952739,-73.72398883995996)
1 (45.3508199896535,-73.54867848273872)
1 (45.46553674040605,-73.68851065166963)
1 (45.25353437519692,-73.57264587840704)
1 (45.5969150908479,-73.51526869537102)
1 (45.54628456410842,-73.51183601140357)
1 (45.51714180810386,-73.54456623587295)
1 (45.28141568387097,-73.5253858690162)
1 (45.306844322553715,-73.69056813253849)
1 (45.2589502052387,-73.38112351622968)
1 (45.64577074928164,-73.33286570636962)
1 (45.60006305413958,-73.30089468597487)
1 (45.611025242865466,-73.67561994529592)
1 (45.72409097900014,-73.38668044647166)
1 (45.66729742198493,-73.4421878646552)
1 (45.26314930911948,-73.32329134433056)
1 (45.58066877856547,-73.73749197131225)
1 (45.44110457321532,-73.5724666266486)
1 (45.73806673177574,-73.35912363099942)
1 (45.57695258286047,-73.52662480671292)
1 (45.49555064293282,-73.27127627131895)
1 (45.646577085264745,-73.57830529721252)
1 (45.710352391740926,-73.3730849893143)
1 (45.25141501171468,-73.28350816235755)
1 (45.533956982592166,-73.59480460204661)
1 (45.39773010336773,-73.25368267235262)
1 (45.35649759200871,-73.74148858550984)
1 (45.685997538327314,-73.60203278432536)
1 (45.496352040914054,-73.37443681814267)
1 (45.34632781497734,-73.69510094217712)
1 (45.323066612649235,-73.37566066955735)
1 (45.53290902836616,-73.62025947690923)
1 (45.48659581689471,-73.6799691047005)
1 (45.40812257058058,-73.67378172660734)
1 (45.301335557258824,-73.48301038999209)
1 (45.30528772315537,-73.30258332533373)
1 (45.599539901471445,-73.54170902957392)
1 (45.657916833868335,-73.29551658412565)
1 (45.52545035658774,-73.4760183061641)
1 (45.42291320225345,-73.617269248564)
1 (45.28882963783967,-73.2577642016233)
1 (45.4053197267742,-73.60946177270178)
1 (45.33458010402707,-73.33358686247344)
1 (45.713027098933516,-73.3494550455604)
1 (45.71374067969421,-73.57459137133061)
1 (45.531276282886054,-73.25767386231352)
1 (45.66039384623767,-73.47529991714104)
1 (45.50884043340637,-73.5789188799158)
1 (45.488878097686246,-73.73885300952401)
1 (45.29044756184988,-73.63218327345228)
1 (45.42618905837471,-73.58413797661943)
1 (45.613305922228456,-73.72690798948683)
1 (45.38556618624969,-73.29362802556044)
1 (45.40951964513771,-73.38140243416115)
1 (45.46899981170678,-73.68819622446907)
1 (45.52073334852752,-73.45132564418702)
1 (45.65875703540656,-73.36702366443241)
1 (45.43651979618425,-73.4826656560734)
1 (45.72101279230261,-73.68695197717825)
1 (45.413825923079564,-73.54457304542095)
1 (45.29828606068344,-73.57623542668655)
1 (45.42121775683518,-73.47269733631745)
1 (45.511619323870725,-73.38262871163161)
1 (45.578716119476006,-73.36334313444785)
1 (45.62830255202328,-73.54510175632203)
1 (45.63169041468308,-73.302805626734)
1 (45.47643152734799,-73.45220330043037)
1 (45.50557868617186,-73.69466326764964)
1 (45.30370340129695,-73.40820065720645)
1 (45.63712792126734,-73.66059824805218)
1 (45.68459066228892,-73.67060347683494)
1 (45.56739936708274,-73.33748343169364)
1 (45.37739816243117,-73.54953469632956)
1 (45.711959365328816,-73.47501739303002)
1 (45.72069585343231,-73.57064238532512)
1 (45.29447709685135,-73.55410706459836)
1 (45.73723347337195,-73.69885175932365)
1 (45.641376174227844,-73.6964906532511)
1 (45.58268133317872,-73.6002369974045)
1 (45.38723813167075,-73.42076126372638)
1 (45.336405087032496,-73.38364795324091)
1 (45.63333135144166,-73.318994738494)
1 (45.38197023571728,-73.71245740138134)
1 (45.734939930213876,-73.48160324182143)
1 (45.26618557397234,-73.60989990653259)
1 (45.66709264501888,-73.48582889728934)
1 (45.45723320392046,-73.69895374947792)
1 (45.33284312262203,-73.48545998720225)
1 (45.34479572416445,-73.51957312571608)
1 (45.73342781823676,-73.39589499757085)
1 (45.638079759063714,-73.45230777786803)
1 (45.61542960934445,-73.35959791845018)
1 (45.521248042147946,-73.64795338672813)
1 (45.546500091262104,-73.60228101584798)
1 (45.520010772719665,-73.71785574632483)
1 (45.34824492289077,-73.44981944872458)
1 (45.51799012077939,-73.27884795083594)
1 (45.43255195858902,-73.66994487517974)
1 (45.73695994990553,-73.27052968700178)
1 (45.345942994871365,-73.43118334317538)
1 (45.26117634375949,-73.2707035793788)
1 (45.7254554622303,-73.53429554801549)
1 (45.34275259950358,-73.32726386490786)
1 (45.40911142785963,-73.66864572125698)
1 (45.272395728225284,-73.60168813348668)
1 (45.62420695034702,-73.27746817419265)
1 (45.53780973886898,-73.38051330607256)
1 (45.49745541072605,-73.68191858368733)
1 (45.32068432405713,-73.25678270697168)
1 (45.59244469559091,-73.41409018838783)
1 (45.60242574531501,-73.51343118047755)
1 (45.281918395604514,-73.74384274193368)
1 (45.25865011902608,-73.45493107481313)
1 (45.5050672277557,-73.65333533769702)
1 (45.522947515708225,-73.63225208574049)
1 (45.34331770121768,-73.5165720560457)
1 (45.59153855723205,-73.58929349856471)
1 (45.37203062462663,-73.47906229679347)
1 (45.42218346979807,-73.42642800745212)
1 (45.41007306758972,-73.50486577303585)
1 (45.45306697386098,-73.62865149601572)
1 (45.594402954625814,-73.26483498858185)
1 (45.530370347337886,-73.74206377490903)
1 (45.65260644980774,-73.48078597966104)
1 (45.286855826468525,-73.6030107542705)
1 (45.3327538878999,-73.51562129172048)
1 (45.55802600423642,-73.42919900048511)
1 (45.6769909678268,-73.40909680906866)
1 (45.65728508914844,-73.67144885690814)
1 (45.6929575763156,-73.70296717214919)
1 (45.45701632543487,-73.59848334746108)
1 (45.485427355859194,-73.27766263495317)
1 (45.73860374567267,-73.64525473244045)
1 (45.55948712075783,-73.53544293862157)
1 (45.68116439641885,-73.59779194691683)
1 (45.296125824617725,-73.61214175485036)
1 (45.65612058777379,-73.71440678157728)
1 (45.53127849150291,-73.38115864075253)
1 (45.682729980279525,-73.3943278718361)
1 (45.7401716687775,-73.32927263602825)
1 (45.47830449680053,-73.50043645268175)
1 (45.54024221633621,-73.43414546231655)
1 (45.5060875502668,-73.42275859706172)
1 (45.57795256645383,-73.45804961675715)
1 (45.28362218022389,-73.43372421919925)
1 (45.357500892176496,-73.59139988616421)
1 (45.46493089122137,-73.3349331781619)
1 (45.70272580247794,-73.63308485702103)
1 (45.350941671609775,-73.32827482157461)
1 (45.31743065233716,-73.38238764367952)
1 (45.51433241179487,-73.46172725293496)
1 (45.323903522455346,-73.63945343517788)
1 (45.64732958416193,-73.40201858215545)
1 (45.71458467871419,-73.66780415436502)
1 (45.55398538573594,-73.672562423524)
1 (45.34763405939893,-73.66331846286273)
1 (45.41207029606612,-73.36568574127749)
1 (45.45357701396566,-73.6993886137638)
1 (45.52395713376647,-73.69314728305633)
1 (45.597257659713755,-73.27763317797043)
1 (45.26073513597029,-73.57830070126101)
1 (45.65700455063096,-73.50758820061208)
1 (45.27928135314972,-73.3169865441967)
1 (45.64121445288517,-73.56721668312122)
1 (45.358129877216946,-73.64234296632686)
1 (45.56148564224448,-73.45886971416802)
1 (45.35471759529882,-73.32120551490233)
1 (45.62098304752659,-73.67250047943597)
1 (45.33394837446909,-73.6866217061392)
1 (45.656893164963165,-73.69947509398439)
1 (45.35600622146202,-73.27223656130812)
1 (45.59662769872145,-73.40624245184807)
1 (45.73996072212653,-73.45991089862154)
1 (45.64886035927859,-73.57741809954315)
1 (45.33894679585481,-73.28191449383105)
1 (45.552532328732696,-73.47250524343755)
1 (45.47256390600964,-73.73339171525772)
1 (45.44963747777334,-73.50951871750307)
1 (45.662628026483276,-73.64952780326935)
1 (45.33089931248694,-73.69219600656493)
1 (45.70952320477274,-73.38494927961301)
1 (45.527377348700355,-73.63527228713171)
1 (45.42813758183255,-73.7003725824026)
1 (45.3855914104893,-73.5144641739928)
1 (45.534732286447216,-73.4133704511109)
1 (45.56892813093939,-73.47435028792685)
1 (45.739079614267894,-73.50635595183522)
1 (45.37389478665307,-73.46825433835535)
1 (45.54982032735706,-73.50548968656993)
1 (45.536211150317094,-73.67952952295364)
1 (45.64522837420168,-73.54919600812832)
1 (45.72878125155655,-73.5833110731534)
1 (45.396434109982806,-73.65432970976721)
1 (45.32126211147129,-73.35184666052933)
1 (45.25564594331412,-73.2617649974786)
1 (45.47924798526066,-73.68493241483169)
1 (45.73802330408189,-73.70128398565338)
1 (45.330013809939416,-73.25977505777126)
1 (45.63259208717624,-73.25812272926399)
1 (45.71131273491347,-73.34176913341398)
1 (45.374957122334834,-73.55038774811227)
1 (45.449898336902976,-73.67922055669398)
1 (45.702554602014835,-73.43778704819867)
1 (45.68724261834064,-73.62096642557074)
1 (45.29180028287899,-73.67772461141783)
1 (45.481347091257895,-73.44613334400927)
1 (45.5457280926379,-73.5247881894273)
1 (45.26559474864,-73.67994505701238)
1 (45.560576592933884,-73.43401545840182)
1 (45.73826652066216,-73.68853262119424)
1 (45.55026932901782,-73.47705403274153)
1 (45.38964676255063,-73.59911880787482)
1 (45.648848208814435,-73.5134366764632)
1 (45.64756790250511,-73.57974099344207)
1 (45.54265742029912,-73.5766729424131)
1 (45.536795307427,-73.73484502074771)
1 (45.30643866674394,-73.33671446796066)
1 (45.30282912742828,-73.32962541719266)
1 (45.63048676373819,-73.38658126470538)
1 (45.64650069252316,-73.74690520559493)
1 (45.32962784779657,-73.47154210122758)
1 (45.55216676281432,-73.50564170053973)
1 (45.61902101106732,-73.63422217328365)
1 (45.66935584509942,-73.32981254964626)
1 (45.62664696765603,-73.58836717520344)
1 (45.32539638495091,-73.65047923602397)
1 (45.48783620723072,-73.45772290850852)
1 (45.50485761686869,-73.55224322318033)
1 (45.63330183275107,-73.32459546217231)
1 (45.53055942375883,-73.5381030308893)
1 (45.53888106458797,-73.32513708220618)
1 (45.720458614822746,-73.58388828084857)
1 (45.25255224111304,-73.3052585394379)
1 (45.47489451251608,-73.28498981489471)
1 (45.45228267281911,-73.31229923918686)
1 (45.569477709989066,-73.46402315004319)
1 (45.61687596695659,-73.44319178560211)
1 (45.39033163489617,-73.40835506351604)
1 (45.611225633703704,-73.29983811986173)
1 (45.45044725287194,-73.44109152458563)
1 (45.59724515144937,-73.51676984424279)
1 (45.268587028224886,-73.29816792897167)
1 (45.682232880029936,-73.52489591581293)
1 (45.575475212458656,-73.28760048014951)
1 (45.60754352004524,-73.39824624614188)
1 (45.3359370421412,-73.44475086102722)
1 (45.56217617898198,-73.29810013030492)
1 (45.74020037557782,-73.36962381968452)
1 (45.3782522227699,-73.68074426678245)
1 (45.62274915371074,-73.63876083178205)
1 (45.4283445010305,-73.5713350040408)
1 (45.71291860369841,-73.62521037957355)
1 (45.4982327662624,-73.32694566183706)
1 (45.70784811838525,-73.73534895756849)
1 (45.25289839996101,-73.41685938264789)
1 (45.38545842924303,-73.48099427871249)
1 (45.648434860038044,-73.33752436854196)
1 (45.34279543922989,-73.449295614706)
1 (45.26803846958078,-73.35331792286559)
1 (45.45338399222924,-73.61130394182788)
1 (45.576357552644346,-73.31237192371289)
1 (45.286160375955916,-73.52291756284421)
1 (45.493216093519585,-73.3291924133376)
1 (45.51810355088362,-73.31906678608944)
1 (45.48509155840644,-73.65266145905416)
1 (45.30286041168479,-73.4835443998798)
1 (45.56071447543401,-73.54924025226758)
1 (45.62846156331719,-73.69280641350863)
1 (45.6357710796529,-73.5267973039137)
1 (45.408649551718206,-73.58236073924675)
1 (45.70092820700863,-73.70446678705969)
1 (45.40439261488498,-73.5690291944551)
1 (45.58726316295457,-73.598296813992)
1 (45.56483236851489,-73.38141143729004)
1 (45.37366947654786,-73.54117847997222)
1 (45.51021516969206,-73.70429720026588)
1 (45.621922719178336,-73.38865160144356)
1 (45.65328202931277,-73.33056639190741)
1 (45.65682892595733,-73.57966377999428)
1 (45.37014339479157,-73.43628423244368)
1 (45.53124133157017,-73.52321475135162)
1 (45.68684037333433,-73.55124204272919)
1 (45.62871946379952,-73.66804851968757)
1 (45.64359507651543,-73.48811186544089)
1 (45.56021801519715,-73.48316115158566)
1 (45.335178286189674,-73.41867622440567)
1 (45.6054309863433,-73.43187281033511)
1 (45.60287383650511,-73.44526243306483)
1 (45.434280033336265,-73.3615676365066)
1 (45.47119427822763,-73.40955346974451)
1 (45.7195242584125,-73.55493616845771)
1 (45.68080376746574,-73.3093658345227)
1 (45.51758181120501,-73.49665982193484)
1 (45.568029585229766,-73.55677745524596)
1 (45.451392036338476,-73.70195788056746)
1 (45.58089449132019,-73.40815685544845)
1 (45.27651026496327,-73.7302727081)
1 (45.401777903088856,-73.72818757774475)
1 (45.34961547993094,-73.26859942490064)
1 (45.46761494977619,-73.31590017422799)
1 (45.34722445599634,-73.41457167839363)
1 (45.63996767626043,-73.32101649254233)
1 (45.301644170464996,-73.51939580426246)
1 (45.37935397841182,-73.3135796781844)
1 (45.631057832529066,-73.66508084770865)
1 (45.52089539808104,-73.33888545645199)
1 (45.341127621411495,-73.54914270185847)
1 (45.631645642741546,-73.29314906994976)
1 (45.46661117347213,-73.73306576444138)
1 (45.453887690004905,-73.69313445142683)
1 (45.60322658028196,-73.37828634032189)
1 (45.60323774872146,-73.38514071268568)
1 (45.552364269307624,-73.74531713309248)
1 (45.495570636479066,-73.44528383906072)
1 (45.66423223555805,-73.36786287758056)
1 (45.4225813757707,-73.46392932567507)
1 (45.41863457784953,-73.43438258761978)
1 (45.28222413878347,-73.58242454770951)
1 (45.626821295525914,-73.51453422349823)
1 (45.69731977398696,-73.55994778814663)
1 (45.37271089341156,-73.35729332776549)
1 (45.62329979063294,-73.2923335015443)
1 (45.43727530257982,-73.5612672413189)
1 (45.55435455931512,-73.58315158462342)
1 (45.465990233690384,-73.47583250322461)
1 (45.58618003514246,-73.58011137896565)
1 (45.54599207903502,-73.73420301295815)
1 (45.3830674999179,-73.6370289522165)
1 (45.656945971720816,-73.34639223610802)
1 (45.527257027721404,-73.44313939106415)
1 (45.64761764193704,-73.29126329980802)
1 (45.29927591318912,-73.57745357235426)
1 (45.468755428386785,-73.54246608088539)
1 (45.649409154488026,-73.6961520595228)
1 (45.36212647173162,-73.44304085947296)
1 (45.472499858625454,-73.34567661777378)
1 (45.565415016174704,-73.30782393519613)
1 (45.2909533439225,-73.4132228001308)
1 (45.34317852071121,-73.58152053031142)
1 (45.584119142271604,-73.47975512765026)
1 (45.295171011817295,-73.31341618208674)
1 (45.27615140819713,-73.32845926522677)
1 (45.42508089453098,-73.62717815025725)
1 (45.30899844834005,-73.58371352541593)
1 (45.37509421615246,-73.26605387217225)
1 (45.282348428967516,-73.41220525496658)
1 (45.54468235801704,-73.68000386044203)
1 (45.33815855039047,-73.40873513666048)
1 (45.515626411207315,-73.49191205783055)
1 (45.30382133093097,-73.71454609485457)
1 (45.299528945011836,-73.53499700537915)
1 (45.58507179473525,-73.57568065204981)
1 (45.40892699576649,-73.49290282343183)
1 (45.41741581812345,-73.44291436766395)
1 (45.62860852918134,-73.49767919140656)
1 (45.343159983544936,-73.34323032932504)
1 (45.62984769825894,-73.34896523919619)
1 (45.6800497305797,-73.61559287855927)
1 (45.72701277336492,-73.31017266672006)
1 (45.287072772088905,-73.70094689794479)
1 (45.623363655090145,-73.71431877150523)
1 (45.61316102240482,-73.50791160371075)
1 (45.430844340469434,-73.37339066292533)
1 (45.335324726211546,-73.44155594925743)
1 (45.577288853836706,-73.53072732883234)
1 (45.3541784151567,-73.48293579551111)
1 (45.43369761585038,-73.32588674595648)
1 (45.51686911350108,-73.74174075713924)
1 (45.60410419590276,-73.4558205990521)
1 (45.68009287170818,-73.67344176744234)
1 (45.32104109612792,-73.41490988706994)
1 (45.60918663013062,-73.65574834551302)
1 (45.28072612962627,-73.37951966730323)
1 (45.7332080897747,-73.35697744602118)
1 (45.53382941498371,-73.47021234273956)
1 (45.44046711075159,-73.30110376630975)
1 (45.72004423136927,-73.27661373035353)
1 (45.40414794793473,-73.74080453697096)
1 (45.497673328524456,-73.66615699083174)
1 (45.3734623526386,-73.39072935585867)
1 (45.473055525392674,-73.51853485566285)
1 (45.45219933057147,-73.74851916580603)
1 (45.278895597230644,-73.63267110385324)
1 (45.61358832870852,-73.64076589974101)
1 (45.68542402808306,-73.64237756011417)
1 (45.56806811927683,-73.27514777664642)
1 (45.2538010833509,-73.35059355310241)
1 (45.608854641216276,-73.45839264173092)
1 (45.557293370662094,-73.45021019013669)
1 (45.70912674361848,-73.25251536924085)
1 (45.40248896723286,-73.64196204826199)
1 (45.43419959878327,-73.68894280236285)
1 (45.28018071399966,-73.68672484466329)
1 (45.662231276251404,-73.74168274253218)
1 (45.46353542752812,-73.4407874919462)
1 (45.67780886914396,-73.57661182959656)
1 (45.749780126311215,-73.41827292322907)
1 (45.41418620822977,-73.64424969435804)
1 (45.310874714839116,-73.40486233313689)
1 (45.47199597478252,-73.468054879481)
1 (45.478503521876235,-73.6113329028177)
1 (45.5349351092926,-73.4993211697207)
1 (45.53920695256959,-73.30414965256934)
1 (45.436222595020816,-73.66317063380396)
1 (45.25658719372268,-73.28345747419083)
1 (45.40355520094564,-73.7079329682181)