1900 1900
101 (45.5,-73.5)
1 (45.36926056101898,-73.49629993478324)
1 (45.424836938004496,-73.69236832888328)
1 (45.73559225820651,-73.47474673443992)
1 (45.73213405828891,-73.40173423031234)
1 (45.609237582602965,-73.67484245733974)
1 (45.59710826908296,-73.67461471878156)
1 (45.733126914045776,-73.66289441375855)
1 (45.46760639763161,-73.54772316774125)
1 (45.53377003893378,-73.45059807683131)
1 (45.45213564668844,-73.28555799238647)
1 (45.682618830013276,-73.6198539710102)
1 (45.27662938563611,-73.25583338068428)
1 (45.666715310795276,-73.70186032355909)
1 (45.59620912729856,-73.74002550547432)
1 (45.2769656644301,-73.58317140570483)
1 (45.44357420724064,-73.63116716365808)
1 (45.57911886173599,-73.50389169253775)
1 (45.63520138255432,-73.56819208270343)
1 (45.47989191517992,-73.49003175134412)
1 (45.63671235417929,-73.38767306452182)
1 (45.43867219573255,-73.32328198682309)
1 (45.70956810560177,-73.33971591084237)
1 (45.703840129463444,-73.39706598971522)
1 (45.62267456133883,-73.31506434816248)
1 (45.67199444042703,-73.53771561944917)
1 (45.31453503424527,-73.3651388191579)
1 (45.57822477259587,-73.58396542932414)
1 (45.63426054357188,-73.56577528278783)
1 (45.72606542031359,-73.71669468154104)
1 (45.67304997170602,-73.27884783788248)
1 (45.35687663978021,-73.71395024657038)
1 (45.72167778430606,-73.60375220214583)
1 (45.54013856294935,-73.4737647536706)
1 (45.554077785310675,-73.28289490891714)
1 (45.63850616603884,-73.29913919932628)
1 (45.542287278974435,-73.53187608650988)
1 (45.46446154354288,-73.57579021959292)
1 (45.5538165366608,-73.70597162851405)
1 (45.69901362626945,-73.59386732700673)
1 (45.66893460009072,-73.3898136641769)
1 (45.4871331041276,-73.36982607060631)
1 (45.48241290614739,-73.40683590727002)
1 (45.35947437571688,-73.41399852385818)
1 (45.621944213071515,-73.38909386199981)
1 (45.25542376268362,-73.46313294849762)
1 (45.62375499458076,-73.42648737874677)
1 (45.43862728301448,-73.2552798777835)
1 (45.454855271793534,-73.42720640926079)
1 (45.50288895644874,-73.46688249354709)
1 (45.26092063872279,-73.66838848302751)
1 (45.463694435305904,-73.45878456084894)
1 (45.348977012977734,-73.59751959849545)
1 (45.618602413013356,-73.48909956301526)
1 (45.484859386821874,-73.26102808260224)
1 (45.43836029367804,-73.54649032397747)
1 (45.296841810750244,-73.28681398894818)
1 (45.71983805874645,-73.4373886361804)
1 (45.42888622995942,-73.63212449591353)
1 (45.59173837469069,-73.72504028884192)
1 (45.57963413340667,-73.32722894078428)
1 (45.71452853754439,-73.56699078135935)
1 (45.696565216681655,-73.69876473517469)
1 (45.65715364740971,-73.43073301868206)
1 (45.36867337804792,-73.54441886632254)
1 (45.4648284743611,-73.58471847490316)
1 (45.37556110260509,-73.45277702378155)
1 (45.35456867330016,-73.6637887063454)
1 (45.40602883629005,-73.41871612739173)
1 (45.28811056768696,-73.49431491954655)
1 (45.65503712894171,-73.59563321974247)
1 (45.37548168211168,-73.73493833089047)
1 (45.34434480769438,-73.45109730488707)
1 (45.65672271621573,-73.74378480565073)
1 (45.68917711515977,-73.25217822417329)
1 (45.29412477875076,-73.42238273653663)
1 (45.45095414764811,-73.70074989256527)
1 (45.582834193086356,-73.6102433676093)
1 (45.474409821890774,-73.66748312421606)
1 (45.45379017252335,-73.41216846667243)
1 (45.506358173209435,-73.33603615978001)
1 (45.299699128818084,-73.63283066778126)
1 (45.63291400399151,-73.66611904139512)
1 (45.50211282118307,-73.27002712416737)
1 (45.35215115776781,-73.41565111226221)
1 (45.4756652976995,-73.27923787453892)
1 (45.619981949684366,-73.52814843104387)
1 (45.37413751900423,-73.56772536264576)
1 (45.66846760252925,-73.49177147073573)
1 (45.32225640541994,-73.4063925599269)
1 (45.497819892157345,-73.31113086714588)
1 (45.646998385455774,-73.66197213468045)
1 (45.68603025118161,-73.50199240648264)
1 (45.58265601799013,-73.45084974254225)
1 (45.54336324973419,-73.52244004704778)
1 (45.31503919720271,-73.49893026058743)
1 (45.66287712143134,-73.29184906168248)
1 (45.51192118445429,-73.65943563035087)
1 (45.582684928259276,-73.42118900940937)
1 (45.65920241942831,-73.69237913376892)
1 (45.580845583096625,-73.48471961971654)
1 (45.58525396422097,-73.5456909343369)
1 (45.569574757291775,-73.60406027377137)
1 (45.509515174312604,-73.49857531708643)
1 (45.641891655865635,-73.2909068899316)
1 (45.2956588854379,-73.63266062201852)
1 (45.550868126115574,-73.40433804784305)
1 (45.32450031185961,-73.68585814050985)
1 (45.26932262718528,-73.7226951459773)
1 (45.527314571315166,-73.41757696310017)
1 (45.2861021482044,-73.50843905815351)
1 (45.636340556413174,-73.67204696139135)
1 (45.44402115221325,-73.5571793051459)
1 (45.61598755709655,-73.36898278472378)
1 (45.41407720780732,-73.5692391166409)
1 (45.53562405424136,-73.6776770895771)
1 (45.33073888041944,-73.2636631095977)
1 (45.33281650850654,-73.64184175506112)
1 (45.68390222846974,-73.47049220606635)
1 (45.494499276902815,-73.51812120634344)
1 (45.27453785645126,-73.48742325906522)
1 (45.652794897900336,-73.57118263133637)
1 (45.39310166989206,-73.27163896213351)
1 (45.45206752009338,-73.53264311918298)
1 (45.37245767651894,-73.5566364949205)
1 (45.29428030051551,-73.37982433199927)
1 (45.30036248490767,-73.73730142833257)
1 (45.71084102346681,-73.52343081926317)
1 (45.45048666654174,-73.35426626109853)
1 (45.64085842293218,-73.41072858659871)
1 (45.40549895730076,-73.73076098746706)
1 (45.31809493250161,-73.45265563515403)
1 (45.40091508938832,-73.27170608704783)
1 (45.2818900000632,-73.56952734717731)
1 (45.61421384223545,-73.62571627510137)
1 (45.73094118378695,-73.52060435651518)
1 (45.46014861392446,-73.33597631447527)
1 (45.533068691407706,-73.53777142788958)
1 (45.430233681587964,-73.26561807201972)
1 (45.688952374612406,-73.622931288977)
1 (45.63206004202558,-73.47727128697954)
1 (45.423318049559555,-73.6924475976424)
1 (45.44239650361175,-73.37487791760485)
1 (45.34316393292768,-73.56007704312559)
1 (45.58695753744312,-73.27865366531852)
1 (45.259355732682295,-73.54231076009839)
1 (45.49927011077805,-73.7012473778967)
1 (45.31528245111657,-73.7469008660894)
1 (45.49124746071558,-73.4246928570196)
1 (45.504253164327245,-73.36657828565349)
1 (45.588878900726506,-73.54366486297664)
1 (45.48592852572865,-73.54557362038584)
1 (45.34786982677063,-73.44084446522233)
1 (45.33131854781076,-73.61653320050986)
1 (45.56611762905886,-73.6948668715581)
1 (45.43574212680009,-73.71977796893096)
1 (45.55258463469549,-73.69036749586785)
1 (45.33963153911009,-73.51558323412544)
1 (45.49542981676669,-73.7030604568462)
1 (45.58817863401629,-73.38326295655253)
1 (45.4961872241575,-73.4705763212566)
1 (45.542557742538946,-73.66832253819469)
1 (45.501329445719634,-73.73195390703135)
1 (45.727823641578844,-73.69079962514076)
1 (45.667730583852034,-73.42522426202366)
1 (45.36557091220444,-73.36414295550729)
1 (45.64434358167487,-73.67344238605061)
1 (45.693054784513535,-73.39458463298439)
1 (45.338832941548326,-73.36481561791506)
1 (45.51471131035371,-73.63594174497165)
1 (45.46495436334343,-73.54224553915756)
1 (45.66687851319306,-73.26413878737297)
1 (45.53414868404475,-73.4616429758864)
1 (45.7020079975786,-73.5094726001716)
1 (45.463118410481414,-73.55679389461632)
1 (45.61477005763552,-73.7427472933751)
1 (45.61808070191104,-73.66134686060118)
1 (45.33919351716258,-73.25388684166637)
1 (45.40594165368267,-73.68566079411423)
1 (45.54334476539732,-73.58848864649947)
1 (45.45281233026343,-73.52779437331019)
1 (45.4360388640222,-73.3190117507872)
1 (45.481087910787096,-73.31383702221001)
1 (45.37868875287298,-73.6228989982258)
1 (45.707737013977884,-73.6130738059586)
1 (45.564636928581166,-73.51991268299679)
1 (45.43849913435023,-73.55814473702719)
1 (45.38817720655743,-73.58531890348614)
1 (45.52536375310344,-73.31940219315209)
1 (45.37596257797541,-73.40428616325839)
1 (45.48800565136284,-73.63608766761821)
1 (45.69460827780859,-73.46596934241326)
1 (45.37377656491413,-73.59474244982648)
1 (45.280037516498524,-73.61323054560121)
1 (45.3454043084903,-73.5674345341119)
1 (45.55648083688527,-73.56580382485402)
1 (45.54072596248219,-73.67892718763802)
1 (45.52602788279509,-73.42094128659225)
1 (45.44458287754824,-73.36283245117858)
1 (45.71324411547987,-73.40618351839314)
1 (45.34943068993644,-73.49208595850155)
1 (45.543602975305475,-73.51387766449538)
1 (45.458268623308214,-73.7287472522991)
1 (45.71934741038868,-73.48642223446218)
1 (45.301167792519436,-73.63217289535861)
1 (45.53188300013982,-73.44494775168418)
1 (45.39497936227293,-73.69302758850438)
1 (45.31591796322089,-73.26224821700474)
1 (45.47472903436473,-73.32339145762523)
1 (45.40730407269742,-73.57325863227678)
1 (45.664754933141175,-73.43038965338992)
1 (45.51389512545928,-73.59322940063423)
1 (45.63782210346094,-73.53231340413792)
1 (45.34672861680343,-73.67497864648207)
1 (45.631247396426204,-73.44211951845725)
1 (45.687448957301136,-73.28220940685569)
1 (45.65049427027191,-73.34348862281645)
1 (45.28712919523895,-73.28585860519689)
1 (45.29274796217872,-73.61928977784956)
1 (45.60151138076839,-73.70480068079257)
1 (45.365657107117876,-73.56134288398296)
1 (45.36817397876617,-73.71095875261817)
1 (45.3597288403437,-73.59378751261087)
1 (45.42224800198792,-73.40198203326433)
1 (45.35678999811664,-73.38016024713858)
1 (45.42904196575582,-73.51212848373952)
1 (45.621478031328614,-73.65645042627266)
1 (45.38429873430668,-73.383847210448)
1 (45.42790080464603,-73.33894708755415)
1 (45.29579603658407,-73.65878557587016)
1 (45.61940537424689,-73.39660801661101)
1 (45.41361530361528,-73.26755152127637)
1 (45.48582172532558,-73.65297462521337)
1 (45.720642018235885,-73.40254188516573)
1 (45.26959777728192,-73.59232457204833)
1 (45.62972392028133,-73.74750330499347)
1 (45.47991849568662,-73.38879668777172)
1 (45.45940182465574,-73.31122232318873)
1 (45.70220186195377,-73.25564106243358)
1 (45.27624094947181,-73.27084719078867)
1 (45.73929101495755,-73.3245398396634)
1 (45.59852890416194,-73.27282405331204)
1 (45.710212120822455,-73.61211255993828)
1 (45.25347006170633,-73.66628588350147)
1 (45.6625435637598,-73.71226245628345)
1 (45.36799392162967,-73.65496271080737)
1 (45.32524275708018,-73.6689383529344)
1 (45.551908654441995,-73.3492875651541)
1 (45.34020272621842,-73.53417987910227)
1 (45.30136909674896,-73.68035259015761)
1 (45.66286123478584,-73.40098125075565)
1 (45.51049194085035,-73.60172560532563)
1 (45.31486118400809,-73.71955234612336)
1 (45.729438980776216,-73.45386762951155)
1 (45.30506174917214,-73.45897337259346)
1 (45.4484026195217,-73.29899751738792)
1 (45.30912538035432,-73.66403267335471)
1 (45.71866611916266,-73.45173010229281)
1 (45.61245674636185,-73.67920496685808)
1 (45.34427441322362,-73.33267005105758)
1 (45.376445351895995,-73.2682704971881)
1 (45.690839468159965,-73.6583737825512)
1 (45.48376448958172,-73.54899329721077)
1 (45.36161750593321,-73.35169731730574)
1 (45.55490468545079,-73.58757001237866)
1 (45.585233837697665,-73.41152869895926)
1 (45.70517100610166,-73.65722842844508)
1 (45.64429399863168,-73.3202586758928)
1 (45.729048886413636,-73.55939803414576)
1 (45.54960847822734,-73.39107404660217)
1 (45.65714437846003,-73.53429279568626)
1 (45.430871573268405,-73.2652635311641)
1 (45.5298301419069,-73.65053929300996)
1 (45.27137284168405,-73.56220639008993)
1 (45.2712795167624,-73.66065142361435)
1 (45.661683481657725,-73.4615696210872)
1 (45.727746664829574,-73.64069579461287)
1 (45.68524771994172,-73.25846985752507)
1 (45.25475161775826,-73.29840970525711)
1 (45.377422888527995,-73.67796183713384)
1 (45.69925479191402,-73.6343271643103)
1 (45.418749943650035,-73.46519532847016)
1 (45.724956413955624,-73.67513549902472)
1 (45.33309980097047,-73.48193847663644)
1 (45.67153188410171,-73.26752887211552)
1 (45.46182856543258,-73.73889538622821)
1 (45.52191522103764,-73.42424259881905)
1 (45.376188691738335,-73.47635165602325)
1 (45.57566812411544,-73.45174507524375)
1 (45.67198086307071,-73.57316195934953)
1 (45.591023158787074,-73.56123234706509)
1 (45.26279488845607,-73.71594890949676)
1 (45.46336553148568,-73.37111315637397)
1 (45.35117622448874,-73.39661356796461)
1 (45.453718311639285,-73.65009020335339)
1 (45.71066789206893,-73.42686272018567)
1 (45.56722203286362,-73.32523664645049)
1 (45.2559159260646,-73.26343896947091)
1 (45.408650334454414,-73.68913430303701)
1 (45.612889759922524,-73.52709504186286)
1 (45.70967896375765,-73.38418358406315)
1 (45.52675713802776,-73.67208410054715)
1 (45.730926385113534,-73.62061271788866)
1 (45.46106666837351,-73.32104344277566)
1 (45.3907099773618,-73.69750695925045)
1 (45.64862904553391,-73.32262926275969)
1 (45.262012520725804,-73.7433464643376)
1 (45.65185170463982,-73.6161159259552)
1 (45.50932955407361,-73.67408440924852)
1 (45.67826942290365,-73.49840325874476)
1 (45.407868852558465,-73.68271496021616)
1 (45.47562720023169,-73.3844812549921)
1 (45.29899921775504,-73.62457369854641)
1 (45.60010965764798,-73.63238163857277)
1 (45.687896346882304,-73.44728089730408)
1 (45.711174525286886,-73.46800165710566)
1 (45.68200954430062,-73.33328123645184)
1 (45.29693637922858,-73.49391555093685)
1 (45.60227360037212,-73.476351450393)
1 (45.37515955556837,-73.69939475112032)
1 (45.37291619150082,-73.40124016080296)
1 (45.74665788661627,-73.30633845935472)
1 (45.71026162254108,-73.4577725629163)
1 (45.30026201829533,-73.68767157590204)
1 (45.68610794263279,-73.57729505104044)
1 (45.6815033023526,-73.48099731860883)
1 (45.43705471170459,-73.5702533304497)
1 (45.34077664171844,-73.39089771215427)
1 (45.62758501139273,-73.66899017552959)
1 (45.57098285206922,-73.52825516986539)
1 (45.25175566929417,-73.67951723330346)
1 (45.6295144822482,-73.47432414588397)
1 (45.47602563412983,-73.50005798244429)
1 (45.414937208345755,-73.58101216320452)
1 (45.48405331608241,-73.3925771836324)
1 (45.43483232051979,-73.32693502662455)
1 (45.683219126215356,-73.25630487693834)
1 (45.45800401846396,-73.34129162700063)
1 (45.67218066317284,-73.7494312016145)
1 (45.29161842197204,-73.48445888304447)
1 (45.548943536540285,-73.43669104979521)
1 (45.561829864138176,-73.63543827856687)
1 (45.459731563480034,-73.70647566749778)
1 (45.705062676258656,-73.58189049745721)
1 (45.25036600619471,-73.50140130714946)
1 (45.59635568709795,-73.63847539294332)
1 (45.68391423753213,-73.44093290073633)
1 (45.351039325387525,-73.3335700279384)
1 (45.43104391689332,-73.68370372980101)
1 (45.33650382056963,-73.70316766288957)
1 (45.42281968931069,-73.38059012104851)
1 (45.32193032843392,-73.4138664715326)
1 (45.6796050730363,-73.30739301858301)
1 (45.47559473131323,-73.60433689106148)
1 (45.39428308185992,-73.73814642713445)
1 (45.59171758389926,-73.4865121876401)
1 (45.3531848502327,-73.32661545488756)
1 (45.491821668140624,-73.38397713939942)
1 (45.723916293271216,-73.704464955919)
1 (45.499171971879576,-73.50563542233003)
1 (45.32569868456103,-73.67987238123861)
1 (45.72911125824165,-73.35771636867447)
1 (45.724889748851965,-73.33002683943091)
1 (45.672967560049976,-73.28653777246186)
1 (45.36602775716296,-73.42499890377358)
1 (45.6786982733211,-73.71817133850607)
1 (45.457041627149984,-73.49888398434875)
1 (45.44754891700267,-73.71926330311872)
1 (45.47619624471945,-73.49691492641422)
1 (45.57274256589485,-73.54574278217109)
1 (45.457892569170255,-73.27440748131403)
1 (45.44357973910926,-73.37300637271939)
1 (45.64461809843892,-73.3049452297639)
1 (45.52631635677015,-73.41239751103409)
1 (45.663144089038134,-73.27112858336031)
1 (45.61180089463229,-73.61440489048717)
1 (45.59449149486371,-73.2615054623681)
1 (45.58909013110328,-73.63898458585305)
1 (45.659238655258086,-73.58196904193251)
1 (45.664126042827874,-73.73776598986282)
1 (45.732419200521484,-73.70895113362945)
1 (45.6930449627063,-73.64163220606504)
1 (45.535559808460356,-73.66515774357039)
1 (45.44080288333582,-73.48027092822126)
1 (45.62733284099086,-73.58638609976)
1 (45.607539751238996,-73.67777233137184)
1 (45.72885010224533,-73.47013055121431)
1 (45.38746824947827,-73.67020611079707)
1 (45.47479920092382,-73.55322785930468)
1 (45.63806121058408,-73.67733986181818)
1 (45.3774253857549,-73.45671003616226)
1 (45.44092509703805,-73.63126713486095)
1 (45.626786884595695,-73.66132615334374)
1 (45.42998486579909,-73.71969320814384)
1 (45.32776321830583,-73.53686227658274)
1 (45.74746953135724,-73.34098269617222)
1 (45.39197109472155,-73.54243198946808)
1 (45.36367516143869,-73.59180323878937)
1 (45.56104372237306,-73.34332735273259)
1 (45.26259607706397,-73.71630518296907)
1 (45.43665504909951,-73.4528138863836)
1 (45.65225283805782,-73.73825737945755)
1 (45.432220974456754,-73.60442045773976)
1 (45.40590913582772,-73.27441503421531)
1 (45.74138588595214,-73.39181817884149)
1 (45.37835767596431,-73.28862575102755)
1 (45.739202997977436,-73.27930063035447)
1 (45.57006896683618,-73.29178543031986)
1 (45.69334330558025,-73.386170243081)
1 (45.33123459539326,-73.72273628191101)
1 (45.264718521062896,-73.4830038683407)
1 (45.40760017637212,-73.45955447127909)
1 (45.519578996640526,-73.40681370972399)
1 (45.63047157352492,-73.60940562476826)
1 (45.558448731009015,-73.60553740912)
1 (45.444390861193625,-73.4082515855468)
1 (45.39118509093622,-73.260084244911)
1 (45.74771715517685,-73.72917273544228)
1 (45.35200184182663,-73.4043323721983)
1 (45.69371057463532,-73.34992500793216)
1 (45.653469624251684,-73.67001500014595)
1 (45.66270583505289,-73.26658201480929)
1 (45.62430905310821,-73.72435123333773)
1 (45.569575256408584,-73.46071730452412)
1 (45.26221726574642,-73.64357050162889)
1 (45.514919486985804,-73.63256294218434)
1 (45.46001954153803,-73.37514728402647)
1 (45.523287090127525,-73.50193574941439)
1 (45.63111333441772,-73.58560589700471)
1 (45.73721286101099,-73.35245292589167)
1 (45.468473022301325,-73.56917295226482)
1 (45.451977701484836,-73.55266449769022)
1 (45.72040927201514,-73.50534840853837)
1 (45.2827313423347,-73.33021040767201)
1 (45.655827734057674,-73.70063358315248)
1 (45.55298249346623,-73.6019652961394)
1 (45.321907743653,-73.53119789201801)
1 (45.68144901911116,-73.67436501731703)
1 (45.26792209788686,-73.61918393900017)
1 (45.42287452035178,-73.62371374691863)
1 (45.620345360415406,-73.32564333922066)
1 (45.287655316421876,-73.64625165401547)
1 (45.74644812366433,-73.42776401372505)
1 (45.32498585708027,-73.63211795876028)
1 (45.736251325585016,-73.36709224186849)
1 (45.704718157689925,-73.66607533923012)
1 (45.566014736043655,-73.70887111205441)
1 (45.674244660833914,-73.59096637372616)
1 (45.580359980163834,-73.44040965863546)
1 (45.49845194445019,-73.68735386287636)
1 (45.34467909722831,-73.4585651347485)
1 (45.41315601925537,-73.42465183132569)
1 (45.474655396580246,-73.55296387705533)
1 (45.43541832688405,-73.62528485528011)
1 (45.74552409498481,-73.38250386017994)
1 (45.5777547113738,-73.25401849781962)
1 (45.62012628309784,-73.36797557522073)
1 (45.607488000160245,-73.39958439981771)
1 (45.311860069354374,-73.58330514485408)
1 (45.47735806878422,-73.35507880075804)
1 (45.61630909822593,-73.62196726709111)
1 (45.428991614474434,-73.52734391184835)
1 (45.50362892043803,-73.54353288163634)
1 (45.53694696257403,-73.7136469779473)
1 (45.36269773077952,-73.36810999962889)
1 (45.61778787364156,-73.57645218649982)
1 (45.32758882344918,-73.68360363454565)
1 (45.47600308491445,-73.42393636971855)
1 (45.29709765606443,-73.2622641265599)
1 (45.39657708522231,-73.66512956071006)
1 (45.578857458715454,-73.64891080005604)
1 (45.62263068864672,-73.5541671568248)
1 (45.55100286795607,-73.48351110090067)
1 (45.27578809920204,-73.56812094679944)
1 (45.33639210575821,-73.35546318023779)
1 (45.28679086809879,-73.47723143069558)
1 (45.7270736500845,-73.25597301046531)
1 (45.40436690937925,-73.36509473885533)
1 (45.47998459481333,-73.69833479160306)
1 (45.74147648113262,-73.53946258522319)
1 (45.62879320649734,-73.31371690652848)
1 (45.599794977416565,-73.44179434547854)
1 (45.62134926748129,-73.70222288811989)
1 (45.4856559185925,-73.31555579387516)
1 (45.3973814869595,-73.52554072808799)
1 (45.293665475480296,-73.52948934644795)
1 (45.466882070255224,-73.26841096637995)
1 (45.58781373547249,-73.57268649052652)
1 (45.63604416393133,-73.27143764466075)
1 (45.25414537703627,-73.34327301567733)
1 (45.254668988494366,-73.54743370530694)
1 (45.53391644310599,-73.44187371838885)
1 (45.726634928746016,-73.53753575044121)
1 (45.571651811520226,-73.25475319684433)
1 (45.5333217918547,-73.34174067917165)
1 (45.62863129415617,-73.66963523190272)
1 (45.66880926891895,-73.57131004078883)
1 (45.51907057892279,-73.30968339700054)
1 (45.67521929501893,-73.31765569571752)
1 (45.62362657205177,-73.69798124204728)
1 (45.39674781587865,-73.31386336173026)
1 (45.52284499786345,-73.27608082004686)
1 (45.64173234688134,-73.68092871364686)
1 (45.37178113841596,-73.6957935968011)
1 (45.6535273766232,-73.7010734608831)
1 (45.606263322195026,-73.28337852203273)
1 (45.64301048008372,-73.34517712794182)
1 (45.43113161229711,-73.5396374175935)
1 (45.62821783917479,-73.30040277460739)
1 (45.29127270972317,-73.48815816801985)
1 (45.45990855699217,-73.4975133437421)
1 (45.6673852439481,-73.61705192015046)
1 (45.68578301690728,-73.62516794940686)
1 (45.57014795200545,-73.57701066560077)
1 (45.32063132538479,-73.34065549803464)
1 (45.528826495609934,-73.70036739214555)
1 (45.64486353593791,-73.34306604903527)
1 (45.6833430121444,-73.2920711883409)
1 (45.34967423856645,-73.66581823870101)
1 (45.29244563419021,-73.51409517154389)
1 (45.683519961043245,-73.47075408397725)
1 (45.5648536652208,-73.53977580090434)
1 (45.73163838985055,-73.28568037919962)
1 (45.70511732221506,-73.493937422961)
1 (45.57801429036726,-73.52127899729787)
1 (45.44141910574241,-73.51838624756081)
1 (45.35749800925647,-73.73172631235164)
1 (45.56865741136241,-73.6104638129698)
1 (45.60470779458983,-73.4461547994097)
1 (45.69689091733708,-73.67483003015238)
1 (45.345898346285395,-73.4952581542443)
1 (45.442586018087276,-73.5055016693356)
1 (45.560153565516664,-73.58888384046554)
1 (45.738097324945024,-73.67640248250358)
1 (45.457062286040504,-73.46637534153322)
1 (45.26342503721835,-73.5642866692334)
1 (45.47946167152785,-73.7417190060575)
1 (45.723530934749334,-73.45787782206749)
1 (45.54188361568637,-73.60021865688282)
1 (45.304358169311136,-73.42142097297797)
1 (45.258015206615006,-73.27246379885374)
1 (45.64118818384782,-73.27957596402213)
1 (45.29378535184353,-73.71477555856305)
1 (45.52408168096694,-73.2736855018691)
1 (45.50661522357639,-73.66310711047998)
1 (45.34688835845354,-73.60693210468706)
1 (45.69592093042912,-73.6995436287542)
1 (45.478673903122385,-73.74775342196892)
1 (45.5951328641771,-73.6770895680462)
1 (45.29940062986972,-73.49711578124337)
1 (45.6812966211107,-73.28934907245754)
1 (45.59531169769469,-73.44585158829268)
1 (45.464746531557324,-73.74699841981261)
1 (45.353706993103316,-73.55324637364856)
1 (45.648393180225696,-73.43261712254127)
1 (45.73166196091728,-73.6674168584934)
1 (45.413842570432614,-73.54948764695541)
1 (45.59872931521924,-73.38175199787376)
1 (45.599864929245044,-73.65839118968783)
1 (45.56977627081632,-73.67979416835729)
1 (45.68765725939112,-73.60922041866326)
1 (45.350848709850304,-73.36341846205644)
1 (45.29689428380921,-73.7213977133545)
1 (45.51831687009754,-73.28602319995936)
1 (45.32673843554534,-73.64863055144761)
1 (45.53954511341394,-73.42367543213666)
1 (45.44678002844862,-73.67945354133758)
1 (45.42194208816839,-73.31276064282939)
1 (45.354304887394,-73.27529992226009)
1 (45.34648549924303,-73.3626663630861)
1 (45.56633724653279,-73.4325126413153)
1 (45.50167923337751,-73.51638468153745)
1 (45.50758145989767,-73.47374886510379)
1 (45.584388631258825,-73.68064939817705)
1 (45.28868721173588,-73.62764919920222)
1 (45.57511325663704,-73.28032883298366)
1 (45.34318816781091,-73.74343607977367)
1 (45.42699455124951,-73.70927584082945)
1 (45.506015288398864,-73.70927377730543)
1 (45.730219146729134,-73.35169193443946)
1 (45.67166144381374,-73.59976527985349)
1 (45.72646695842736,-73.73429324874638)
1 (45.36587496453665,-73.26887955358718)
1 (45.25166627278048,-73.74017098466722)
1 (45.401185493385356,-73.52989526879188)
1 (45.27955655239349,-73.6702199374152)
1 (45.263616158002776,-73.72361547521244)
1 (45.72342277204208,-73.27736400796927)
1 (45.49561207295224,-73.37015033963408)
1 (45.528853487007254,-73.72253781975014)
1 (45.59851587858173,-73.72798315769563)
1 (45.35648811277629,-73.70948961741611)
1 (45.37684663717677,-73.44682790702434)
1 (45.31045708452038,-73.34795038012949)
1 (45.68618950945608,-73.59795440380337)
1 (45.71558197136658,-73.57157016025747)
1 (45.726679130940354,-73.69720021117575)
1 (45.384390864340745,-73.69825276548251)
1 (45.34486057847695,-73.4018063709681)
1 (45.64361749757279,-73.46612542351471)
1 (45.2681374501181,-73.36250704340094)
1 (45.60909112146741,-73.60836078795384)
1 (45.298067465224236,-73.74697102667584)
1 (45.30778715547589,-73.74442364492225)
1 (45.73144176101751,-73.71973623976831)
1 (45.74629706798367,-73.56404572121791)
1 (45.6613848286035,-73.66719594666006)
1 (45.416089225211124,-73.46333685564532)
1 (45.3346377435564,-73.693988933455)
1 (45.50767069441872,-73.45992183770781)
1 (45.40573824194398,-73.38931321829963)
1 (45.278123141857485,-73.36584726641425)
1 (45.73398694432713,-73.56822641294448)
1 (45.579474599057896,-73.33323341609426)
1 (45.31488976446539,-73.63391343327227)
1 (45.508981693252586,-73.50825168252433)
1 (45.52419230834773,-73.38219540155114)
1 (45.48663564026359,-73.63398828921386)
1 (45.57967296215503,-73.47922154303696)
1 (45.30006828662851,-73.53211084933122)
1 (45.49353704957,-73.48732872090378)
1 (45.282522849876635,-73.4669845984521)
1 (45.296555200055046,-73.69247148296634)
1 (45.30566745112378,-73.45399042684356)
1 (45.46401499972562,-73.59941812779334)
1 (45.67576748883723,-73.61627782105528)
1 (45.26310553646213,-73.30807652869191)
1 (45.31909655882473,-73.72104065523041)
1 (45.67153050989866,-73.56585632054455)
1 (45.330453515457265,-73.5376348071571)
1 (45.587946163974166,-73.60689205578954)
1 (45.53726700217161,-73.6554615849337)
1 (45.26624605558144,-73.43924480373377)
1 (45.701006507670456,-73.37952179986198)
1 (45.2577657167102,-73.52586781165509)
1 (45.337482918416136,-73.28590051969596)
1 (45.6381556829321,-73.32416467074259)
1 (45.38810920165878,-73.46817316399483)
1 (45.4289724221658,-73.40238643402705)
1 (45.615305613284406,-73.43882888519518)
1 (45.39796240601256,-73.33890710845388)
1 (45.62697180366565,-73.56728794959645)
1 (45.336565234491026,-73.33258506796115)
1 (45.35731170375111,-73.33794503376129)
1 (45.46833770390108,-73.40896044888612)
1 (45.644285107009125,-73.59790086303725)
1 (45.3378012294016,-73.29795716216589)
1 (45.74757332206884,-73.33465024629466)
1 (45.365641193930614,-73.48405069500737)
1 (45.74518462698502,-73.37897481280655)
1 (45.733237103212474,-73.58953095005178)
1 (45.73168819606751,-73.26764443813606)
1 (45.37717864112296,-73.6455324163055)
1 (45.61655386390418,-73.32426163637801)
1 (45.63272320894141,-73.4339218938439)
1 (45.587188055901045,-73.32468873687611)
1 (45.4640764433998,-73.4459268556741)
1 (45.457994739315765,-73.40597815658188)
1 (45.25892800549923,-73.600555734946)
1 (45.674153260487536,-73.65458156178823)
1 (45.34485062970608,-73.69740410221245)
1 (45.67679349074959,-73.570844103104)
1 (45.70597124488113,-73.64435900049757)
1 (45.66486183677485,-73.35239534679621)
1 (45.339748730419004,-73.30100626463141)
1 (45.50820993964403,-73.66902920772989)
1 (45.295743836705476,-73.31321403772043)
1 (45.67630116407943,-73.31602048078094)
1 (45.680942210726066,-73.58340843653372)
1 (45.54741848112249,-73.33155590837103)
1 (45.29949264423399,-73.52447519130298)
1 (45.354370179980585,-73.34706364066497)
1 (45.618648135544404,-73.48301442923852)
1 (45.3044286991092,-73.60670483265567)
1 (45.417248348660266,-73.68984325874862)
1 (45.58360053000771,-73.7441471320578)
1 (45.278257730588024,-73.30218412674864)
1 (45.51831398897487,-73.54096984257357)
1 (45.53267433405182,-73.54289487246399)
1 (45.62122454877872,-73.51165631976833)
1 (45.34855020640649,-73.61738914423258)
1 (45.59207595336713,-73.2651094868567)
1 (45.38591496442603,-73.49856390998596)
1 (45.57941832718908,-73.68198182629699)
1 (45.306069953311344,-73.31409407302809)
1 (45.63447316575804,-73.52084175806907)
1 (45.43202118671868,-73.44887152524397)
1 (45.30454796565114,-73.62430361414192)
1 (45.50574509030886,-73.58815971414249)
1 (45.720141944428896,-73.43872910912138)
1 (45.2775316560368,-73.27420196558607)
1 (45.327247085443986,-73.58796354435007)
1 (45.59282571809916,-73.63056554972894)
1 (45.60433763084168,-73.25280040639157)
1 (45.71278752184555,-73.72442082334489)
1 (45.68215378385534,-73.60347357557609)
1 (45.31621977357893,-73.5872481264602)
1 (45.25362427961324,-73.51245692690352)
1 (45.48255897834847,-73.69913283079264)
1 (45.52113516105488,-73.73920621470636)
1 (45.448304772577494,-73.2608522836291)
1 (45.67884101189749,-73.72720911027301)
1 (45.56256168418332,-73.33137573922767)
1 (45.56882749634708,-73.5868142678274)
1 (45.64129348354995,-73.3961920824369)
1 (45.68167306232628,-73.25479102013604)
1 (45.33444124037455,-73.65404748417431)
1 (45.59432020546846,-73.72342674473953)
1 (45.675231696022614,-73.26621840282597)
1 (45.25115569308331,-73.61819934870319)
1 (45.676803760883935,-73.50336339723025)
1 (45.69781176461053,-73.27366773855222)
1 (45.677706174943104,-73.65028988177896)
1 (45.47143915054787,-73.31220387072652)
1 (45.614870765678766,-73.68864021578322)
1 (45.33606566205289,-73.56954510003489)
1 (45.52034096845573,-73.67154431962847)
1 (45.42714261829071,-73.53487620659962)
1 (45.29633643438441,-73.33270397523177)
1 (45.63549449975795,-73.28125600765581)
1 (45.72216014907855,-73.33516718732072)
1 (45.71762555420048,-73.65468375244836)
1 (45.68600534240714,-73.66221847160145)
1 (45.66670046599891,-73.2669560480922)
1 (45.31489515207756,-73.48435436490327)
1 (45.31650425003887,-73.59869568536213)
1 (45.49678894483677,-73.40223130841098)
1 (45.47930011883358,-73.26453882246253)
1 (45.25031480964074,-73.26576569575086)
1 (45.63774196767536,-73.72244792769976)
1 (45.49963869532177,-73.30423437586732)
1 (45.32086183188067,-73.42347295010893)
1 (45.55465621857041,-73.5712664681732)
1 (45.29464064303667,-73.59701387803727)
1 (45.47999418816088,-73.71203548194599)
1 (45.588783868288104,-73.54974329519112)
1 (45.56023455127259,-73.29775362871109)
1 (45.663062359284794,-73.52382785602164)
1 (45.73332419962816,-73.44473830008528)
1 (45.688941214558064,-73.31194333634842)
1 (45.66930997383877,-73.64186352211466)
1 (45.48520865848991,-73.46280809477446)
1 (45.617338945994824,-73.65112722266585)
1 (45.599929389712514,-73.53156549351549)
1 (45.73028974002048,-73.52135815975083)
1 (45.37528581508091,-73.43432614987894)
1 (45.30345161680414,-73.66475419187175)
1 (45.56673329813419,-73.55553638802748)
1 (45.73134363606814,-73.5899867853566)
1 (45.713384285626105,-73.33056971878148)
1 (45.49506721401534,-73.26402425729187)
1 (45.47264922608273,-73.58404380167187)
1 (45.641510863860965,-73.68761966910466)
1 (45.53890036509478,-73.44684547514547)
1 (45.50527703496957,-73.61657681637415)
1 (45.56328818805658,-73.70170228474522)
1 (45.35437650377173,-73.44245104418442)
1 (45.679828126316174,-73.4183691243304)
1 (45.71153666960644,-73.56225942492699)
1 (45.32148862986828,-73.73510425700341)
1 (45.31439574527602,-73.61706790452344)
1 (45.47925001923867,-73.6230893106108)
1 (45.529905890862224,-73.26399089163645)
1 (45.41696674303233,-73.43480345098084)
1 (45.530943806957715,-73.66518176039126)
1 (45.60535390495734,-73.48609231781235)
1 (45.67642829750262,-73.63081079338808)
1 (45.27953240105871,-73.35477767195208)
1 (45.31016996861355,-73.34081999227998)
1 (45.55630493464008,-73.49613455533327)
1 (45.60822912184857,-73.2924120471309)
1 (45.469698938723575,-73.67741761597841)
1 (45.659733581229204,-73.57677395568248)
1 (45.59630023831043,-73.61984948438044)
1 (45.66190906537334,-73.27945355213791)
1 (45.64551485569063,-73.60708870913632)
1 (45.44650033224339,-73.72410033932726)
1 (45.48413464362736,-73.67417606207034)
1 (45.53181245169491,-73.43894972093966)
1 (45.54944549791678,-73.33031282485489)
1 (45.51227679951044,-73.61947309712876)
1 (45.4806054454996,-73.59255548115895)
1 (45.35574779463504,-73.48903381965303)
1 (45.56413299565588,-73.41561674932672)
1 (45.57766150804807,-73.32218240053237)
1 (45.74608447275182,-73.39544304090654)
1 (45.30073879892288,-73.49239189500383)
1 (45.510862455614834,-73.40109426309502)
1 (45.38909053415643,-73.7375778011287)
1 (45.364585483855976,-73.55068214663376)
1 (45.666384125907854,-73.40266433169958)
1 (45.48956264509762,-73.69272872740837)
1 (45.689155792764325,-73.71875232216166)
1 (45.355655044813055,-73.28428723249675)
1 (45.64840381147451,-73.71311169451671)
1 (45.68416907255933,-73.27152300991763)
1 (45.71527423512771,-73.61326439685911)
1 (45.660415051583556,-73.27718246720205)
1 (45.529950634996354,-73.61184196953907)
1 (45.682177914747314,-73.58248374634034)
1 (45.55678593254889,-73.59669450259584)
1 (45.713084934667975,-73.55844313777165)
1 (45.69326451651125,-73.42289589243947)
1 (45.48221864642272,-73.35350661993017)
1 (45.32555923226359,-73.50983341254279)
1 (45.33431177156563,-73.28058667166194)
1 (45.46924800626214,-73.48748725099857)
1 (45.48847361794852,-73.467209688904)
1 (45.7201811884066,-73.29129892498821)
1 (45.30763640059237,-73.43745996510422)
1 (45.46754110397311,-73.51469527816113)
1 (45.41577265652954,-73.3837615964016)
1 (45.6888112567631,-73.47237789140175)
1 (45.62542355689457,-73.46027016050965)
1 (45.65467340867457,-73.30590556461327)
1 (45.65419091031349,-73.48775153294258)
1 (45.52077644504049,-73.57589048910904)
1 (45.51558432903088,-73.50230552217994)
1 (45.572871840172894,-73.63229688657754)
1 (45.26697788075331,-73.60714775987881)
1 (45.32198613461029,-73.63587360807625)
1 (45.48541899793745,-73.59789336317668)
1 (45.7171019590555,-73.41967035918294)
1 (45.42064600027573,-73.32739171654384)
1 (45.454244448805554,-73.42988012258382)
1 (45.74390823254772,-73.25614198179007)
1 (45.71292109279879,-73.2699181360181)
1 (45.671046682029676,-73.5986744413662)
1 (45.64353861096588,-73.39069114453144)
1 (45.488781020532116,-73.42501335556858)
1 (45.5627213209471,-73.7234282552146)
1 (45.654262053473246,-73.50944227376911)
1 (45.58738116359022,-73.5392378242624)
1 (45.66968733450599,-73.63627351782289)
1 (45.35294050085321,-73.54172278933854)
1 (45.35614050546389,-73.47417863045327)
1 (45.51628429434929,-73.65552987388058)
1 (45.46380354336724,-73.51686750985193)
1 (45.439819420475935,-73.66462589571228)
1 (45.259304138225254,-73.4585088713138)
1 (45.28944433775793,-73.27938753168533)
1 (45.325198930465135,-73.72726578537566)
1 (45.25628324109896,-73.37125885366378)
1 (45.29145632898762,-73.7396749182032)
1 (45.72971467963297,-73.50777378879451)
1 (45.594291287283575,-73.26232889709239)
1 (45.507525290389516,-73.54915880826003)
1 (45.62381734993848,-73.57542672747299)
1 (45.527945054905906,-73.43052394303308)
1 (45.278719717097665,-73.425237353021)
1 (45.647871439441474,-73.35081828094515)
1 (45.49351641401712,-73.52937732048372)
1 (45.67176540258573,-73.42126917822321)
1 (45.74196280727664,-73.66003361038209)
1 (45.65650303853977,-73.391942058606)
1 (45.34876804366218,-73.57586837988445)
1 (45.478892532937024,-73.37535111101832)
1 (45.66103032331831,-73.30332289723749)
1 (45.25461670862076,-73.52071862951942)
1 (45.740661069265364,-73.48239309722435)
1 (45.4400374838214,-73.36152424556116)
1 (45.739556482705446,-73.6906799600276)
1 (45.33159895198945,-73.56240280378107)
1 (45.510388208319796,-73.34262339518152)
1 (45.701491981454645,-73.52924301361261)
1 (45.2876229579439,-73.42830839369829)
1 (45.47279380848774,-73.31850652648217)
1 (45.445744558093274,-73.5080882360493)
1 (45.64247182664839,-73.48833056022345)
1 (45.40463976745562,-73.51549957432587)
1 (45.606441688312685,-73.47489471867496)
1 (45.70572291183647,-73.54154986036785)
1 (45.62729561061293,-73.25282589671644)
1 (45.626612162708284,-73.37843805582273)
1 (45.41236741023851,-73.44808303145828)
1 (45.4370341829278,-73.69012500634263)
1 (45.63747672667614,-73.71580641341298)
1 (45.52412153986954,-73.25090026809275)
1 (45.25999566212305,-73.57403432959754)
1 (45.631380969899524,-73.25119780120114)
1 (45.613806765345494,-73.49698261601533)
1 (45.3623487265114,-73.71239330743889)
1 (45.56827202048586,-73.41875089059381)
1 (45.397312453614425,-73.5791713043487)
1 (45.4635086129708,-73.37986197749603)
1 (45.559467496564096,-73.56928095088988)
1 (45.60506750389461,-73.36495913934108)
1 (45.445488648361966,-73.35610451640919)
1 (45.312537136543575,-73.43027871352622)
1 (45.30473667522099,-73.63944344310448)
1 (45.36864501673934,-73.50418366959329)
1 (45.711182335978854,-73.6242818451876)
1 (45.70810581586897,-73.26308644407467)
1 (45.32261878757644,-73.3760182508501)
1 (45.318765609702346,-73.73850772628296)
1 (45.66284651477311,-73.45376167500196)
1 (45.601517194470176,-73.29881050078075)
1 (45.394253445060336,-73.6407683374398)
1 (45.35001277566739,-73.37131668757125)
1 (45.47057575568663,-73.49295126511517)
1 (45.566375551439506,-73.72705692841471)
1 (45.372613673045635,-73.31262514094834)
1 (45.52491291226722,-73.34132166479185)
1 (45.333289435310945,-73.52525440392189)
1 (45.33225964696966,-73.2684748990504)
1 (45.55267310174626,-73.29195290172377)
1 (45.70943000217488,-73.62915995660921)
1 (45.38846505565203,-73.52983914520378)
1 (45.33893392515281,-73.70206938982331)
1 (45.38291239142,-73.33608134792627)
1 (45.378412735470015,-73.74086930791535)
1 (45.253249691039294,-73.61957217604315)
1 (45.64117606775924,-73.49966125640621)
1 (45.62949279536714,-73.53665350009503)
1 (45.48357209910875,-73.54753284762111)
1 (45.37077775344829,-73.60416681860784)
1 (45.61929918200045,-73.28429123642584)
1 (45.729425123706115,-73.62433565190368)
1 (45.40156769135586,-73.63539149567934)
1 (45.46052320976439,-73.30159159165161)
1 (45.57544668362635,-73.70436498887572)
1 (45.69406221630782,-73.66143615771955)
1 (45.60478070797672,-73.69572079172633)
1 (45.49651428952011,-73.5957860843488)
1 (45.420737983272936,-73.6903359831453)
1 (45.54924299042961,-73.55798014000696)
1 (45.32235186177319,-73.35876906606431)
1 (45.26223891721624,-73.61373108693348)
1 (45.28334320504808,-73.4357230866756)
1 (45.42341626456275,-73.72178677326674)
1 (45.584062364799856,-73.25105367812897)
1 (45.65606894128698,-73.26991986859791)
1 (45.49256486273256,-73.31925970583957)
1 (45.52007237560562,-73.52809623892571)
1 (45.66463595544826,-73.43031233629658)
1 (45.54603123363179,-73.30127741673549)
1 (45.51900486041991,-73.35997150414624)
1 (45.33581084675584,-73.66929303394534)
1 (45.57104029717592,-73.72740630240598)
1 (45.597753914313344,-73.29057462111484)
1 (45.57589475414781,-73.6719793325745)
1 (45.610372141859976,-73.32027264933228)
1 (45.34036568263878,-73.3994723868167)
1 (45.62441567476161,-73.5513841015866)
1 (45.71166749605837,-73.26082446691613)
1 (45.619961685382975,-73.42999837210047)
1 (45.54085931412481,-73.37362056345539)
1 (45.632526480160244,-73.62262474859112)
1 (45.34884874292647,-73.37811290241817)
1 (45.550194172560076,-73.32479520824106)
1 (45.49369321698178,-73.73547420380405)
1 (45.36236762063019,-73.49574170859606)
1 (45.34934585746116,-73.5262756031635)
1 (45.30998643457507,-73.68392768397514)
1 (45.35804385949661,-73.49184959164423)
1 (45.74691931365556,-73.57256876079786)
1 (45.31121282205496,-73.58024162411807)
1 (45.27272687960229,-73.32300851166967)
1 (45.34706177806321,-73.51187178829124)
1 (45.338104091862235,-73.72691999230454)
1 (45.426968943791735,-73.3678209399536)
1 (45.55604973357804,-73.59578493357088)
1 (45.46730912835929,-73.42582370757295)
1 (45.3741738395929,-73.71795743873686)
1 (45.35854984233405,-73.4255938426948)
1 (45.576541986054956,-73.59984956954816)
1 (45.29924339058855,-73.63602504932909)
1 (45.2870688427741,-73.57838196626939)
1 (45.70896848401685,-73.52210383543219)
1 (45.74071154440157,-73.74682276454186)
1 (45.4613254065537,-73.4690383567429)
1 (45.57357686080535,-73.47549376029967)
1 (45.29576462338306,-73.41515086552333)
1 (45.25854427445798,-73.63255319112757)
1 (45.525329689769464,-73.37349862648833)
1 (45.57912039497605,-73.41816980480071)
1 (45.55632064273065,-73.68498174629211)
1 (45.690978494239964,-73.51788374386838)
1 (45.27543540617306,-73.44286379288413)
1 (45.36800019566794,-73.55780478087475)
1 (45.54012206522526,-73.36017469633077)
1 (45.46762460252741,-73.60552932068026)
1 (45.32867588841029,-73.41738255601659)
1 (45.47892330578328,-73.70626263072784)
1 (45.56804068371898,-73.42801484913973)
1 (45.73605841265494,-73.67361372532261)
1 (45.25932489871544,-73.69457672973543)
1 (45.489643485216284,-73.56888534596838)
1 (45.26371853240062,-73.69615759142893)
1 (45.52901592922,-73.50141223035943)
1 (45.49479789451864,-73.25253482907934)
1 (45.43954250379762,-73.56560615566859)
1 (45.28713087811143,-73.34737660889334)
1 (45.36081797038795,-73.39784692667007)
1 (45.375646254753846,-73.26531379363888)
1 (45.28398008419969,-73.48821369171851)
1 (45.72540623120893,-73.40419354621486)
1 (45.48935257095004,-73.51828158884459)
1 (45.397222553363015,-73.5647458011065)
1 (45.67924082204505,-73.61681425848282)
1 (45.72098155653801,-73.69518612657542)
1 (45.704943453329804,-73.53016297020122)
1 (45.27559530363099,-73.47794691478438)
1 (45.521906166453974,-73.29353892212572)
1 (45.542170844579324,-73.28977159645582)
1 (45.632432512869514,-73.56305543184973)
1 (45.6052909133946,-73.44482455282768)
1 (45.29147954612994,-73.32654237152542)
1 (45.42622513020221,-73.74326243413694)
1 (45.657804638119906,-73.25361573385625)
1 (45.50144123378219,-73.69488058632372)
1 (45.37009283970289,-73.47234038162782)
1 (45.64996211536665,-73.368991072194)
1 (45.71568282364067,-73.57105492646109)
1 (45.74391478052885,-73.63760700555572)
1 (45.638122204648504,-73.61953277528119)
1 (45.4080434422232,-73.62930065808244)
1 (45.299021810353295,-73.48363411352594)
1 (45.566009604466586,-73.49577094292557)
1 (45.26954149703102,-73.6719588224351)
1 (45.70397779903281,-73.61219863663315)
1 (45.67732830408593,-73.40174110439274)
1 (45.355286251587856,-73.58588600305981)
1 (45.27584138206953,-73.50433176040379)
1 (45.583928065542516,-73.43547001836862)
1 (45.434735944021966,-73.70809468535269)
1 (45.65911851733584,-73.52516675935392)
1 (45.47234219268652,-73.73839957896801)
1 (45.66840046044705,-73.29504727764508)
1 (45.564263142472555,-73.56062344867647)
1 (45.51254048394833,-73.5192632519951)
1 (45.66572874407212,-73.46267867578493)
1 (45.56189388639654,-73.74943373335637)
1 (45.47958190435472,-73.52856615999843)
1 (45.73096785470776,-73.26007236534501)
1 (45.48663520985168,-73.39380748490134)
1 (45.34558765497219,-73.70697715131334)
1 (45.430625744070106,-73.49734028535674)
1 (45.43537150395501,-73.33792307991034)
1 (45.416108137504665,-73.35256681422526)
1 (45.48314564180406,-73.45779077493758)
1 (45.4343648714959,-73.65272582631951)
1 (45.70248177453472,-73.44743229424323)
1 (45.67977575705162,-73.3026137600579)
1 (45.594715035626244,-73.46711823653564)
1 (45.457076708903614,-73.72991114782927)
1 (45.35760119193519,-73.54132817847186)
1 (45.308551783591575,-73.5749762213883)
1 (45.679197735168955,-73.52193956696836)
1 (45.70943989189083,-73.58794775720617)
1 (45.552604160318516,-73.46153799694713)
1 (45.28970170751916,-73.27635471441462)
1 (45.48987268806784,-73.69761498322448)
1 (45.54077990927381,-73.54516093873397)
1 (45.39670136558314,-73.45183711956201)
1 (45.35709971712458,-73.2542783945103)
1 (45.393447072953236,-73.48636345192052)
1 (45.54379444934447,-73.28606296757621)
1 (45.53254731281879,-73.33135626726262)
1 (45.59450457150583,-73.36716234745235)
1 (45.667614622624995,-73.30437275666551)
1 (45.606086663318926,-73.52531601978808)
1 (45.67526899524224,-73.48324375973651)
1 (45.65068220714315,-73.68231273302973)
1 (45.31719910495944,-73.46933812319135)
1 (45.269834297897134,-73.48929140158843)
1 (45.25699376062061,-73.68777962825814)
1 (45.49020354880213,-73.59992685402489)
1 (45.613961240827905,-73.61522613391293)
1 (45.38592309029999,-73.65077216622899)
1 (45.444454606964015,-73.70423859637015)
1 (45.72874539379707,-73.27613502053364)
1 (45.69014691548559,-73.38606087033492)
1 (45.67387229202181,-73.52734584965837)
1 (45.42225108897824,-73.3807985939399)
1 (45.726722657741654,-73.5931309436154)
1 (45.640855107996764,-73.62552915280476)
1 (45.42388057682886,-73.7290343523396)
1 (45.45934366845318,-73.4467919302049)
1 (45.74008001100628,-73.29943770332727)
1 (45.715303465935534,-73.65420174524847)
1 (45.70232046373731,-73.31570766489165)
1 (45.40136004398028,-73.5165957503679)
1 (45.55207107852488,-73.31835607356281)
1 (45.30206972268534,-73.60116739066353)
1 (45.547009313061,-73.39982846863859)
1 (45.3562912223943,-73.70945887527849)
1 (45.634853273148885,-73.59764202895708)
1 (45.53838703731349,-73.63187658598363)
1 (45.26358511939471,-73.30507440186909)
1 (45.466155677342705,-73.66456174934498)
1 (45.51472652087283,-73.74846053292822)
1 (45.498571472970234,-73.28899192111112)
1 (45.55931504413917,-73.46638489250499)
1 (45.28220961442314,-73.60560637642085)
1 (45.639843817744016,-73.59666211546755)
1 (45.54165964535996,-73.53804191680929)
1 (45.375665123775136,-73.63197938150907)
1 (45.386281580258775,-73.48423322585494)
1 (45.674221858154425,-73.6444294850349)
1 (45.52333468645348,-73.48467515272276)
1 (45.405958869250085,-73.30289392341251)
1 (45.52580933436921,-73.60656191021836)
1 (45.26687984941579,-73.31534082845728)
1 (45.702218715176485,-73.60531169099814)
1 (45.409453300718226,-73.72058296221506)
1 (45.65515736649308,-73.52215247161124)
1 (45.469934688986164,-73.73089671908738)
1 (45.29560982985794,-73.70798850854258)
1 (45.55816019632734,-73.58813310885097)
1 (45.40079297449467,-73.32968424569997)
1 (45.604480392006195,-73.64155759631942)
1 (45.26474184025058,-73.71519596946943)
1 (45.67774091675388,-73.5856359084636)
1 (45.59289914767494,-73.42864909195951)
1 (45.4980802472619,-73.51033847222266)
1 (45.534644817237194,-73.73550206939467)
1 (45.368802826323744,-73.61526642740691)
1 (45.63100232335627,-73.62135594809575)
1 (45.64269957060575,-73.6220080705344)
1 (45.478684622155484,-73.26576144960617)
1 (45.61992538557284,-73.58661446567751)
1 (45.5761931982313,-73.34454348594606)
1 (45.446907239654905,-73.46593894573938)
1 (45.622859460327604,-73.7407059760991)
1 (45.648744185679256,-73.42781538488313)
1 (45.4875186064659,-73.68489783800939)
1 (45.38117419544811,-73.51565566454235)
1 (45.64993170640881,-73.52171382562025)
1 (45.33242095119235,-73.3830273462751)
1 (45.64512275407993,-73.70777220543167)
1 (45.44009694959369,-73.4031278396052)
1 (45.408473005163174,-73.29155381038481)
1 (45.71382760640199,-73.53180190797272)
1 (45.427715795518935,-73.50340526816863)
1 (45.47037430121671,-73.3608549376676)
1 (45.25690088410488,-73.69690208849902)
1 (45.69477263666422,-73.34089468277472)
1 (45.736947926456416,-73.72993521932814)
1 (45.53836535066647,-73.67978967054894)
1 (45.69758484808547,-73.45542777196033)
1 (45.65259779904835,-73.43406321802716)
1 (45.486267131476545,-73.30750634068866)
1 (45.6360569211601,-73.30614693212891)
1 (45.38110033755188,-73.51924466495032)
1 (45.34147326088489,-73.64039869836043)
1 (45.29683870479793,-73.29276500472594)
1 (45.64926848649938,-73.57514504137569)
1 (45.68570833801636,-73.26152575977552)
1 (45.56471944782195,-73.25673850982969)
1 (45.66810464916039,-73.33804191211111)
1 (45.63692291347686,-73.45472629549714)
1 (45.702139070892,-73.52807745867621)
1 (45.72948354958451,-73.33470643390993)
1 (45.515561119464266,-73.51451753569388)
1 (45.59521081535991,-73.54730366406457)
1 (45.57875770597173,-73.27067038355155)
1 (45.520098916615304,-73.67792749870381)
1 (45.59333197530604,-73.65366755385712)
1 (45.5054769927069,-73.47258035623845)
1 (45.307190328264205,-73.35392370084271)
1 (45.551455426176815,-73.60996416268121)
1 (45.44411657547208,-73.7362851883771)
1 (45.58965680633284,-73.62948941604562)
1 (45.65348814789322,-73.50253973794098)
1 (45.488709025016284,-73.44852088438593)
1 (45.64409009087591,-73.73337735261019)
1 (45.322090791040594,-73.71029996980397)
1 (45.56490828635689,-73.73068579228519)
1 (45.744658381886794,-73.49646383165921)
1 (45.735334167252375,-73.67823143945877)
1 (45.37154557472724,-73.71493714280878)
1 (45.507389004918636,-73.47032012930778)
1 (45.4911170693678,-73.73520267578247)
1 (45.36337637428137,-73.62394959905767)
1 (45.27226913208486,-73.5885624072119)
1 (45.31379777175616,-73.49025886550288)
1 (45.3456090406403,-73.28098129486922)
1 (45.26241630598231,-73.51574748837076)
1 (45.747908724352556,-73.48046139683468)
1 (45.74803005226694,-73.57278069924789)
1 (45.71971588398981,-73.53962435798543)
1 (45.35581666101854,-73.38231429421047)
1 (45.73711936434941,-73.49728592476902)
1 (45.61503714837586,-73.28956639054307)
1 (45.44040372127514,-73.37028646904238)
1 (45.364437298137936,-73.62553079207736)
1 (45.29469122902561,-73.6986970569677)
1 (45.37186099732058,-73.59376982936625)
1 (45.38065800589363,-73.44375099467801)
1 (45.44039045755335,-73.56284263348834)
1 (45.667023869937104,-73.45845633903195)
1 (45.31975431909013,-73.32001753047672)
1 (45.46075427647042,-73.35582528124769)
1 (45.468795191917664,-73.251585359695)
1 (45.4657755283974,-73.68901175000049)
1 (45.58246397456366,-73.55913350984983)
1 (45.50649305102198,-73.43137914299655)
1 (45.30510929082959,-73.49955828603157)
1 (45.48851564785549,-73.30262546917213)
1 (45.70075585274425,-73.74938639175215)
1 (45.575726951349154,-73.52957362083258)
1 (45.34061662704086,-73.34114404164168)
1 (45.36020863320848,-73.65709025700892)
1 (45.29825928697041,-73.7010555414511)
1 (45.48950815672824,-73.53582671123309)
1 (45.41364819712509,-73.63327058472308)
1 (45.29435707998317,-73.60908136851376)
1 (45.398709217917464,-73.64611321785534)
1 (45.42918439958983,-73.60106307587955)
1 (45.709114922614766,-73.30051266057863)
1 (45.39763248956751,-73.67319072934905)
1 (45.599664166601244,-73.2798196044098)
1 (45.585771531473476,-73.56379459919178)
1 (45.4139303018273,-73.63362954868981)
1 (45.56682175675614,-73.65969053523422)
1 (45.43277818676759,-73.63602741079292)
1 (45.47293084587107,-73.3655785324101)
1 (45.52090117582712,-73.42083594316652)
1 (45.65191736010912,-73.53907277019525)
1 (45.36570480400078,-73.51299326509343)
1 (45.63987921232367,-73.64540031863908)
1 (45.29866453110654,-73.56610286121806)
1 (45.684179500410075,-73.65641191223747)
1 (45.52571130092403,-73.54149238412313)
1 (45.64556031641835,-73.57352772946825)
1 (45.57024861360834,-73.72378545007628)
1 (45.59299837476782,-73.2935973927955)
1 (45.35008127759424,-73.36203374526802)
1 (45.28040484025765,-73.36038341130863)
1 (45.567836466662655,-73.35387462054331)
1 (45.46038446284382,-73.45248283638749)
1 (45.493383559616724,-73.25297235556828)
1 (45.64700806058728,-73.25098258009375)
1 (45.256309932767614,-73.47716926211079)
1 (45.486915239992406,-73.60699894112548)
1 (45.446685871095106,-73.4263156812414)
1 (45.33605264327544,-73.69048276504378)
1 (45.6431523174682,-73.28466606095536)
1 (45.46796631673066,-73.5472768067171)
1 (45.44879107299594,-73.58302102332908)
1 (45.5588050703512,-73.72139250032892)
1 (45.7172878558456,-73.63046364222966)
1 (45.704054998367056,-73.31382873079762)
1 (45.39457432071336,-73.69458070524158)
1 (45.72251352672405,-73.54798582435232)
1 (45.28443601223328,-73.31247808403076)
1 (45.394124692614156,-73.59483314239222)
1 (45.570499049446646,-73.35269205532072)
1 (45.560035686517274,-73.57846948176355)
1 (45.59155882445275,-73.42026650583868)
1 (45.685597954123445,-73.33457072687469)
1 (45.672390241758876,-73.4038088825572)
1 (45.55002423731334,-73.63044965439525)
1 (45.25797940886687,-73.40425570802638)
1 (45.680026604943606,-73.67605852670664)
1 (45.68554269593978,-73.46037149191308)
1 (45.48899841460562,-73.36024514231094)
1 (45.655749729510255,-73.39567276267442)
1 (45.3181667459172,-73.73592894193838)
1 (45.332242760716824,-73.25551203796817)
1 (45.70162972375633,-73.35159387703607)
1 (45.50684566936342,-73.68147433485113)
1 (45.69330707939066,-73.58460043338172)
1 (45.41678143002626,-73.68303202864787)
1 (45.50056978275339,-73.67429957267615)
1 (45.5897678236801,-73.61357162341571)
1 (45.46667848118717,-73.67978686361194)
1 (45.5230371106513,-73.73944901989495)
1 (45.632148600901836,-73.59836549757708)
1 (45.57312568463053,-73.60664796500082)
1 (45.68377292556765,-73.37639239419306)
1 (45.644706042120795,-73.45990916775659)
1 (45.5692713422267,-73.52416210890141)
1 (45.61878380480816,-73.25386565868081)
1 (45.415400092284884,-73.51083862468938)
1 (45.453258536389235,-73.31476273462854)
1 (45.63784167638113,-73.564175588655)
1 (45.52214770944548,-73.46475923007138)
1 (45.27230952476267,-73.43287116380333)
1 (45.533699176879075,-73.40859921985293)
1 (45.588039866419734,-73.58688397510933)
1 (45.28216791764368,-73.4046117780481)
1 (45.46720667968102,-73.73289212821302)
1 (45.54320914813129,-73.69853911827931)
1 (45.34678372230791,-73.40830789462586)
1 (45.61864005480348,-73.38961133598234)
1 (45.72299086738441,-73.28786579297717)
1 (45.372748720161255,-73.32357919677779)
1 (45.312700565801755,-73.691782755466)
1 (45.57937925637416,-73.26708417752936)
1 (45.451043158898415,-73.62384401201517)
1 (45.516698055040685,-73.51178799056507)
1 (45.679938249887755,-73.49149921115287)
1 (45.50484694569117,-73.68510186103141)
1 (45.74839264267667,-73.46815847979317)
1 (45.48061453489114,-73.40714863657512)
1 (45.402143501351354,-73.25035881829801)
1 (45.74280816739285,-73.53075899099953)
1 (45.38758883491744,-73.73932650860344)
1 (45.68218453666609,-73.53284573455933)
1 (45.53293551417965,-73.43769177469055)
1 (45.630597503307136,-73.69141841995591)
1 (45.59810851108746,-73.5977174186447)
1 (45.42544810995219,-73.48279318550992)
1 (45.304203103345515,-73.38738356197894)
1 (45.38757180072776,-73.6682209547827)
1 (45.56312524305506,-73.555026166862)
1 (45.65337429317667,-73.30819990298237)
1 (45.42855350686581,-73.27195741972126)
1 (45.68532780330068,-73.44615624243)
1 (45.680469399105334,-73.51560140488613)
1 (45.30886552072643,-73.4409701718218)
1 (45.73724079922901,-73.52315950866162)
1 (45.28826274680207,-73.39999190285448)
1 (45.2616070961302,-73.49767446909642)
1 (45.25926899420149,-73.37073568025473)
1 (45.389902290932376,-73.38459363412925)
1 (45.282056132963405,-73.390357595217)
1 (45.467466036355084,-73.65753645961965)
1 (45.36447338462649,-73.6673159588723)
1 (45.517430798992685,-73.65695236134086)
1 (45.53265079950419,-73.57928109638652)
1 (45.40493631928875,-73.61471024283922)
1 (45.393668742568444,-73.31540419658765)
1 (45.28431118924787,-73.57139153878927)
1 (45.643311316988544,-73.36947305915272)
1 (45.43287454496293,-73.45116412072053)
1 (45.620847986709535,-73.70327525277484)
1 (45.4817489598296,-73.60159487895962)
1 (45.30233793124928,-73.74665749566624)
1 (45.351439161312655,-73.63261411701065)
1 (45.554127829196844,-73.48231276489138)
1 (45.387919344854915,-73.40007569823757)
1 (45.53901419747954,-73.67924474664171)
1 (45.273585189224654,-73.47496184341001)
1 (45.3789675567465,-73.38915223412216)
1 (45.25666483065202,-73.41926257328463)
1 (45.53036625278933,-73.60464388125975)
1 (45.60254658730378,-73.65391465363092)
1 (45.32036349974709,-73.49723693246725)
1 (45.420969261819515,-73.65291578850214)
1 (45.726312189976944,-73.40651133673138)
1 (45.6641342147962,-73.63083510431935)
1 (45.254097612065145,-73.73958357714098)
1 (45.62253677588616,-73.30842144734295)
1 (45.68577919991569,-73.66223280579143)
1 (45.66767764354356,-73.74286649408525)
1 (45.52211794536882,-73.41955449277067)
1 (45.30380348682563,-73.59551020032355)
1 (45.64136708314161,-73.31493500599555)
1 (45.294438855637765,-73.58038145118883)
1 (45.53212948910126,-73.30143336744986)
1 (45.723710249325386,-73.69194739171505)
1 (45.43513583902088,-73.29932450672536)
1 (45.337326021771254,-73.64980032995204)
1 (45.34647329775553,-73.74760125235338)
1 (45.38356447249305,-73.32174146228205)
1 (45.59309579524686,-73.52565022169958)
1 (45.44073543048031,-73.69482641252019)
1 (45.59037197052602,-73.74410984018927)
1 (45.37431919941535,-73.25641763729011)
1 (45.4309782058376,-73.50108661996093)
1 (45.61434973719884,-73.42414471702054)
1 (45.63461987064944,-73.5314488025797)
1 (45.38159752183583,-73.424903569513)
1 (45.708864419030455,-73.74283443822527)
1 (45.31972058469394,-73.2686313007099)
1 (45.632795974421676,-73.43230407635946)
1 (45.70979055009173,-73.69257399998823)
1 (45.47725192694977,-73.51223580972703)
1 (45.55346388673529,-73.66611989268544)
1 (45.61807748015858,-73.34310405397308)
1 (45.31155686228996,-73.7450011695815)
1 (45.38213524570724,-73.2742006408763)
1 (45.47589564403033,-73.7467728676852)
1 (45.489732525297796,-73.73115045247513)
1 (45.43405185775338,-73.38695798077923)
1 (45.321679814876255,-73.66124123654323)
1 (45.25893665505796,-73.66710326516774)
1 (45.34436983271029,-73.35413074553405)
1 (45.618214845585165,-73.4422206464946)
1 (45.47206704753929,-73.59641179294344)
1 (45.45211410631646,-73.71569482421874)
1 (45.73202367539728,-73.29380913038453)
1 (45.41244212574447,-73.31471782903174)
1 (45.325088663970064,-73.60444995638068)
1 (45.2904882593323,-73.68866695081601)
1 (45.54215211847669,-73.27069274649084)
1 (45.286974284636464,-73.64657304697177)
1 (45.50506837681969,-73.71541708544676)
1 (45.49333224502247,-73.40793129370239)
1 (45.34962669294164,-73.58147024080061)
1 (45.36032560870754,-73.38358734940002)
1 (45.25768916890201,-73.7401341355383)
1 (45.72739321628454,-73.63028712479493)
1 (45.67579171714011,-73.37601927341683)
1 (45.6740839162798,-73.43370891975395)
1 (45.62830408616087,-73.57171017954458)
1 (45.533562865681915,-73.47040204764315)
1 (45.74467125282017,-73.3657801069965)
1 (45.37740888620424,-73.47903673909644)
1 (45.472308947102185,-73.54246018926807)
1 (45.640785562823716,-73.33572522613906)
1 (45.43940196756948,-73.43029196683575)
1 (45.30755696377467,-73.3769049822698)
1 (45.56515484284472,-73.74050924416893)
1 (45.71603212203206,-73.74637972777248)
1 (45.28896986441609,-73.46368919201554)
1 (45.57776100071281,-73.46059514634997)
1 (45.704578691236506,-73.56537975846742)
1 (45.72416735431332,-73.28808108050212)
1 (45.440329161595365,-73.67795388319391)
1 (45.408792832601286,-73.4252227226922)
1 (45.32262993153269,-73.67685884476664)
1 (45.69653955951246,-73.32112882007523)
1 (45.695981331678816,-73.4547220711444)
1 (45.565536708431004,-73.35934525179962)
1 (45.250071470344615,-73.36644255051597)
1 (45.332120123842884,-73.44351785491976)
1 (45.322092542091305,-73.71244027926475)
1 (45.384901980530586,-73.35783882190134)
1 (45.400733058488186,-73.25565380608084)
1 (45.48002117378004,-73.58121663033322)
1 (45.457227427981536,-73.63066915770308)
1 (45.50640289876392,-73.52658958597512)
1 (45.268395131210404,-73.60053114483938)
1 (45.6772196489514,-73.45365890791601)
1 (45.576777562406676,-73.44833136407465)
1 (45.541733839032375,-73.56454748103596)
1 (45.25378132494951,-73.35658484408184)
1 (45.540315681681285,-73.53749602648963)
1 (45.59316258087317,-73.4277003423392)
1 (45.544668044660924,-73.4836887952067)
1 (45.4642377887894,-73.53351755085868)
1 (45.435153664449565,-73.52665653122791)
1 (45.29688213520478,-73.45092689541505)
1 (45.267607894055175,-73.40243460620377)
1 (45.25367732867515,-73.74400613468534)
1 (45.473133859395055,-73.66176011547272)
1 (45.46849680141791,-73.59090056445326)
1 (45.31611494084666,-73.72307182988682)
1 (45.39536656588026,-73.7258417381174)
1 (45.50804286034217,-73.67693256452212)
1 (45.61661610539947,-73.37324256506182)
1 (45.43774787774887,-73.37872390623075)
1 (45.40513436013378,-73.49172476337887)
1 (45.432231025977224,-73.48706880604973)
1 (45.42197168303382,-73.32122717046826)
1 (45.306536390944885,-73.71041787254445)
1 (45.65757931009448,-73.63601195604711)
1 (45.695964870552736,-73.61359080487212)
1 (45.59265383170635,-73.2504284222962)
1 (45.28941914936128,-73.40979478796505)
1 (45.56285480137229,-73.70271199242626)
1 (45.59878268348295,-73.72174717948019)
1 (45.4605894884568,-73.65488916697731)
1 (45.30597411544113,-73.3380102776784)
1 (45.6966095004656,-73.39402702591062)
1 (45.526681472242494,-73.51750143823898)
1 (45.27433980602795,-73.40160901907765)
1 (45.51776909022012,-73.40637222422437)
1 (45.40066151522054,-73.27373648348598)
1 (45.433963235435535,-73.62705579835348)
1 (45.268295432863525,-73.32514844700022)
1 (45.70866082460493,-73.5792622961068)
1 (45.4969843250716,-73.49472043728488)
1 (45.49356888769034,-73.45705722100926)
1 (45.71334756771803,-73.68914554881485)
1 (45.34237071769113,-73.43488841184724)
1 (45.38258254148225,-73.4549192782031)
1 (45.46472781716939,-73.4085328753799)
1 (45.27911305511975,-73.35654271740296)
1 (45.40866526638187,-73.59441474402023)
1 (45.39783579928532,-73.66102634221569)
1 (45.45175119990958,-73.69260157922842)
1 (45.66279152901995,-73.38531975149202)
1 (45.29446936537563,-73.70501638748676)
1 (45.48588870895669,-73.454210823622)
1 (45.35279731627837,-73.37100831331075)
1 (45.564732725582836,-73.64153048138242)
1 (45.54124058080614,-73.53740544164985)
1 (45.28566506993914,-73.62716738371442)
1 (45.42243688572683,-73.61952859200169)
1 (45.71579215498884,-73.39643978259106)
1 (45.474932552482024,-73.63337540370593)
1 (45.42608455444667,-73.33678969596792)
1 (45.4968465049382,-73.5872895973613)
1 (45.28655323457919,-73.74955772956469)
1 (45.319875636833494,-73.31391068604627)
1 (45.4140598048212,-73.5917644964324)
1 (45.555458529652896,-73.60005487023871)
1 (45.63349403223612,-73.59436791542437)
1 (45.53290288963429,-73.73340831496935)
1 (45.6338522768065,-73.46938332454594)
1 (45.41789521332258,-73.33051959601572)
1 (45.462176599392265,-73.7185466638169)
1 (45.71904956393603,-73.54055843386875)
1 (45.60036474573415,-73.5908685044243)
1 (45.5000155658088,-73.43366321525768)
1 (45.61253728470719,-73.50547014020819)
1 (45.61515418130509,-73.58143072393672)
1 (45.73394881171177,-73.25951053321812)
1 (45.67790273410278,-73.52020623668658)
1 (45.29635589232084,-73.57880616692546)
1 (45.25268939277724,-73.45531345122977)
1 (45.549305339434795,-73.54091357933058)
1 (45.43362026024861,-73.71621829194241)
1 (45.74198196768842,-73.60698759654653)
1 (45.53615063919162,-73.60885207804783)
1 (45.27605606812903,-73.439645955338)
1 (45.58156529039259,-73.43192403015176)
1 (45.326396272346656,-73.35936421558087)
1 (45.59833083849482,-73.52903434491343)
1 (45.55356453213639,-73.70159263720997)
1 (45.49924671388663,-73.33775405195651)
1 (45.39968560768169,-73.48082991755687)
1 (45.41880918790797,-73.47056860836592)
1 (45.467584278056606,-73.64630636312096)
1 (45.411316645369794,-73.42068746239534)
1 (45.63200909002644,-73.32672217333938)
1 (45.31698217071194,-73.52820242653873)
1 (45.3213126940458,-73.3086545883404)
1 (45.40068303876623,-73.36893311190597)
1 (45.338133958926846,-73.57479046701117)
1 (45.55596493377431,-73.73952814420676)
1 (45.65842844091015,-73.54405881831792)
1 (45.445531857299414,-73.40799632463273)
1 (45.359619166190974,-73.70603089278087)
1 (45.41869121870584,-73.27882247299779)
1 (45.680690632957464,-73.62662342881231)
1 (45.40608669649421,-73.58617797841644)
1 (45.70972473442822,-73.32118337635976)
1 (45.74253976317543,-73.67746681472929)
1 (45.327677948234566,-73.74445073732474)
1 (45.50993413152999,-73.38255285858585)
1 (45.31112512151673,-73.63468879450102)
1 (45.5238155676129,-73.38149534219085)
1 (45.41124574533295,-73.67143923724464)
1 (45.5097428684555,-73.3854741313012)
1 (45.28150460578322,-73.36290254182583)
1 (45.32841399225743,-73.33181759650998)
1 (45.32227929561003,-73.26986183719968)
1 (45.31220477318812,-73.66465079523906)
1 (45.34711292460815,-73.59836170314561)
1 (45.36999576313115,-73.6276625148383)
1 (45.452321308591266,-73.35302105054608)
1 (45.50202602544654,-73.33484502069912)
1 (45.589359244570225,-73.63690244373473)
1 (45.742001235600775,-73.70879079278215)
1 (45.59765189292807,-73.31227792161086)
1 (45.30979634860477,-73.68423623864733)
1 (45.35452251330415,-73.599424682631)
1 (45.414831737061675,-73.36702243943556)
1 (45.73839890343419,-73.28775161499654)
1 (45.69756463339705,-73.61549887759999)
1 (45.28165651332921,-73.56510085885839)
1 (45.7345263783855,-73.27262632885653)
1 (45.71025709597214,-73.53698655514214)
1 (45.36094890273634,-73.52264051773126)
1 (45.528767500384824,-73.3078256358572)
1 (45.284262315853184,-73.57611880328504)
1 (45.41139391777777,-73.53088395676942)
1 (45.571608887147036,-73.60164750539484)
1 (45.40234277260749,-73.60270346204976)
1 (45.5950066110706,-73.52101794940462)
1 (45.312120254411866,-73.68119462968322)
1 (45.408909273558805,-73.46798478626641)
1 (45.72030810151405,-73.44437085145303)
1 (45.316647860578534,-73.37810068117666)
1 (45.65990421052111,-73.47886992463151)
1 (45.55460168462046,-73.32899682520896)
1 (45.363492330147636,-73.39395025383749)
1 (45.58593565697255,-73.38670929152794)
1 (45.397305943848956,-73.69756778192533)
1 (45.44935366362234,-73.33425659831028)
1 (45.59567710287871,-73.64643238951982)
1 (45.452556042068494,-73.26365451328793)
1 (45.435411901624825,-73.69161054463316)
1 (45.734952643955175,-73.60190937245791)
1 (45.35730999123936,-73.28528392201373)
1 (45.34967109216035,-73.71526182988764)
1 (45.55034631858478,-73.69269171039149)
1 (45.53101317446842,-73.29405831378008)
1 (45.362959013810986,-73.56607734735182)
1 (45.72025071767513,-73.2631080128866)
1 (45.29543829967502,-73.3846282203162)
1 (45.72001531632615,-73.48923864404343)
1 (45.45758677356526,-73.4459400217317)
1 (45.53552482099676,-73.56899469016952)
1 (45.44662255903278,-73.41045534357251)
1 (45.53950259075698,-73.4750273677092)
1 (45.31172229636017,-73.45061904611164)
1 (45.56688395809358,-73.31970590325304)
1 (45.62365188870178,-73.34116090882493)
1 (45.405267411922566,-73.45883531481611)
1 (45.66060869340825,-73.3459591119483)
1 (45.39755661419375,-73.60709635696111)
1 (45.35469951435829,-73.5103558926964)
1 (45.51435220921239,-73.56992846651214)
1 (45.417404750045186,-73.45558999317421)
1 (45.28539118326404,-73.6140575471521)
1 (45.47692951208778,-73.49417807547961)
1 (45.401694311025196,-73.40072537173322)
1 (45.61551868655054,-73.34162066567279)
1 (45.61307085466825,-73.2919082201618)
1 (45.39061335035617,-73.39072579285637)
1 (45.74924283532303,-73.71041759577412)
1 (45.26015200335896,-73.44013683993164)
1 (45.28708944833216,-73.58975648748117)
1 (45.30937065298428,-73.42831857209895)
1 (45.37137554353417,-73.28896003532674)
1 (45.294131734644694,-73.61829892165943)
1 (45.57181636081314,-73.67138004560753)
1 (45.27411245961121,-73.30688150642057)
1 (45.42544390681619,-73.35447796249969)
1 (45.50810915300295,-73.49483710781594)
1 (45.469978801436724,-73.4301717836102)
1 (45.323264852212624,-73.55175036084033)
1 (45.52127448654179,-73.73213766592204)
1 (45.3502030219682,-73.74074061421427)
1 (45.385889305810025,-73.48769727677768)
1 (45.336851399248,-73.53419416264629)
1 (45.52845471038065,-73.43752773398474)
1 (45.715165532225264,-73.45193785762861)
1 (45.43274682135805,-73.73641131105188)
1 (45.6970122152226,-73.68795216178906)
1 (45.505231179367364,-73.66259745716651)
1 (45.4181491933419,-73.56076451778618)
1 (45.37033933356642,-73.36208023091436)
1 (45.53253799410596,-73.32608216388398)
1 (45.2978487400658,-73.53719976330184)
1 (45.68315252258075,-73.62801621649511)
1 (45.284476271697194,-73.65645686427449)
1 (45.43999706398681,-73.33741691626301)
1 (45.48415822252658,-73.41428503980318)
1 (45.60122289575171,-73.73238293672709)
1 (45.744478740892376,-73.3057551634768)
1 (45.69903354946036,-73.41692559818355)
1 (45.46032120853313,-73.30179309650758)
1 (45.63849462145463,-73.54906175871915)
1 (45.300055823157145,-73.71547115578959)
1 (45.62441478226,-73.3592771738662)
1 (45.59443981651476,-73.43928994726004)
1 (45.39914027212263,-73.58434503963882)
1 (45.30389483394984,-73.30709724190933)
1 (45.32240619936614,-73.31990252908348)
1 (45.49593962547835,-73.39239636215517)
1 (45.47331355300804,-73.40798078151482)
1 (45.67129400411351,-73.59727673759171)
1 (45.74405164931233,-73.32285229525797)
1 (45.57453395903033,-73.41305500638549)
1 (45.325161664290135,-73.60010206438339)
1 (45.31316535839201,-73.7449453355903)
1 (45.552937394349954,-73.66974718120906)
1 (45.68759754380712,-73.68868311389247)
1 (45.300985470974354,-73.50452247189139)
1 (45.60373617458379,-73.62700671456476)
1 (45.45001789682983,-73.27911763827554)
1 (45.29977775220991,-73.47825751549382)
1 (45.462625424586165,-73.25519437513049)
1 (45.36927705907198,-73.37808870764397)
1 (45.72308145021928,-73.36042998815238)
1 (45.70367146238836,-73.50837894360646)
1 (45.576151428394866,-73.41762690881137)
1 (45.50918467633197,-73.70492741004273)
1 (45.41343388094867,-73.70209548526643)
1 (45.47539577889666,-73.37736238480953)
1 (45.71093486956717,-73.46206049437643)
1 (45.48574744010115,-73.66092560488995)
1 (45.617378325626746,-73.72775955851324)
1 (45.46388071029659,-73.59040054020275)
1 (45.52918076784188,-73.66019494905063)
1 (45.54392210322929,-73.44143285313943)
1 (45.5650693582474,-73.35016791652143)
1 (45.737711708129495,-73.72384707167238)
1 (45.47099832000509,-73.3722678454394)
1 (45.647449542718306,-73.63529369005079)
1 (45.74431942349857,-73.52690642226531)
1 (45.53835065899538,-73.59166662323936)
1 (45.66508784563637,-73.56628005263987)
1 (45.742637695596336,-73.7432111660785)
1 (45.46193587687288,-73.2973116037313)
1 (45.413562910060975,-73.66209846324007)
1 (45.52012232772384,-73.28616552953073)
1 (45.58613993840963,-73.64847235719587)
1 (45.36016657651472,-73.45484873998676)
1 (45.32987892346017,-73.3475806657336)
1 (45.57690170635537,-73.66070188024948)
1 (45.4980568622518,-73.6005828328971)
1 (45.530832316327775,-73.38425434837828)
1 (45.687918307546575,-73.66598159120463)
1 (45.32635793654464,-73.41995890270948)
1 (45.52668976964164,-73.64735694159783)
1 (45.494724138409666,-73.46773986692189)
1 (45.28940469752727,-73.64618566318654)
1 (45.323489024278736,-73.26108180035348)
1 (45.636273804190836,-73.32601078619342)
1 (45.43884357964465,-73.33955363700895)
1 (45.42969925951442,-73.72608024185227)
1 (45.552300159879245,-73.28020600114849)
1 (45.65401899094394,-73.29880476067093)
1 (45.72906420717064,-73.64319775324746)
1 (45.41468126444677,-73.26599055021934)
1 (45.62183003982912,-73.56230036950242)
1 (45.33778728832185,-73.49378249445721)
1 (45.34079230011104,-73.32059697869491)
1 (45.425803621401734,-73.67560940558758)
1 (45.498340529684825,-73.39573590039417)
1 (45.55073367995663,-73.6861531163772)
1 (45.47520498385895,-73.33751628112634)
1 (45.28215161185912,-73.52746871558156)
1 (45.603747748050125,-73.45337650630856)
1 (45.65423956008581,-73.33086375568541)
1 (45.253643834491726,-73.62452415506644)
1 (45.2733329342293,-73.40499964415295)
1 (45.7353727950116,-73.6569889452897)
1 (45.35546646687114,-73.33190902440663)
1 (45.50774221117469,-73.38779840071291)
1 (45.36202714747001,-73.60822821692516)
1 (45.38709010442941,-73.31676871304587)
1 (45.37085831672697,-73.30892450648203)
1 (45.30786423354901,-73.31907132703995)
1 (45.6800226938851,-73.71515333456519)
1 (45.67695171426385,-73.51277878723181)
1 (45.3919201753968,-73.29661100168244)
1 (45.49743376999617,-73.60901123274817)
1 (45.366569563852316,-73.37185400454351)
1 (45.71136541570482,-73.56009805056689)
1 (45.46460188650135,-73.68753646410285)
1 (45.62573139475206,-73.54333703176673)
1 (45.42287579374944,-73.55937273388979)
1 (45.34090501940539,-73.27447637404745)
1 (45.51861445546085,-73.60386256573936)
1 (45.29673745252045,-73.3359629477549)
1 (45.38157584864983,-73.46042189703034)
1 (45.387830844872916,-73.63029307142747)
1 (45.40800748343783,-73.25854258281879)
1 (45.57659943070287,-73.7284700511764)
1 (45.714999084782164,-73.42395997288664)
1 (45.550398466427865,-73.27761579190773)
1 (45.449335672137785,-73.74153771792116)
1 (45.72730173691626,-73.260201619273)
1 (45.531066361951694,-73.40068455100237)
1 (45.3140340266748,-73.26015656593302)
1 (45.56874260098174,-73.54159847733457)
1 (45.65911595898095,-73.48827915584073)
1 (45.730642989742066,-73.59748893009781)
1 (45.32445402051061,-73.65092196300392)
1 (45.29428983101561,-73.48915825766043)
1 (45.619409790732085,-73.31183587604669)
1 (45.42517607396974,-73.47392922744538)
1 (45.30280784198781,-73.69735421423853)
1 (45.45485951844399,-73.68088567542716)
1 (45.260392712012745,-73.42976469808042)
1 (45.53844439133056,-73.5787489006964)
1 (45.70792116469621,-73.44276021016195)
1 (45.57195864803263,-73.32144295391782)
1 (45.35337658012492,-73.3362774388449)
1 (45.64124895929353,-73.59950743291475)
1 (45.47571826544153,-73.66582514077716)
1 (45.55575296868439,-73.29299673333146)
1 (45.54212918756909,-73.63357214744725)
1 (45.69287245525827,-73.37336024263507)
1 (45.290901373059995,-73.35500777407674)
1 (45.441658789861684,-73.63802863711047)
1 (45.652899043931264,-73.31590557544286)
1 (45.488135447140216,-73.48203649146984)
1 (45.470965364489224,-73.30961424808265)
1 (45.52882084409475,-73.51599222504905)
1 (45.703689388319425,-73.55436740839417)
1 (45.73387777193939,-73.4290618473579)
1 (45.667625625438774,-73.3343470782754)
1 (45.40680414700619,-73.56936316310097)
1 (45.38035950766924,-73.38665340298388)
1 (45.303693043083165,-73.27227293930876)
1 (45.715737476011626,-73.36912654234725)
1 (45.48182816812433,-73.50962969871253)
1 (45.37213175847618,-73.59113409522195)
1 (45.34474446291129,-73.45967047605328)
1 (45.58478513135705,-73.27098099885453)
1 (45.73887135194945,-73.60877016356528)
1 (45.58408206552554,-73.39951607124948)
1 (45.53549006638011,-73.49165782033471)
1 (45.51301838536451,-73.3398032756265)
1 (45.60097408275322,-73.65676435786132)
1 (45.36919224674883,-73.5773926413676)
1 (45.418145509024235,-73.40771198752522)
1 (45.52931512531478,-73.55476988939698)
1 (45.37206831511456,-73.32068581743253)
1 (45.54754225442742,-73.27698078585925)
1 (45.35471252152716,-73.470533834225)
1 (45.69284776491511,-73.36321994566889)
1 (45.3746619301448,-73.71592170977283)
1 (45.6052204024754,-73.44134126911204)
1 (45.280401170016354,-73.29572444650704)
1 (45.50563181166797,-73.73879061811324)
1 (45.51870593137181,-73.37506736400043)
1 (45.59052972590185,-73.41437876453281)
1 (45.55327404070885,-73.5500344152339)