1950 1950
101 (45.5,-73.5)
1 (45.57803461502222,-73.60060619434896)
1 (45.66297262591765,-73.67504211006859)
1 (45.3500686874706,-73.28591889048704)
1 (45.323940506649414,-73.71623310124156)
1 (45.25232242557428,-73.5603173303599)
1 (45.25527293846714,-73.65797358496857)
1 (45.37226412061289,-73.37615903328182)
1 (45.474129064782154,-73.29764457409136)
1 (45.51432395705462,-73.33878761587918)
1 (45.36284095523303,-73.55639708811128)
1 (45.630934888106545,-73.63878981644716)
1 (45.297966105988465,-73.71039721915206)
1 (45.64828844353147,-73.56922420848163)
1 (45.32921382678876,-73.70831710265294)
1 (45.44646400774127,-73.6370840960594)
1 (45.724789005749585,-73.48643376749301)
1 (45.71501652140261,-73.5785493667678)
1 (45.41893514560082,-73.42267766553418)
1 (45.50715764625263,-73.62225038979065)
1 (45.50732181983539,-73.28532881413145)
1 (45.55834183547511,-73.6138100017339)
1 (45.43640996065954,-73.73078858751387)
1 (45.31836899723994,-73.6183475188451)
1 (45.42404165521689,-73.5879605008836)
1 (45.670041672626645,-73.35542170045665)
1 (45.430239504061994,-73.33425440340748)
1 (45.47196511279979,-73.2930574934004)
1 (45.669563758460384,-73.32008329152679)
1 (45.3682545931289,-73.43404456097944)
1 (45.71936377331927,-73.43495280421688)
1 (45.253714969086005,-73.26861332758304)
1 (45.73187364884556,-73.5288488917767)
1 (45.3694833743026,-73.54288735585887)
1 (45.60234015227554,-73.50760951704287)
1 (45.73117671259323,-73.40217887047518)
1 (45.6802342453333,-73.61032184318101)
1 (45.45926121050738,-73.6122371136634)
1 (45.73608606167391,-73.45051658190803)
1 (45.589662393452,-73.43997731310485)
1 (45.41259609483353,-73.46103707067591)
1 (45.59155935375125,-73.38801085567565)
1 (45.295413937740776,-73.4249406821819)
1 (45.60885809155418,-73.32446540948796)
1 (45.53633906440575,-73.30164587192881)
1 (45.37201441086882,-73.63112649885869)
1 (45.6496864813947,-73.56876863047287)
1 (45.29767782002781,-73.30885021696083)
1 (45.68117328074259,-73.29569750527929)
1 (45.50505329901381,-73.5294896362609)
1 (45.41792047272634,-73.64493678961362)
1 (45.329929100704405,-73.40824524113438)
1 (45.66802775034952,-73.46160315869903)
1 (45.40999398973341,-73.28939323199688)
1 (45.38866711943247,-73.56019122140526)
1 (45.548368473163066,-73.59176280933512)
1 (45.58275455925497,-73.25082910268081)
1 (45.336200285513925,-73.74812704256163)
1 (45.4159972226747,-73.56472562959439)
1 (45.4297249996326,-73.49483971805205)
1 (45.42847696272946,-73.54036602181833)
1 (45.432368665932955,-73.72459350731778)
1 (45.52791916257363,-73.3182437519125)
1 (45.52826995655545,-73.3060927659124)
1 (45.6554093122767,-73.66252130191023)
1 (45.35002525731758,-73.6997272961672)
1 (45.60855783407206,-73.38299333843236)
1 (45.540510711764675,-73.35800131083809)
1 (45.49197708939723,-73.47008123382253)
1 (45.58631124244095,-73.29351498530076)
1 (45.640422777521906,-73.57931822578463)
1 (45.25858710101245,-73.32571351878502)
1 (45.62606508651964,-73.3098899519205)
1 (45.39613463377124,-73.38041218687322)
1 (45.61809347454094,-73.51427582702848)
1 (45.30494823202073,-73.31327333468344)
1 (45.41022190401718,-73.65289193791982)
1 (45.72876672308021,-73.5599545252657)
1 (45.36965003486762,-73.46886652809302)
1 (45.66588795901196,-73.48156491376244)
1 (45.38964882233129,-73.50368512030896)
1 (45.26896110484837,-73.57435978950853)
1 (45.64717737514517,-73.70442203863712)
1 (45.6665171607817,-73.74727154015125)
1 (45.576801318702614,-73.58763129215943)
1 (45.28767367940611,-73.63991777746119)
1 (45.47267099242867,-73.62369964645524)
1 (45.654750852929254,-73.45714575976451)
1 (45.52143117204706,-73.6885707470908)
1 (45.632461469917914,-73.53396494898027)
1 (45.35067247432453,-73.59722903212113)
1 (45.28688836789101,-73.31688766868261)
1 (45.349897391949895,-73.38518813560367)
1 (45.312638633072076,-73.65424061601436)
1 (45.58396288953428,-73.640458730833)
1 (45.432364637118084,-73.72892827402408)
1 (45.572574068052354,-73.30907618450271)
1 (45.25926764286923,-73.64242166392194)
1 (45.55364216718434,-73.5022490136359)
1 (45.34025077551521,-73.56841473068536)
1 (45.583183297572496,-73.4225444492608)
1 (45.46506370327187,-73.53863251332442)
1 (45.44992252303222,-73.6002580477422)
1 (45.335082036009986,-73.30169435976892)
1 (45.39888124625677,-73.6892196265624)
1 (45.33429079751665,-73.30872740992315)
1 (45.56496421601928,-73.61376826086293)
1 (45.434591271039714,-73.72659432285586)
1 (45.31492554148223,-73.38548468255914)
1 (45.697727180257125,-73.46114171061409)
1 (45.38408162248005,-73.41949978044649)
1 (45.40692609175941,-73.48879383186677)
1 (45.27275204162982,-73.67580334270184)
1 (45.5727786048547,-73.34510922725192)
1 (45.336647758741485,-73.43095780195732)
1 (45.4099277164718,-73.40358572768865)
1 (45.3652892363281,-73.44997701614291)
1 (45.37381742353631,-73.59704232247446)
1 (45.69302550391738,-73.27686074591486)
1 (45.48004976986358,-73.48732441534536)
1 (45.5283382285557,-73.29538092036556)
1 (45.40282560314225,-73.576871792862)
1 (45.71885344874077,-73.62919612860598)
1 (45.263495102779736,-73.47785686595456)
1 (45.591846556927,-73.35222642315415)
1 (45.575419812808875,-73.51114329717228)
1 (45.32301472282218,-73.3664509577627)
1 (45.507148696679856,-73.49823369932598)
1 (45.48990398423803,-73.67489624462775)
1 (45.46233671944212,-73.43466729414564)
1 (45.5606167150007,-73.63256362654666)
1 (45.45188488269567,-73.39299718782875)
1 (45.55328824610148,-73.59739967428693)
1 (45.35145671065637,-73.39751926624702)
1 (45.47730994604345,-73.72714404635215)
1 (45.39582697296144,-73.64134296068953)
1 (45.43338904593525,-73.47599441971887)
1 (45.66044388673664,-73.27918719756464)
1 (45.40627416854797,-73.63750901039535)
1 (45.32013732179479,-73.62645244678967)
1 (45.331338316210584,-73.55702217113003)
1 (45.65508077599202,-73.42666319026597)
1 (45.45419985272027,-73.3980796068325)
1 (45.594916156543555,-73.41529280159526)
1 (45.33117491674009,-73.59300458403347)
1 (45.55337575289396,-73.70827591588416)
1 (45.53759311425654,-73.33768756534172)
1 (45.40778705038989,-73.57818126315631)
1 (45.26087183834051,-73.70504668602888)
1 (45.72052119240967,-73.45006105033121)
1 (45.4557322839795,-73.65033739688907)
1 (45.682747373201906,-73.45241074613868)
1 (45.630054198134566,-73.3645945403875)
1 (45.28478064912318,-73.59646631068016)
1 (45.61160418663325,-73.59997125904228)
1 (45.38186173801041,-73.62923363745152)
1 (45.31823586013334,-73.74259395258778)
1 (45.629383128081976,-73.31218819418352)
1 (45.61714836946585,-73.5447833730253)
1 (45.70737652960652,-73.31850062106015)
1 (45.312403149903,-73.54909731700982)
1 (45.34050249381801,-73.61693709344988)
1 (45.644137128211206,-73.34163080194254)
1 (45.34683384203699,-73.6202513279095)
1 (45.41777347088002,-73.36136514779034)
1 (45.31640031172357,-73.51992777276173)
1 (45.50701989519997,-73.56608768086144)
1 (45.52876263209604,-73.60755389559247)
1 (45.49055723525942,-73.31350957358558)
1 (45.367809993142146,-73.4958921141497)
1 (45.58905965467161,-73.35868946603841)
1 (45.281525545975754,-73.49989006605067)
1 (45.36655095799857,-73.39572623221049)
1 (45.264640705993024,-73.51941086861186)
1 (45.348089804731124,-73.58291442436186)
1 (45.41289928950383,-73.58138286496373)
1 (45.28438988588254,-73.48616187842896)
1 (45.30907882915725,-73.7493614812809)
1 (45.263219507276915,-73.35544887441824)
1 (45.352966786789196,-73.3931636885547)
1 (45.7272881033261,-73.61346418184199)
1 (45.64016534166337,-73.33027863279536)
1 (45.70881565849582,-73.38428340397998)
1 (45.62789927710101,-73.60417567383003)
1 (45.73209434157195,-73.32306089776318)
1 (45.59992709998914,-73.65242461410642)
1 (45.36708956223014,-73.42518663120039)
1 (45.35720637500931,-73.33971015935496)
1 (45.339491600598194,-73.39521509291954)
1 (45.61614023433012,-73.28736621795518)
1 (45.41561647979078,-73.54210364863302)
1 (45.29203229949249,-73.62197326531981)
1 (45.48416865765794,-73.53790340397579)
1 (45.681803754987165,-73.69085511151425)
1 (45.35111614224662,-73.7320258104928)
1 (45.53707634546837,-73.45197934411856)
1 (45.748791649995056,-73.55256414855612)
1 (45.63640144698673,-73.63980861557302)
1 (45.43582245464369,-73.34987889424279)
1 (45.723715784827654,-73.43706817000793)
1 (45.530603824285386,-73.3457622034317)
1 (45.57903027447126,-73.74518756046233)
1 (45.37777033289781,-73.64397639005632)
1 (45.52690928160255,-73.74334286121204)
1 (45.29448157701755,-73.53481748072356)
1 (45.36847330964347,-73.25756840114282)
1 (45.48132796614428,-73.5875848859084)
1 (45.54345890031568,-73.52732521305094)
1 (45.71127494914313,-73.27044392796506)
1 (45.2902953966262,-73.25720614616901)
1 (45.62930257567342,-73.56714841733009)
1 (45.674208929978015,-73.37612561799764)
1 (45.60526063588051,-73.2744458865989)
1 (45.596039680505434,-73.69538525687578)
1 (45.582947683838825,-73.36271856704055)
1 (45.277759591605005,-73.66042403890023)
1 (45.259535678727325,-73.46551870122545)
1 (45.74460299957658,-73.62885517953336)
1 (45.71120027326615,-73.73113725427099)
1 (45.4882737883897,-73.57955935655991)
1 (45.25317996389583,-73.42120044025398)
1 (45.300868438699865,-73.36414749172853)
1 (45.38547568211121,-73.27751915173214)
1 (45.7149548881709,-73.55302356162699)
1 (45.62901564579733,-73.29902165380157)
1 (45.57167307531246,-73.60357152315846)
1 (45.40134855981602,-73.67558047259897)
1 (45.46577393947913,-73.4876579816204)
1 (45.315791601163546,-73.71489994380944)
1 (45.684189018562684,-73.55968533151221)
1 (45.413447859496536,-73.6723610840908)
1 (45.26302415061081,-73.32484823282512)
1 (45.3536210883104,-73.45182635045241)
1 (45.436795925851,-73.3800388526481)
1 (45.49489418023489,-73.6878868278564)
1 (45.54328093243076,-73.64701480847592)
1 (45.596500683604425,-73.74689030373459)
1 (45.37752310096835,-73.59898616907186)
1 (45.557607342277755,-73.69531885100517)
1 (45.55934559884892,-73.49769625747764)
1 (45.69073861375812,-73.27969009591796)
1 (45.690139309687716,-73.70836376435257)
1 (45.49481254194109,-73.44213694347788)
1 (45.426750813329804,-73.4445216899821)
1 (45.25312071620171,-73.36017574661146)
1 (45.59296842072487,-73.31383159944782)
1 (45.532073084706894,-73.44790364462018)
1 (45.58240591635899,-73.28936964975276)
1 (45.29764199342076,-73.68897107833175)
1 (45.58050893714356,-73.71867386739936)
1 (45.398177838421425,-73.58915600661881)
1 (45.54796029300547,-73.70501002630795)
1 (45.58463202703496,-73.43822192279187)
1 (45.46293572356156,-73.65185642255808)
1 (45.552211565267854,-73.45697198255444)
1 (45.515462911778954,-73.4525261250047)
1 (45.691102236133666,-73.27601738376242)
1 (45.28356186384762,-73.73213762531546)
1 (45.32813627069747,-73.54775821869804)
1 (45.397896033733446,-73.70881356432858)
1 (45.72614327172073,-73.33243087187051)
1 (45.319338824280685,-73.63502948301662)
1 (45.48321160505802,-73.72280613312284)
1 (45.61216142045662,-73.40845294346308)
1 (45.7402005876635,-73.48022796756625)
1 (45.49447318096151,-73.30440613723098)
1 (45.261582526883636,-73.7471632204463)
1 (45.48709702126978,-73.37925322134993)
1 (45.502056178249994,-73.67828788350151)
1 (45.66223778469964,-73.42555632846123)
1 (45.70936234926671,-73.59336639399345)
1 (45.314102263387085,-73.42576256032449)
1 (45.44234489155297,-73.50078540001125)
1 (45.33505575255105,-73.2514768325873)
1 (45.60253923298979,-73.57058430147104)
1 (45.68295016750256,-73.3900436388671)
1 (45.687433245374805,-73.35018022003104)
1 (45.56793520765813,-73.74920383167701)
1 (45.474034318618386,-73.71471536211386)
1 (45.37036431197078,-73.59401019027993)
1 (45.73248886067412,-73.72706053145927)
1 (45.32533307088568,-73.40797891171131)
1 (45.351239602211,-73.74998860667876)
1 (45.67393886432461,-73.44262172340173)
1 (45.427568763348155,-73.30488771957232)
1 (45.28652575512398,-73.42604667593297)
1 (45.44036363136323,-73.30761396021444)
1 (45.708979729372594,-73.34223325295012)
1 (45.57555457613977,-73.43268905102902)
1 (45.66956529299557,-73.3678808265541)
1 (45.61891324172625,-73.46202906015854)
1 (45.31084489478394,-73.46339696207654)
1 (45.56576278076246,-73.56374526834713)
1 (45.27889861100069,-73.25863561039918)
1 (45.722639347386554,-73.52028935027289)
1 (45.31036231770154,-73.25241263589912)
1 (45.59205812789149,-73.48331989031128)
1 (45.60672834300253,-73.45761947749348)
1 (45.73827500152213,-73.3751483008243)
1 (45.574903206048155,-73.47092370291705)
1 (45.62929835648835,-73.58347716092038)
1 (45.44319322018755,-73.52758776994266)
1 (45.638393856205745,-73.60737481217187)
1 (45.33268898963754,-73.41785589816051)
1 (45.46693832618347,-73.30803549076268)
1 (45.57544615845557,-73.69165144285024)
1 (45.71971700307731,-73.39785442492513)
1 (45.42291005454776,-73.36299524714349)
1 (45.723621772613235,-73.26570328499771)
1 (45.28070812135324,-73.34459863834401)
1 (45.431196528647035,-73.68502142736175)
1 (45.739234353329245,-73.59650235094657)
1 (45.3915885770947,-73.38444399810804)
1 (45.44337607694608,-73.46042591701774)
1 (45.30320376967655,-73.37816859875329)
1 (45.25928407998873,-73.37365986148633)
1 (45.58472603248017,-73.35511730587476)
1 (45.25126285479626,-73.61287611314557)
1 (45.714150404959284,-73.31218159360569)
1 (45.677658436640144,-73.40914993730894)
1 (45.28909185128886,-73.48744329061897)
1 (45.551047351826625,-73.7007796664041)
1 (45.355870544036065,-73.5042446123309)
1 (45.28508065468636,-73.45015862484377)
1 (45.539737364430025,-73.47633652643796)
1 (45.56801300872225,-73.34499627352515)
1 (45.38409197524414,-73.64806454589575)
1 (45.361247509764596,-73.33260404113626)
1 (45.57265879445067,-73.4516568673459)
1 (45.320152741154025,-73.29875377594408)
1 (45.365324595799805,-73.65616019898603)
1 (45.47395923627422,-73.29978518006165)
1 (45.62570489888518,-73.5594238660263)
1 (45.68171845981759,-73.58818112314125)
1 (45.2564942123901,-73.43576361904432)
1 (45.70210812169794,-73.73774822176337)
1 (45.6872689756735,-73.69754169688612)
1 (45.67629329279127,-73.47483232401649)
1 (45.278649835556294,-73.45888034806147)
1 (45.425103921228576,-73.35666734240716)
1 (45.61659348524701,-73.40408147759156)
1 (45.70446464793168,-73.70699817756496)
1 (45.671072585564296,-73.562055471743)
1 (45.44631410096602,-73.72253669910329)
1 (45.68451525517165,-73.27116779944532)
1 (45.53617620273376,-73.40160284793153)
1 (45.43711435167118,-73.28639239096378)
1 (45.34309711352662,-73.41847062061548)
1 (45.70847960017852,-73.63251640176333)
1 (45.52283702270369,-73.27348188512227)
1 (45.31809428895519,-73.44337113425323)
1 (45.56100685216526,-73.48990882399559)
1 (45.580651252691034,-73.64766984904001)
1 (45.60926582489094,-73.30383880487865)
1 (45.3565812834427,-73.46701307289408)
1 (45.39474630471322,-73.70302352757491)
1 (45.61295040315132,-73.28097805292742)
1 (45.35054861370505,-73.31467700408186)
1 (45.53539057773287,-73.48793898776218)
1 (45.623448676366735,-73.52062535868224)
1 (45.747841927793964,-73.54837056114735)
1 (45.26388777644387,-73.29100382344443)
1 (45.60362260962227,-73.43986734576528)
1 (45.692863961650886,-73.57486487064034)
1 (45.3087058833778,-73.27996751124115)
1 (45.47052071292178,-73.66760379835208)
1 (45.326072214952205,-73.38409953756785)
1 (45.46202921596749,-73.29102666054321)
1 (45.588617409853846,-73.52157598128656)
1 (45.70778623191122,-73.6721778239312)
1 (45.517336265807344,-73.61253918405397)
1 (45.657000562931096,-73.69171284648625)
1 (45.70136421361221,-73.57311882547602)
1 (45.41641670310421,-73.69164512991868)
1 (45.346948040574695,-73.46479213283071)
1 (45.29922507986801,-73.28571277281735)
1 (45.74352974620901,-73.53704265590532)
1 (45.73313424573595,-73.50340506335587)
1 (45.52686619210063,-73.6698942186961)
1 (45.50113077277128,-73.3208560261811)
1 (45.441470113380596,-73.62475205474179)
1 (45.34362894630253,-73.5883553846931)
1 (45.61764669613665,-73.3982135546604)
1 (45.646512563294564,-73.555145291923)
1 (45.58201296708163,-73.34411666694488)
1 (45.27599729338262,-73.61746404924988)
1 (45.31462567983923,-73.58407423000472)
1 (45.59829271141907,-73.57546624165882)
1 (45.650706426530306,-73.56609826888428)
1 (45.33971893002847,-73.57869135470592)
1 (45.70044144173382,-73.45464841665842)
1 (45.70123347344209,-73.56817119391798)
1 (45.72644616551327,-73.34354452635843)
1 (45.54024988565908,-73.38605928128149)
1 (45.57522368584305,-73.57566351823614)
1 (45.47218037049264,-73.32083333260931)
1 (45.306308797615145,-73.73019639207229)
1 (45.42431038419576,-73.68766492390876)
1 (45.60077809884995,-73.59947151575228)
1 (45.49541409446517,-73.6094685567687)
1 (45.35941971525168,-73.72295599391268)
1 (45.43594531214164,-73.46443492128391)
1 (45.62009443083194,-73.27602716298043)
1 (45.66568913972968,-73.50052169790862)
1 (45.53368344339095,-73.32546192310207)
1 (45.48843561843393,-73.38641765071648)
1 (45.63850616000763,-73.66232201783747)
1 (45.54653732534496,-73.47191403314226)
1 (45.56420468246807,-73.60601872514053)
1 (45.58213852487989,-73.26841028365531)
1 (45.577829972812715,-73.34082117510147)
1 (45.73641444141949,-73.63244888628195)
1 (45.5572281200043,-73.49792756594624)
1 (45.4233349717418,-73.34171723611443)
1 (45.53981297955959,-73.33244951920499)
1 (45.26026786769721,-73.69387236056863)
1 (45.44842524131524,-73.46526482022522)
1 (45.6241621437545,-73.43383729141752)
1 (45.44021601248085,-73.26467448534731)
1 (45.629103573101155,-73.72488589464879)
1 (45.559356118236416,-73.53215566251411)
1 (45.68870938565681,-73.52287586615421)
1 (45.49986105679649,-73.73023202473306)
1 (45.33513053430211,-73.59140761467552)
1 (45.30093438017371,-73.5485892179366)
1 (45.615355557411114,-73.50847967814066)
1 (45.70397078535073,-73.64704285531248)
1 (45.67506055363684,-73.36237940139283)
1 (45.6977234916932,-73.44082255800855)
1 (45.57042602270886,-73.41609038040956)
1 (45.466128586459625,-73.30486571245766)
1 (45.41914180129039,-73.33541638803446)
1 (45.53189251488115,-73.56941999794954)
1 (45.71324720545183,-73.6263142002301)
1 (45.35818702943838,-73.65923457291642)
1 (45.46850416264993,-73.71159593828195)
1 (45.53065929069856,-73.69297487280222)
1 (45.37767717230273,-73.59620441912932)
1 (45.392452937657374,-73.30822666706096)
1 (45.26839435439133,-73.32368287599219)
1 (45.64604944480392,-73.41056053566503)
1 (45.44018995620287,-73.41425360253001)
1 (45.46747719613502,-73.46260815219027)
1 (45.36987916215228,-73.69708784830138)
1 (45.600799051485694,-73.33095750574465)
1 (45.329592142280354,-73.40589234419623)
1 (45.71377743743955,-73.59490443699174)
1 (45.6575947894301,-73.59785577635482)
1 (45.49922932019997,-73.59170355051232)
1 (45.25844956143169,-73.38129155703605)
1 (45.60082167702838,-73.32794181012929)
1 (45.38612048056827,-73.59698114488407)
1 (45.42692129854231,-73.72601370790149)
1 (45.38130231870235,-73.49226507172749)
1 (45.291601134929394,-73.49840748599777)
1 (45.292554500602066,-73.55534710350773)
1 (45.58801872145591,-73.25061701420421)
1 (45.709746325849466,-73.54006942943072)
1 (45.35612019940896,-73.70597482119369)
1 (45.67787069815726,-73.3085852464611)
1 (45.65398722774787,-73.72255688027407)
1 (45.73945936032112,-73.45089780514121)
1 (45.58013181795954,-73.53354050554316)
1 (45.47463362613889,-73.70615286854236)
1 (45.62265790607758,-73.38800193757227)
1 (45.36924986846432,-73.51086488461722)
1 (45.730446342032415,-73.49912082768904)
1 (45.44365053208574,-73.53392464966232)
1 (45.61138350697299,-73.42111430039007)
1 (45.31720654637193,-73.3272795904576)
1 (45.263142032617324,-73.67495361418712)
1 (45.267138151949275,-73.72459562911521)
1 (45.63313520480776,-73.62602203225644)
1 (45.364026942257645,-73.35800248398894)
1 (45.58600519721494,-73.28435294583869)
1 (45.430982540941585,-73.63519234372654)
1 (45.52936823511911,-73.34994274423784)
1 (45.37860313239578,-73.72568481676939)
1 (45.61152832549172,-73.46186341039689)
1 (45.41367010990446,-73.54598893511606)
1 (45.3584844439363,-73.73050523607333)
1 (45.70594250962398,-73.4086860173892)
1 (45.4617941010307,-73.73726075323002)
1 (45.32446785870022,-73.4101252306171)
1 (45.66371989941095,-73.2753159551154)
1 (45.62250200839183,-73.27546651659551)
1 (45.31157357823662,-73.67894593467409)
1 (45.25843097880171,-73.25822359191437)
1 (45.669285613594916,-73.64681718029408)
1 (45.68901377182582,-73.30425279700415)
1 (45.48096656199651,-73.50727922096422)
1 (45.260816110879986,-73.53730134595176)
1 (45.578589647591556,-73.40048397057032)
1 (45.45588033519924,-73.70477156670034)
1 (45.51391241582413,-73.36340150001631)
1 (45.41847807566457,-73.53827587156897)
1 (45.27336856224449,-73.29940640884229)
1 (45.601217543618965,-73.53384982750734)
1 (45.60389925040782,-73.2940894079707)
1 (45.720828479358836,-73.4413589738792)
1 (45.33755651366659,-73.70330438566113)
1 (45.70662334909822,-73.2716778303572)
1 (45.35319982632345,-73.38819135718622)
1 (45.45793419442454,-73.38363757886876)
1 (45.45471989244348,-73.4050215617533)
1 (45.50075049993644,-73.70053177422433)
1 (45.476962148909074,-73.37519113727792)
1 (45.54833383762134,-73.32813762982501)
1 (45.3528858914959,-73.6625454221555)
1 (45.52576133090498,-73.30275305106599)
1 (45.688482876721544,-73.37144626556888)
1 (45.314150361599324,-73.3886679386769)
1 (45.59559290516056,-73.54960044466384)
1 (45.3067427751935,-73.26978094165952)
1 (45.626991823320076,-73.33464750150398)
1 (45.34607800486488,-73.63974096698672)
1 (45.6429910364403,-73.62286094150079)
1 (45.72915966877996,-73.58903573241837)
1 (45.31427549125784,-73.66204697334248)
1 (45.72582157858233,-73.3158674349636)
1 (45.73182075281905,-73.27883090610091)
1 (45.45442454640992,-73.5504489606362)
1 (45.25146782489435,-73.7430012161933)
1 (45.4985662195476,-73.67952147619245)
1 (45.74809779250376,-73.54843723392872)
1 (45.32866201102431,-73.38943781412071)
1 (45.39233643755932,-73.65137649892905)
1 (45.41305590444597,-73.7120734636916)
1 (45.39133264088548,-73.45238363805402)
1 (45.364745782688864,-73.65812047834801)
1 (45.35439218303121,-73.53836289923058)
1 (45.571858612586354,-73.65698710205798)
1 (45.55411234008032,-73.41531181093724)
1 (45.502686624348385,-73.29156929691163)
1 (45.35415042744379,-73.66124434411029)
1 (45.25939647320233,-73.31957791503878)
1 (45.465873200937075,-73.61181687375347)
1 (45.478449142425816,-73.71089869113418)
1 (45.477872036870416,-73.35867119810075)
1 (45.34031888509528,-73.4026297717169)
1 (45.27469213194342,-73.49236396645595)
1 (45.25627578252363,-73.6799846636372)
1 (45.52411225416012,-73.65798254567632)
1 (45.74579676217055,-73.5321665694734)
1 (45.36592498677919,-73.61215282991816)
1 (45.60459594001653,-73.50761273115461)
1 (45.27940546164862,-73.57512479852288)
1 (45.69031609008236,-73.50267571318906)
1 (45.3415199541481,-73.26097725943222)
1 (45.52059840521014,-73.56185124922092)
1 (45.713414193308324,-73.54271365873969)
1 (45.38654888420855,-73.64608043061683)
1 (45.70883407498642,-73.26712623992452)
1 (45.333545312449104,-73.43844691814041)
1 (45.704870284926855,-73.2767863032817)
1 (45.65087956653271,-73.60375773847635)
1 (45.452781115571106,-73.72337386195852)
1 (45.44190566011238,-73.50003940679127)
1 (45.53463642529548,-73.26779052642807)
1 (45.41716510869985,-73.65589889431095)
1 (45.290138803394825,-73.25810454948856)
1 (45.26438644794453,-73.37799192464897)
1 (45.507216172085556,-73.4563579775319)
1 (45.30130690294391,-73.63750932374734)
1 (45.52984368040727,-73.34962081391922)
1 (45.60993981531052,-73.40363463760512)
1 (45.68704060226208,-73.5294080110445)
1 (45.48421243620685,-73.34534477996702)
1 (45.588101591666124,-73.55668012876328)
1 (45.296823962327245,-73.31071781384497)
1 (45.36085970169066,-73.64712940900372)
1 (45.30572515755625,-73.71508063934799)
1 (45.33214196341436,-73.41330806867285)
1 (45.47579621883271,-73.42587153948062)
1 (45.462566570654786,-73.28638653395822)
1 (45.587100305021856,-73.42301130242745)
1 (45.55144401156166,-73.61093428851008)
1 (45.73751638214767,-73.43886891628023)
1 (45.32178268777549,-73.26109698997757)
1 (45.32460513783744,-73.44157637690131)
1 (45.4802630457625,-73.46589851975956)
1 (45.709238275083266,-73.71948960726714)
1 (45.722532208467264,-73.35512754716068)
1 (45.52182147059372,-73.45301082415268)
1 (45.42028483498021,-73.54537320092709)
1 (45.470867820238254,-73.52278058665006)
1 (45.38333355159837,-73.37825530670953)
1 (45.5532287801998,-73.40041552623309)
1 (45.63723641952152,-73.69974982609469)
1 (45.74546570497393,-73.29951097848449)
1 (45.595036343621594,-73.33074084335433)
1 (45.57664591999473,-73.33054559262436)
1 (45.33028125719985,-73.62453569160652)
1 (45.444272690966265,-73.70361789640592)
1 (45.37773182110672,-73.7370603953293)
1 (45.63710966347793,-73.55761294938654)
1 (45.59802686881976,-73.44980812878057)
1 (45.271335832713454,-73.26344003099935)
1 (45.64306486897414,-73.58434375300328)
1 (45.72976802631838,-73.55240025062308)
1 (45.449973306499764,-73.73027289889602)
1 (45.717813580667155,-73.55853611693773)
1 (45.47327579163557,-73.67606489028788)
1 (45.71436672694697,-73.33598291936413)
1 (45.53723028592569,-73.5839737005148)
1 (45.40103801473914,-73.61888479921107)
1 (45.25329993101146,-73.58653218736724)
1 (45.59890673066671,-73.53235627211772)
1 (45.401331309776964,-73.60269980438918)
1 (45.328412269533395,-73.63826313861239)
1 (45.5172532919609,-73.27672499457432)
1 (45.33505102524366,-73.60926444850783)
1 (45.66497281340798,-73.53213835995696)
1 (45.29122124431835,-73.46860033168151)
1 (45.495632263016596,-73.30702362065134)
1 (45.39285890446399,-73.7115282678871)
1 (45.71350649238881,-73.59481865317174)
1 (45.71843384162872,-73.73710373253604)
1 (45.47455558178492,-73.45737940208663)
1 (45.5074256133223,-73.36616855925485)
1 (45.541012943570124,-73.70389484849417)
1 (45.44557475673096,-73.30295391197788)
1 (45.70337662917824,-73.44047189578764)
1 (45.61500579151392,-73.71362219440127)
1 (45.55978471594684,-73.69081426009807)
1 (45.47874395380834,-73.64536570346905)
1 (45.71199432477405,-73.26840001942018)
1 (45.621198587522784,-73.29434737433394)
1 (45.297046876908226,-73.54491805392134)
1 (45.45886195913332,-73.64981212410203)
1 (45.52419042807155,-73.70845391717829)
1 (45.26877266763619,-73.29511534302813)
1 (45.52774333543529,-73.53802113876804)
1 (45.656219185314015,-73.63420791526717)
1 (45.3783217973368,-73.63851462490906)
1 (45.49770928647584,-73.53428511208443)
1 (45.517216897448066,-73.4820181369157)
1 (45.450407264145746,-73.3318498183856)
1 (45.691695354927724,-73.48762820432339)
1 (45.31504146828783,-73.34035832935746)
1 (45.672611224083134,-73.7425625388862)
1 (45.375710576077395,-73.42291016277171)
1 (45.62995412080038,-73.32230136433782)
1 (45.31706749910869,-73.35311098317217)
1 (45.52682294005007,-73.50686545972259)
1 (45.437036195967316,-73.58128095177412)
1 (45.267802290330444,-73.51406536221279)
1 (45.63151672317076,-73.65159888520186)
1 (45.60383182070339,-73.67866141062918)
1 (45.526460200994805,-73.37856500563306)
1 (45.45239762501907,-73.29885512430155)
1 (45.67224593679613,-73.48833388066947)
1 (45.33923729380284,-73.64838746233889)
1 (45.39546860137996,-73.26201130622489)
1 (45.60573917319524,-73.41375038280023)
1 (45.72404443647256,-73.28392748680234)
1 (45.35482940439055,-73.56162312838384)
1 (45.26297097761373,-73.69819132192329)
1 (45.32737843654691,-73.37162580184095)
1 (45.5001257424143,-73.41149903113666)
1 (45.51102231857067,-73.5838374005124)
1 (45.26416493211413,-73.44921304424119)
1 (45.28378218213219,-73.30925684834034)
1 (45.43988428899453,-73.67514499432703)
1 (45.28597845874043,-73.53449020854909)
1 (45.57032950234015,-73.32326992053953)
1 (45.49567503432952,-73.71942842937405)
1 (45.639495114528245,-73.2617665210239)
1 (45.65525146899296,-73.63853491202963)
1 (45.63462568425784,-73.61632120212495)
1 (45.25968984148688,-73.25259301051142)
1 (45.432934733758835,-73.3205520009148)
1 (45.27077612186721,-73.51836880905987)
1 (45.643982067903536,-73.33670090319895)
1 (45.565654089564816,-73.6486252033534)
1 (45.26600116219731,-73.69941155310686)
1 (45.36303325713183,-73.42427852677591)
1 (45.38214396118142,-73.67945199801368)
1 (45.49584041341285,-73.73421969689522)
1 (45.63091146565716,-73.742660193012)
1 (45.41521784515213,-73.57642714846921)
1 (45.33396379129906,-73.5921829064105)
1 (45.71750931778628,-73.29647931606597)
1 (45.45405474080388,-73.42924679430918)
1 (45.28323847041756,-73.36642999018262)
1 (45.48601119350549,-73.64924305528443)
1 (45.30507231893059,-73.51824018264956)
1 (45.454478792028866,-73.50582547985853)
1 (45.56037608563533,-73.54156581851117)
1 (45.40358083358057,-73.32601432400618)
1 (45.25320351080707,-73.5356807656643)
1 (45.615688518499866,-73.64396644610844)
1 (45.61043046235264,-73.36967050809524)
1 (45.28917591552956,-73.6401154705443)
1 (45.667227748160364,-73.55376183738387)
1 (45.538334265522046,-73.5258030895638)
1 (45.318182199688806,-73.65775991191362)
1 (45.35254582698824,-73.50131622338462)
1 (45.74211364794193,-73.33004396188963)
1 (45.566368135435326,-73.63741225731721)
1 (45.730998579304426,-73.37242883483059)
1 (45.447355706154404,-73.48695784169132)
1 (45.266399329343926,-73.71242972232635)
1 (45.70424644140151,-73.42422450138713)
1 (45.39041138523354,-73.48507308839537)
1 (45.55456634177294,-73.63467735407293)
1 (45.51237922434276,-73.2913772280701)
1 (45.46775648184614,-73.33776133395344)
1 (45.27749468985872,-73.53998127520441)
1 (45.3176022905731,-73.71923199155026)
1 (45.49887997958953,-73.60213203719985)
1 (45.43604565127043,-73.6779961806953)
1 (45.420870862490794,-73.31834348571563)
1 (45.4593865231024,-73.35522085000076)
1 (45.73795358410627,-73.68752419566847)
1 (45.397431091275465,-73.51063596599177)
1 (45.341172865163045,-73.34622348504479)
1 (45.536319664894926,-73.64250074843656)
1 (45.701815859109246,-73.70687741308137)
1 (45.606568012997705,-73.31362033638902)
1 (45.63079102132112,-73.36954148695129)
1 (45.609281842169935,-73.4460928974329)
1 (45.37135846304463,-73.6515770653023)
1 (45.295554704808424,-73.38213517669818)
1 (45.59273219908381,-73.29411423782977)
1 (45.53673547839542,-73.27737754895499)
1 (45.352562447574975,-73.60284412947598)
1 (45.706552516663564,-73.39643746610541)
1 (45.48741985180104,-73.46379939988175)
1 (45.720006957780214,-73.61837326052674)
1 (45.67214162563521,-73.34226172306109)
1 (45.538498868484105,-73.43178824414247)
1 (45.56126269739679,-73.52479101216267)
1 (45.255825423798115,-73.40589783695586)
1 (45.48874372396675,-73.50060119227547)
1 (45.32549126475454,-73.56479070782255)
1 (45.65582041589325,-73.49911300005228)
1 (45.576196744291735,-73.26740766824018)
1 (45.58103761477582,-73.3054947456475)
1 (45.38942079112776,-73.60543005705235)
1 (45.32139435149493,-73.56535747086565)
1 (45.280690825577835,-73.47531244863906)
1 (45.599014543045556,-73.36350123907398)
1 (45.634432788376714,-73.35911225491155)
1 (45.4838714160899,-73.41971491888948)
1 (45.491220385332895,-73.46156208866675)
1 (45.689831700027064,-73.28711230551892)
1 (45.575793213008666,-73.69799835343862)
1 (45.3386492811295,-73.46534281306533)
1 (45.684389303350855,-73.60930277891443)
1 (45.73452605571379,-73.35224540222592)
1 (45.62073851771825,-73.5959314360297)
1 (45.27047098396347,-73.45311996255082)
1 (45.58148865622637,-73.41339889452347)
1 (45.55692681200038,-73.74677091269923)
1 (45.74388741570877,-73.6562528606173)
1 (45.72299708402033,-73.57183299554465)
1 (45.30121862583607,-73.476617911558)
1 (45.59109429619788,-73.34561996945845)
1 (45.32479240303606,-73.53680484355979)
1 (45.56694350608601,-73.36084226092478)
1 (45.60521428708839,-73.68327487136246)
1 (45.618613757189586,-73.323020034239)
1 (45.540209421631005,-73.55141623604617)
1 (45.6406131948947,-73.69327381218568)
1 (45.69145359519953,-73.26713356042706)
1 (45.31207188762439,-73.28740497987452)
1 (45.32866360793537,-73.60216821629773)
1 (45.261649625152465,-73.45278431011239)
1 (45.61562545503162,-73.36536109458349)
1 (45.446044426398714,-73.4995466397529)
1 (45.56988927511378,-73.4717369989654)
1 (45.633840481197666,-73.40194591718456)
1 (45.54553617412405,-73.52533288506419)
1 (45.26192285481366,-73.60945464731292)
1 (45.74672236807454,-73.38011025892742)
1 (45.69779936042875,-73.61529785996045)
1 (45.678632394295825,-73.50608476092913)
1 (45.59790824636041,-73.72259152029756)
1 (45.48202339397573,-73.5849742255997)
1 (45.59935390038514,-73.72511163930203)
1 (45.277718598558714,-73.59120923656928)
1 (45.52050062252209,-73.48094970419756)
1 (45.468208959415776,-73.68006832005221)
1 (45.574468291645275,-73.6029167397796)
1 (45.40494723233974,-73.50499275467021)
1 (45.31881163985173,-73.71953762273337)
1 (45.43197015912895,-73.62080416810932)
1 (45.67452828958017,-73.47483371008396)
1 (45.55915978534745,-73.39859071080532)
1 (45.348029038945626,-73.6338215503921)
1 (45.40175578719748,-73.38144593250772)
1 (45.380816988875004,-73.34376149931188)
1 (45.5466567352444,-73.74803724277977)
1 (45.33336069174771,-73.26867010527285)
1 (45.67059856717186,-73.52314877121295)
1 (45.28200930621905,-73.46646588742541)
1 (45.54047466593298,-73.38088661697101)
1 (45.370786621924765,-73.51434837469792)
1 (45.47186259935377,-73.32715229418758)
1 (45.61351346860414,-73.50861595808065)
1 (45.40824842808933,-73.72328304205031)
1 (45.485946920429825,-73.67010840106231)
1 (45.510489979489485,-73.5224260082514)
1 (45.58248746380773,-73.37581541114841)
1 (45.51373682984095,-73.73425583546354)
1 (45.73749386021309,-73.51092307390675)
1 (45.61732487280966,-73.51206347704023)
1 (45.527358769127396,-73.59367561469362)
1 (45.322089639541375,-73.3690368736383)
1 (45.47623616572526,-73.66791008490638)
1 (45.419093060993355,-73.37772214472552)
1 (45.585675288865595,-73.48497734647266)
1 (45.26393419854746,-73.28819700170128)
1 (45.496403707645044,-73.50799307744155)
1 (45.54161521246468,-73.31640571068895)
1 (45.66911574585104,-73.26696793472581)
1 (45.438359794756465,-73.40439853856378)
1 (45.44036061200339,-73.57334660646508)
1 (45.48883180046753,-73.53888586597834)
1 (45.66948766238666,-73.56684084145627)
1 (45.35987780051064,-73.73356057923654)
1 (45.443095095114266,-73.51617202170593)
1 (45.465218012459154,-73.53406035697019)
1 (45.44454090396412,-73.72844448365453)
1 (45.57943578150567,-73.39223395828542)
1 (45.627813898000724,-73.33935095325327)
1 (45.53416664604847,-73.47854419824104)
1 (45.2574252005317,-73.65826718292261)
1 (45.63456373304782,-73.45798287803761)
1 (45.688969687605244,-73.62852335982431)
1 (45.629917122678314,-73.44579088458912)
1 (45.46861936906107,-73.33374503523184)
1 (45.408730445404906,-73.28456999466957)
1 (45.424049421407766,-73.33613712050823)
1 (45.5656088340698,-73.44404048753813)
1 (45.404160819837784,-73.4719398110606)
1 (45.604988247728414,-73.7387418130492)
1 (45.70045173354137,-73.55301576893653)
1 (45.30503676263796,-73.68739163155118)
1 (45.44900302179241,-73.73163342060087)
1 (45.663984225424095,-73.70041130639827)
1 (45.46878171528314,-73.57799156301361)
1 (45.390687765985646,-73.37929402294503)
1 (45.53932942361514,-73.6968861623133)
1 (45.581415925754904,-73.54303466752683)
1 (45.55889093566888,-73.47115050033369)
1 (45.54563539590437,-73.66275854535921)
1 (45.3526517108621,-73.26510533794843)
1 (45.705009896148326,-73.68597896241934)
1 (45.619990974526125,-73.65123635693399)
1 (45.59187154140598,-73.26658175495767)
1 (45.61952066110268,-73.43767136663206)
1 (45.71610094705718,-73.68567767115539)
1 (45.691168600521685,-73.4727605271485)
1 (45.452652911500515,-73.2518816737334)
1 (45.60567763750367,-73.38616802956142)
1 (45.62589043541726,-73.70737095027452)
1 (45.51363066162706,-73.5933644181116)
1 (45.631440613716286,-73.63824171036843)
1 (45.43847489721789,-73.54226389967869)
1 (45.741461598386614,-73.59422744138074)
1 (45.32100683177387,-73.3169816646892)
1 (45.6850107956488,-73.56375961819573)
1 (45.57639282575348,-73.33429178530905)
1 (45.68163007322232,-73.62564459793188)
1 (45.469038336982,-73.4733464601759)
1 (45.333314594358754,-73.50829839794619)
1 (45.34548221781241,-73.5685729925356)
1 (45.647707793167115,-73.43152432148175)
1 (45.390980830809696,-73.26939548832796)
1 (45.4736654912908,-73.484235872288)
1 (45.5915597418511,-73.32853339548527)
1 (45.27925833187172,-73.4043208308915)
1 (45.49004947907822,-73.42310986010389)
1 (45.49183213499423,-73.47401004473303)
1 (45.62198465297264,-73.63965805596875)
1 (45.54992177819183,-73.32565761165763)
1 (45.7052343827423,-73.2653441718788)
1 (45.38761486715282,-73.26875692148823)
1 (45.73584501433794,-73.52333140772517)
1 (45.283387366622534,-73.29931032789449)
1 (45.61181454414515,-73.37018948711051)
1 (45.35748396577632,-73.73733771138642)
1 (45.26638139857306,-73.43760982494561)
1 (45.49459193403322,-73.45735262235017)
1 (45.54289841239705,-73.64941714588174)
1 (45.60185781498383,-73.4300523767725)
1 (45.68447631073358,-73.4779733258311)
1 (45.386222282679455,-73.28126154170734)
1 (45.34331912743484,-73.72155024527477)
1 (45.74959905620971,-73.29633626794026)
1 (45.43703733783095,-73.58610354005756)
1 (45.45559971759528,-73.25477967273503)
1 (45.49221271084238,-73.74110969872812)
1 (45.41730694888864,-73.6707368475234)
1 (45.31910231491036,-73.38973459032105)
1 (45.292024663253656,-73.44033060360861)
1 (45.45560716280227,-73.7485816763535)
1 (45.54598390976888,-73.55646727841385)
1 (45.30349447915752,-73.67162386409862)
1 (45.269659728181516,-73.44578488164575)
1 (45.25535072443467,-73.4766534125935)
1 (45.282654499888615,-73.61083378102865)
1 (45.37685583124335,-73.34068955304079)
1 (45.466029178296424,-73.62337306314876)
1 (45.36570736547614,-73.42326423907792)
1 (45.29951493639763,-73.61183373093853)
1 (45.55588673871387,-73.65336176849328)
1 (45.2612129231556,-73.7175429185681)
1 (45.67394758146594,-73.37701849750808)
1 (45.56819120826961,-73.56022113073337)
1 (45.382620041612626,-73.30819423349809)
1 (45.69781335213881,-73.5535575861177)
1 (45.366262750382376,-73.45550764863786)
1 (45.73168401837354,-73.44633666928154)
1 (45.322557646713946,-73.41178323683714)
1 (45.306772867710755,-73.73363156196804)
1 (45.72533107701737,-73.59208794533355)
1 (45.34157851546549,-73.58599889422482)
1 (45.61449784447749,-73.689040979854)
1 (45.72912043415791,-73.68240142818125)
1 (45.45086324464661,-73.28166095970396)
1 (45.35309716895448,-73.3047536624372)
1 (45.74588133882768,-73.68586987123142)
1 (45.588725223638946,-73.2585281655361)
1 (45.73945595502032,-73.27100361913048)
1 (45.39557367922308,-73.62477855447679)
1 (45.35248433190178,-73.5872850084937)
1 (45.696135391096156,-73.52422788907694)
1 (45.48508146505628,-73.25419462023062)
1 (45.460926265180724,-73.48373919796687)
1 (45.466286553287496,-73.64903136788416)
1 (45.28858028710982,-73.6395280062713)
1 (45.58654120812779,-73.50868423693788)
1 (45.27770820320386,-73.38989439082633)
1 (45.6603424604098,-73.61574283335305)
1 (45.6362140396601,-73.72304551267622)
1 (45.47321163440519,-73.28255429114867)
1 (45.26331402992133,-73.29274689105452)
1 (45.26448383113867,-73.37368987315382)
1 (45.46967872074601,-73.3960844510743)
1 (45.58541051088061,-73.61851511957988)
1 (45.5719192643729,-73.32353665595724)
1 (45.450681680979564,-73.46116255892382)
1 (45.3090652933218,-73.60184928995808)
1 (45.670711565940124,-73.67518662938812)
1 (45.38073200611974,-73.43487361731111)
1 (45.61189579669883,-73.43453620140885)
1 (45.39935030490588,-73.66657113184)
1 (45.38253584949807,-73.48120995209393)
1 (45.68213432071418,-73.34380660026422)
1 (45.58323990442752,-73.46306599595916)
1 (45.58238655685011,-73.44434367490402)
1 (45.29234780159116,-73.4327369709012)
1 (45.47429172812953,-73.55762550599812)
1 (45.379290626260094,-73.40045794823075)
1 (45.56052591306495,-73.26246578259735)
1 (45.551784165753894,-73.7198443017356)
1 (45.36780880613989,-73.63669344418012)
1 (45.74636842593065,-73.45626273026488)
1 (45.6319522052423,-73.25908745429288)
1 (45.56604390771092,-73.74241874604739)
1 (45.25100901935989,-73.72360581229628)
1 (45.45361852249463,-73.46513945053209)
1 (45.602802580910584,-73.57995618200601)
1 (45.66486724218021,-73.45106108254956)
1 (45.28141702062751,-73.74297316063092)
1 (45.37172005082964,-73.62703608124617)
1 (45.70615521783627,-73.27606054962648)
1 (45.38243186499287,-73.42355494399044)
1 (45.596021397604304,-73.55112465744408)
1 (45.51305144415805,-73.46633364946857)
1 (45.482961672875426,-73.61896781750488)
1 (45.58249461625795,-73.36244788827592)
1 (45.25789608519904,-73.69002914584927)
1 (45.33214033603155,-73.6330007974732)
1 (45.70500191917461,-73.42565263570198)
1 (45.29010655629402,-73.5742913094573)
1 (45.58175857687655,-73.27473059576748)
1 (45.71022589365026,-73.54380580771641)
1 (45.544940209439424,-73.35961345365175)
1 (45.71622968378129,-73.36608617496529)
1 (45.60604299527039,-73.41859479717314)
1 (45.67276194328664,-73.73663279101388)
1 (45.32355987504948,-73.55007370621635)
1 (45.586583408241204,-73.66948149910205)
1 (45.604066158886354,-73.47566419859095)
1 (45.51368880341198,-73.68594909974185)
1 (45.2892552844199,-73.7460646232807)
1 (45.51104886846136,-73.57827231192896)
1 (45.6518648804041,-73.25441789724684)
1 (45.62530211551525,-73.7024706385877)
1 (45.50985888784864,-73.59718642621527)
1 (45.25495921269818,-73.35974409689176)
1 (45.3952824061212,-73.73223333837986)
1 (45.45754663664089,-73.41507212349089)
1 (45.58188167283266,-73.5278449483446)
1 (45.39860402540741,-73.3754105494533)
1 (45.283882354981486,-73.67484697971281)
1 (45.655563317162894,-73.70798902462937)
1 (45.487245094928184,-73.54676042412342)
1 (45.496275960455336,-73.72169149223966)
1 (45.66426813006194,-73.44011046741238)
1 (45.54931754214003,-73.36135821056531)
1 (45.552582484037565,-73.70854536122366)
1 (45.47118779163809,-73.27607785484918)
1 (45.250385970970115,-73.62033946405288)
1 (45.2941369380008,-73.51814401077803)
1 (45.59118827059476,-73.3191484302239)
1 (45.60758786223067,-73.70933062461083)
1 (45.61338977276335,-73.5525517456945)
1 (45.585986619177596,-73.47549668017102)
1 (45.43269296820227,-73.3519611706204)
1 (45.62640223752534,-73.39926055350674)
1 (45.45864580631411,-73.60089171231581)
1 (45.50031016095462,-73.67359018022101)
1 (45.67054215660845,-73.41638433981804)
1 (45.45573153090514,-73.55663561322702)
1 (45.582455484359116,-73.49053797713994)
1 (45.62826437804007,-73.62998592880521)
1 (45.58235748725977,-73.49565103537104)
1 (45.43253057702709,-73.74876295004415)
1 (45.526074200123276,-73.34739097420339)
1 (45.30917597533499,-73.44256972767259)
1 (45.303257973943495,-73.54570304832824)
1 (45.296799202057564,-73.38129229794744)
1 (45.56960449078936,-73.47283753655417)
1 (45.38304828824505,-73.35910839666076)
1 (45.45721954977704,-73.42191778284337)
1 (45.46461194043403,-73.57378772465927)
1 (45.33334157878163,-73.25788918698771)
1 (45.51194621998582,-73.28647331244852)
1 (45.57655108227903,-73.47548224833427)
1 (45.69131515298683,-73.73961456094048)
1 (45.379149442551416,-73.51599109743285)
1 (45.744087425589775,-73.48757743682476)
1 (45.26456501776813,-73.53621117250404)
1 (45.36121936981795,-73.55568830957525)
1 (45.32944546610757,-73.38879862653407)
1 (45.61946792084605,-73.58907290187902)
1 (45.68152067173595,-73.3736061177621)
1 (45.26511522708892,-73.38263264148794)
1 (45.64637196426618,-73.35421820900328)
1 (45.7408502962664,-73.39785601649068)
1 (45.558918414671275,-73.60295239976416)
1 (45.35194090679643,-73.57089304068911)
1 (45.33873251737832,-73.74100953236429)
1 (45.35894254667038,-73.39942639271872)
1 (45.57222270665197,-73.37825076883996)
1 (45.56592943006128,-73.46335324648119)
1 (45.48927133427936,-73.52924585289423)
1 (45.64559573001059,-73.68614734331635)
1 (45.52709234566578,-73.58878060459885)
1 (45.50556373163581,-73.28000122970964)
1 (45.61987378955996,-73.59092942736359)
1 (45.45384855916351,-73.43845416329043)
1 (45.43919584199816,-73.65109169251559)
1 (45.265667758121964,-73.44519154974178)
1 (45.5372662160666,-73.40005873729011)
1 (45.48864698011919,-73.45705733869694)
1 (45.71269010110927,-73.36322120985218)
1 (45.44896159583619,-73.29305113070744)
1 (45.426793065204144,-73.6164445307371)
1 (45.43706700793327,-73.61918749303278)
1 (45.747440643987744,-73.66293303814635)
1 (45.45840902355029,-73.46157508389156)
1 (45.58684961653116,-73.32257158561447)
1 (45.731868817995455,-73.50692896167787)
1 (45.43006131271017,-73.50677611530449)
1 (45.30668518684533,-73.66095974519801)
1 (45.32154833059404,-73.56780287306042)
1 (45.74721025594434,-73.33068885317712)
1 (45.588851775875746,-73.46175873963873)
1 (45.30409294949514,-73.3767194912449)
1 (45.63419690355598,-73.74922325210514)
1 (45.35034790161851,-73.6458484691895)
1 (45.61771077046875,-73.47643577357903)
1 (45.61125574155119,-73.44313451418643)
1 (45.4891663522603,-73.73341935556826)
1 (45.35815383919795,-73.73564404992713)
1 (45.599103391093436,-73.67320552901506)
1 (45.26791522485193,-73.29757614489867)
1 (45.534726946140154,-73.49849268290687)
1 (45.57227616834278,-73.40832348966913)
1 (45.38116036685912,-73.37861318886627)
1 (45.434161748365526,-73.60125687854725)
1 (45.304430415197,-73.45060269780186)
1 (45.69177148671453,-73.33162626856985)
1 (45.688987640585204,-73.48345784858354)
1 (45.705425850758914,-73.28695169589952)
1 (45.53961638829567,-73.44433682326489)
1 (45.52703738241228,-73.40263302555402)
1 (45.47526417197766,-73.59949971553121)
1 (45.487558793778014,-73.46923777852014)
1 (45.40062117434867,-73.41120424008716)
1 (45.56387317788462,-73.52603202224371)
1 (45.34020629062262,-73.35456465053552)
1 (45.54333045461273,-73.52779940120202)
1 (45.45926711258375,-73.3755503106315)
1 (45.551496826014166,-73.54884924681006)
1 (45.475976591228815,-73.54284276463709)
1 (45.44667248260021,-73.54934487997978)
1 (45.49021057839037,-73.51218858966848)
1 (45.41334640482638,-73.47468887497801)
1 (45.715615492073894,-73.72217797593666)
1 (45.305994910604504,-73.68868241495696)
1 (45.70372671075157,-73.27504714367561)
1 (45.404494048189704,-73.45553129528778)
1 (45.39157371358184,-73.72514542211083)
1 (45.74290452503188,-73.38450184412957)
1 (45.687509040889246,-73.5011262334317)
1 (45.56450056151825,-73.43413517369741)
1 (45.33392363034824,-73.42571355525604)
1 (45.73765283836822,-73.74040892019511)
1 (45.45006217381086,-73.26906411485389)
1 (45.63953886159249,-73.68509083541058)
1 (45.46332773491457,-73.478287885418)
1 (45.57764197937348,-73.25675936122236)
1 (45.58326558690165,-73.66660789742517)
1 (45.27261435912425,-73.3775715246958)
1 (45.5588423267955,-73.62093314358552)
1 (45.270316527358844,-73.47383911953315)
1 (45.686686671173405,-73.49628624868707)
1 (45.38571031514779,-73.65782955608563)
1 (45.405634497422234,-73.5095708044288)
1 (45.4067695349011,-73.46193813084766)
1 (45.321221239501206,-73.32358092512443)
1 (45.30268649475442,-73.62448424927265)
1 (45.65269059528661,-73.42494882524294)
1 (45.58739069463932,-73.46886414078077)
1 (45.3846394374696,-73.6468939588942)
1 (45.286758951812,-73.44464847855167)
1 (45.33559423077305,-73.56918047804658)
1 (45.64588496528888,-73.41044362859756)
1 (45.426615456248065,-73.34360737269228)
1 (45.29138937622008,-73.73394065834461)
1 (45.6444520682929,-73.54364914992323)
1 (45.53298957899035,-73.26455674196515)
1 (45.5458188378309,-73.42153224848514)
1 (45.34841199007916,-73.69842922290002)
1 (45.64204532737264,-73.47507596247789)
1 (45.346217756304135,-73.30425284910137)
1 (45.63664579813868,-73.48004413788374)
1 (45.64222597356443,-73.41155620936208)
1 (45.262285378146196,-73.63154716372753)
1 (45.61695706214412,-73.48049401321336)
1 (45.37816849615186,-73.66020162126051)
1 (45.443881872544004,-73.47408710288417)
1 (45.54405128212229,-73.7452980278145)
1 (45.59125074758791,-73.64007282798843)
1 (45.48288053673806,-73.73814485064985)
1 (45.70388980109378,-73.68013355670678)
1 (45.680487652501284,-73.6340503089931)
1 (45.36558993262568,-73.63925183334838)
1 (45.347816586914874,-73.3910710288191)
1 (45.727577730761475,-73.68729608999583)
1 (45.588840763143466,-73.5876999592018)
1 (45.36404503066456,-73.28867114021965)
1 (45.375624583199446,-73.54008367072656)
1 (45.48182801128294,-73.56397344714142)
1 (45.3309111575286,-73.36215216684707)
1 (45.268064288477035,-73.44007127863951)
1 (45.3581682645004,-73.54921252897275)
1 (45.7070200756017,-73.46188565798336)
1 (45.339200802292844,-73.49710032552831)
1 (45.63526782378389,-73.40037816989668)
1 (45.44023845977459,-73.43490099593404)
1 (45.63300768623648,-73.53685752364153)
1 (45.52883301805633,-73.54954615796817)
1 (45.568565015533686,-73.73369687567362)
1 (45.30595113685044,-73.61525797966885)
1 (45.722958627418876,-73.61590953388978)
1 (45.500323131544654,-73.7098575107453)
1 (45.4219236029923,-73.38676134153853)
1 (45.35541031008944,-73.60337099550476)
1 (45.493885151617164,-73.4837029966311)
1 (45.663278152498016,-73.64216101901694)
1 (45.65411847908957,-73.4483866946219)
1 (45.26421398837635,-73.42397746667193)
1 (45.58769317800058,-73.53638628482948)
1 (45.736103542306026,-73.26586619780635)
1 (45.566788329245746,-73.72847116008887)
1 (45.443381235032504,-73.40779103177007)
1 (45.39157845087737,-73.42588914909459)
1 (45.70179518042143,-73.5701181925704)
1 (45.28812828366399,-73.71709442073791)
1 (45.5422785397693,-73.39277972949996)
1 (45.631597711540174,-73.69271178148233)
1 (45.42489456941361,-73.42797569719335)
1 (45.488546693333255,-73.35925919003896)
1 (45.26212354074867,-73.73669298883203)
1 (45.48824302822217,-73.26025577614804)
1 (45.25968564176043,-73.25211117898985)
1 (45.439614119497016,-73.45582316939365)
1 (45.372644330395126,-73.42013431366922)
1 (45.40784750523562,-73.53874355693118)
1 (45.6047110490515,-73.70883017590842)
1 (45.65263266545834,-73.3761678432812)
1 (45.44947227499287,-73.39447642253872)
1 (45.408650348358044,-73.26177346593705)
1 (45.48368618866823,-73.5822065633744)
1 (45.45815383360912,-73.64315133150096)
1 (45.47484677915292,-73.70391581805143)
1 (45.30534949636202,-73.55355705711767)
1 (45.35788904605403,-73.25513069379937)
1 (45.5127729806747,-73.3258920688255)
1 (45.569209772446754,-73.28596364724675)
1 (45.40096988888594,-73.59988577029038)
1 (45.500104007057146,-73.6490671609099)
1 (45.344528520533956,-73.55093010286625)
1 (45.7462683381157,-73.72966974933006)
1 (45.31987562897047,-73.6708736823336)
1 (45.38519772218499,-73.3393192372086)
1 (45.67323394388094,-73.3173129704556)
1 (45.70910339898818,-73.64587663643687)
1 (45.28075400242477,-73.61852323905215)
1 (45.67740524803268,-73.4375968075013)
1 (45.36707085996722,-73.67615304393061)
1 (45.32990275757953,-73.67880047156898)
1 (45.733399489412456,-73.34716083953975)
1 (45.519404424790224,-73.70868450035091)
1 (45.52177116321901,-73.7102031772365)
1 (45.580896409231855,-73.56323582286399)
1 (45.40812612157701,-73.62978929946627)
1 (45.45325674861874,-73.26300720174515)
1 (45.273716414483964,-73.62399747990555)
1 (45.309072510950045,-73.50668094914487)
1 (45.45163590658936,-73.51840373356613)
1 (45.428292865438124,-73.54188958205833)
1 (45.583282580679935,-73.63010423881934)
1 (45.372251883813604,-73.55068080196705)
1 (45.44817193048218,-73.47131811099814)
1 (45.47602069532201,-73.68730654864774)
1 (45.34975824122719,-73.69203772267761)
1 (45.27909932358675,-73.44068430166979)
1 (45.74978378142286,-73.69554910208457)
1 (45.257134444427784,-73.26292162396905)
1 (45.34416448326727,-73.55937577359757)
1 (45.600649847000895,-73.40871289010987)
1 (45.66453377490431,-73.57730419070265)
1 (45.31070254718505,-73.6682100237153)
1 (45.571304448763826,-73.40563020016397)
1 (45.545927839132986,-73.64813734599262)
1 (45.67647199280924,-73.44862086082614)
1 (45.46061268763682,-73.46246324487402)
1 (45.29737078156557,-73.25441655225343)
1 (45.71923747894815,-73.63485951157611)
1 (45.49620811341315,-73.31320390972151)
1 (45.45935202833849,-73.69047223995568)
1 (45.604439038109525,-73.25447049684402)
1 (45.701702352550875,-73.32419597999304)
1 (45.36590847318979,-73.52950749885568)
1 (45.574200791983806,-73.67668585690292)
1 (45.45817526141599,-73.73905741611222)
1 (45.72463247102553,-73.62776053725277)
1 (45.66754612514295,-73.32410899874534)
1 (45.445917253382056,-73.62964149054844)
1 (45.4000857261739,-73.38032221233469)
1 (45.327296799851084,-73.44964234483804)
1 (45.50823236060525,-73.38342150330043)
1 (45.67499234283521,-73.27346489707722)
1 (45.600637095546375,-73.62412615323859)
1 (45.516679460891226,-73.43617646696887)
1 (45.58145748530487,-73.64679177559351)
1 (45.71555195951755,-73.59823589756894)
1 (45.63457503102271,-73.46591771624082)
1 (45.57179770276897,-73.46860401529567)
1 (45.728069298014546,-73.29903057138883)
1 (45.28198511022451,-73.69601692580144)
1 (45.46476941026477,-73.50318414973594)
1 (45.26015969259364,-73.30291843686291)
1 (45.74581716316644,-73.33542228490123)
1 (45.598375938566,-73.52434140343618)
1 (45.74591435446172,-73.57503079555497)
1 (45.35894041483893,-73.63619498341222)
1 (45.62128988360338,-73.44726065077768)
1 (45.44581797231229,-73.31395853641332)
1 (45.68441097054645,-73.67443494663381)
1 (45.498453659559566,-73.25370021941693)
1 (45.48307548464229,-73.35095742069457)
1 (45.58768845652736,-73.71263173546963)
1 (45.315761266832844,-73.69372113127702)
1 (45.47049830751405,-73.28607846908112)
1 (45.69997114914786,-73.55877100560802)
1 (45.27796103686791,-73.63178725833201)
1 (45.6858010095913,-73.43880472844053)
1 (45.26915699496398,-73.48091197401378)
1 (45.67307116519783,-73.46420175990725)
1 (45.68263494007965,-73.6378101461147)
1 (45.54709993069297,-73.72275072718801)
1 (45.25662526513452,-73.26795173259157)
1 (45.49556131602775,-73.49010099163999)
1 (45.66935873352992,-73.60478420421002)
1 (45.30685721402768,-73.7241946129758)
1 (45.471649449293935,-73.2723159231057)
1 (45.27904759991357,-73.42254038623588)
1 (45.54532671767589,-73.72047301451865)
1 (45.58762057024298,-73.67117212314014)
1 (45.72315117954594,-73.30495263211232)
1 (45.57024754204198,-73.42848883476486)
1 (45.44852623819847,-73.31233869578213)
1 (45.38715677908078,-73.28590485051677)
1 (45.73661695138129,-73.73466395026927)
1 (45.406872176016556,-73.63034353669553)
1 (45.72241387856883,-73.33539545474284)
1 (45.4488021392439,-73.30108853814929)
1 (45.74583056730196,-73.52098816080368)
1 (45.686526856466784,-73.48536219310179)
1 (45.72909881605243,-73.73869470077308)
1 (45.57862061193687,-73.73323090618044)
1 (45.547526846036575,-73.56223699721205)
1 (45.64745885002294,-73.59304317145873)
1 (45.681111283291024,-73.30223864376454)
1 (45.27069807938691,-73.47358590976242)
1 (45.66154444728707,-73.38798478101853)
1 (45.384980205125295,-73.42850064796583)
1 (45.69683444454444,-73.41111919634818)
1 (45.62690065722619,-73.63223136966302)
1 (45.36405624495393,-73.60030636031381)
1 (45.45239361323725,-73.37488135149351)
1 (45.409677677161575,-73.6086791263129)
1 (45.682425224996386,-73.44583672166657)
1 (45.486455139758085,-73.343060678527)
1 (45.7202496315458,-73.30287007527834)
1 (45.586069474229966,-73.64549232872177)
1 (45.37347037815218,-73.43466783762284)
1 (45.497473487162,-73.4535168829768)
1 (45.29276336342381,-73.32033054693551)
1 (45.332347992501106,-73.61595995870347)
1 (45.508355798186685,-73.36937580207834)
1 (45.511114385410394,-73.32561987343483)
1 (45.405218597933754,-73.69012882663927)
1 (45.59562746526611,-73.64931955891299)
1 (45.728418300134805,-73.48311651911197)
1 (45.48797274254825,-73.38919202515905)
1 (45.35118770208779,-73.28918579051201)
1 (45.288718627213484,-73.49686372519898)
1 (45.57001256525329,-73.73954793272685)
1 (45.52252446781931,-73.48436821387249)
1 (45.61339532302315,-73.35680587279829)
1 (45.4941810989974,-73.73216557485712)
1 (45.363944747353145,-73.34225189560767)
1 (45.73396170257743,-73.28556076166153)
1 (45.49705391441098,-73.65532871699652)
1 (45.32758606108747,-73.65610743807206)
1 (45.33366709841876,-73.54612737646315)
1 (45.40315246219108,-73.30425127108137)
1 (45.68949943110499,-73.54115074188668)
1 (45.66506724285956,-73.37351013751032)
1 (45.37856164180197,-73.70630209664216)
1 (45.623302473688135,-73.37490638740049)
1 (45.294955105765155,-73.31916347751773)
1 (45.565238373959275,-73.38315930274365)
1 (45.65364116156009,-73.37510923781466)
1 (45.35689772590759,-73.40331402041325)
1 (45.518251573231666,-73.62865542004796)
1 (45.34055517977719,-73.39802584232142)
1 (45.681995480346515,-73.63267627042742)
1 (45.41650550572947,-73.53163724084068)
1 (45.296331416572066,-73.48372453989883)
1 (45.358200094144394,-73.48747739642572)
1 (45.36131125344508,-73.71167272726514)
1 (45.51201233656677,-73.74948249823272)
1 (45.30136622548795,-73.46624800957632)
1 (45.27556785676905,-73.50827760608078)
1 (45.3507934040935,-73.3517637445842)
1 (45.63187669327347,-73.35527918540225)
1 (45.36431438629048,-73.44445631914785)
1 (45.54042999343397,-73.66617012988321)
1 (45.44981621534541,-73.69431631063361)
1 (45.650974823970785,-73.54726728943626)
1 (45.492747615900115,-73.56515838670694)
1 (45.61085638745415,-73.42484421069749)
1 (45.704632393606346,-73.40290508500856)
1 (45.6826176311769,-73.29839010588597)
1 (45.28177445535442,-73.64266475358295)
1 (45.47497213040394,-73.3540787195579)
1 (45.60446799615861,-73.57016467277182)
1 (45.31731690921457,-73.54438888656613)
1 (45.641888791158784,-73.44245565416682)
1 (45.67562758121608,-73.38386159470515)
1 (45.35333161604125,-73.34653510875516)
1 (45.515878908908405,-73.58939618522385)
1 (45.39257156408443,-73.73264071855944)
1 (45.67005997439919,-73.30628140555855)
1 (45.3288656085668,-73.60144765576771)
1 (45.54940343341397,-73.50832493914555)
1 (45.39547376727633,-73.35125748161879)
1 (45.47962460705882,-73.74198808248669)
1 (45.46456788322626,-73.30249759389275)
1 (45.50376661127905,-73.70035005468716)
1 (45.52600887464884,-73.41245524427049)
1 (45.70967365117064,-73.66301959805664)
1 (45.416712041538524,-73.67315095931338)
1 (45.49116537549069,-73.6227793597078)
1 (45.40718282750869,-73.64961136752598)
1 (45.64466088528647,-73.43879146553614)
1 (45.50229419460604,-73.5645320849372)
1 (45.33630190264171,-73.60961089578313)
1 (45.45448964960276,-73.26842677976596)
1 (45.74855031389078,-73.74704596326339)
1 (45.51933448307663,-73.35183883048)
1 (45.62978600744273,-73.55407332004621)
1 (45.40570095636579,-73.5580476920519)
1 (45.525606935060566,-73.56655795438395)
1 (45.685861487987154,-73.5409323878061)
1 (45.66633375043865,-73.60944634855379)
1 (45.634377238575915,-73.38326017163803)
1 (45.3216476432728,-73.3433942217456)
1 (45.55890757381519,-73.64564852310816)
1 (45.41034021317747,-73.4374581190594)
1 (45.670929376182805,-73.55580472863389)
1 (45.27083050938589,-73.29752302726287)
1 (45.41984342299502,-73.2713770634936)
1 (45.25640476947086,-73.40855630450832)
1 (45.48005817683463,-73.45785756971547)
1 (45.718060480518645,-73.71157101298269)
1 (45.73737975479542,-73.71545667954966)
1 (45.47738682562092,-73.53334991101524)
1 (45.66840025703299,-73.66572548384498)
1 (45.572089730677405,-73.41852411963508)
1 (45.44456438723245,-73.26993167832192)
1 (45.37757019061436,-73.27951860281517)
1 (45.4212084068939,-73.69680124859057)
1 (45.669390589370735,-73.58016949461418)
1 (45.391102847256505,-73.28721765338805)
1 (45.29351423914834,-73.30348635756386)
1 (45.591894439794444,-73.37782640652229)
1 (45.35387944670046,-73.72307524026212)
1 (45.45733052024875,-73.44422308271528)
1 (45.71016995025828,-73.50115656642399)
1 (45.49326268650944,-73.70750825929706)
1 (45.60256949883853,-73.37390486636743)
1 (45.4411646222972,-73.51547353099359)
1 (45.384839003038124,-73.65700507311438)
1 (45.56426242941588,-73.46153802949196)
1 (45.652230646696715,-73.51086338343259)
1 (45.45436395275991,-73.34078542419893)
1 (45.49655393399234,-73.34582844889805)
1 (45.71108704521389,-73.66305695956774)
1 (45.70713454208395,-73.42307177768737)
1 (45.68942466215698,-73.54803625051862)
1 (45.46345763809302,-73.61644401631227)
1 (45.74644841623754,-73.41661739115357)
1 (45.43296301592701,-73.44466691988684)
1 (45.54344013818501,-73.46657811441486)
1 (45.695760266510135,-73.36163873607771)
1 (45.4758543676285,-73.47868543384793)
1 (45.56695794617942,-73.40542360789249)
1 (45.71025313686223,-73.54184140482657)
1 (45.67685154604325,-73.65366372703457)
1 (45.604717455752464,-73.31273242691398)
1 (45.59939066215861,-73.51469577644873)
1 (45.47722827277393,-73.43667562721993)
1 (45.39014685261946,-73.69957130630016)
1 (45.26512316687996,-73.25196176208611)
1 (45.60642911802464,-73.27047360023049)
1 (45.58797293209649,-73.37997403755318)
1 (45.73424500800659,-73.44569145733165)
1 (45.586085736027414,-73.26771818518426)
1 (45.4394808762613,-73.360353512398)
1 (45.657334912359396,-73.69812922844908)
1 (45.693975919764945,-73.73554451250546)
1 (45.35611945499026,-73.71662623043451)
1 (45.60109000348777,-73.3962178759107)
1 (45.250004707337084,-73.33986627211277)
1 (45.65991636513729,-73.30048711063397)
1 (45.45195404081715,-73.31450490891785)
1 (45.26246611690193,-73.69942129630843)
1 (45.35905066279916,-73.58000051440922)
1 (45.41395176695424,-73.73738807074486)
1 (45.33222168416261,-73.46010530877065)
1 (45.50272356819959,-73.72828036909144)
1 (45.645715193456944,-73.46266677737485)
1 (45.42346233303539,-73.50263120156525)
1 (45.51994429288783,-73.40671805347048)
1 (45.47490903679833,-73.61466375727493)
1 (45.426800007437926,-73.41956685968648)
1 (45.71171158225176,-73.32674191527892)
1 (45.62264886699665,-73.654697614832)
1 (45.32889547078132,-73.65147953753606)
1 (45.52096862175856,-73.37378222274768)
1 (45.697015341882775,-73.32893448991007)
1 (45.56393918872549,-73.3129500954956)
1 (45.346220710720004,-73.44785662484763)
1 (45.690294245512156,-73.51469875564038)
1 (45.51826943687358,-73.48587682282484)
1 (45.325351864457254,-73.55243166752362)
1 (45.36694876831841,-73.34381708363081)
1 (45.538381154054576,-73.30459046562417)
1 (45.4894141146477,-73.48396966499033)
1 (45.622325047564196,-73.64970425580968)
1 (45.71363191994933,-73.55123639981714)
1 (45.35138761972887,-73.65240899115625)
1 (45.45041337020172,-73.3594370257455)
1 (45.56310768140938,-73.49359556723415)
1 (45.44245181426802,-73.3628884138185)
1 (45.493278608093156,-73.56532574313601)
1 (45.40732730826896,-73.70552483085604)
1 (45.46443769219463,-73.30301015485422)
1 (45.376617593786015,-73.64637179135504)
1 (45.59163643557796,-73.4635737017329)
1 (45.47905560669609,-73.60110457203602)
1 (45.62281696715929,-73.67893853983061)
1 (45.50209926311835,-73.71471507114111)
1 (45.37535719893135,-73.71913561117105)
1 (45.29333030350151,-73.2899788481697)
1 (45.46521151428999,-73.4887112107643)
1 (45.43077438946852,-73.54045699129047)
1 (45.65056151137949,-73.35382538003766)
1 (45.59953590842923,-73.51518569660344)
1 (45.628004665122916,-73.45554432570518)
1 (45.261066192975754,-73.65499901050636)
1 (45.52604738193798,-73.7073098727979)
1 (45.49093509499479,-73.2875985886639)
1 (45.63803167582048,-73.70142406689106)
1 (45.29115134718229,-73.45002696806166)
1 (45.62461350085528,-73.26061760578521)
1 (45.25387802971644,-73.74311895424543)
1 (45.494523696137286,-73.36637648465474)
1 (45.664815342354274,-73.47279871295272)
1 (45.641580942712544,-73.67568136571244)
1 (45.4865733821864,-73.61775806864416)
1 (45.57578933852289,-73.30216975448059)
1 (45.655033757990786,-73.68209450839664)
1 (45.736841561336625,-73.48646178923772)
1 (45.25499934462166,-73.74490529686689)
1 (45.41946184305303,-73.71349556816436)
1 (45.415357487244776,-73.5066272394959)
1 (45.37176108432562,-73.25219849322255)
1 (45.67853261141692,-73.354079405658)
1 (45.550140148668085,-73.49467682520178)
1 (45.6541800323475,-73.42270916691012)
1 (45.327265050958445,-73.35833577558982)
1 (45.462873516953984,-73.32545997945044)
1 (45.65325175092642,-73.38494813301752)
1 (45.31196497709002,-73.64297212397382)
1 (45.264435746574,-73.52566983032132)
1 (45.522845390223516,-73.42949569891283)
1 (45.51896575733418,-73.4403563305894)
1 (45.446511841135425,-73.38293811989179)
1 (45.313948310719304,-73.46326420965534)
1 (45.462646387843506,-73.4558863879135)
1 (45.304984001832686,-73.69532767446441)
1 (45.6563383216322,-73.54723712351675)
1 (45.30567394490913,-73.47568045839745)
1 (45.30613180070047,-73.51123577756348)
1 (45.2920385065706,-73.26194866702807)
1 (45.49725722003467,-73.55226890465904)
1 (45.37477864689124,-73.71007090299962)
1 (45.49470494306065,-73.63967171062012)
1 (45.43092337978451,-73.49000740071705)
1 (45.472225951567715,-73.37710590487336)
1 (45.30564528922619,-73.6036802334732)
1 (45.295394958378765,-73.2957308280451)
1 (45.6048892106725,-73.68584228255247)
1 (45.2995469762197,-73.30943392154003)
1 (45.59994742064708,-73.4673030358796)
1 (45.38669936380435,-73.57380447962547)
1 (45.656228210271884,-73.2630449195518)
1 (45.28949711948139,-73.7283275138561)
1 (45.38020269368984,-73.51524390973916)
1 (45.514769708591125,-73.4734428445721)
1 (45.35087809589554,-73.57306427899096)
1 (45.28446403603313,-73.64065699278461)
1 (45.365134241180144,-73.52732719771659)
1 (45.737518306245434,-73.35481401517976)
1 (45.57987288245661,-73.53875872898591)
1 (45.74266784047738,-73.56292384769795)
1 (45.278168035452666,-73.70350315191334)
1 (45.399224337388056,-73.61361504063912)
1 (45.72146882037974,-73.58894295043103)
1 (45.670546065186734,-73.71532160959968)
1 (45.67539429584373,-73.64659735178387)
1 (45.60321720493415,-73.47973171761286)
1 (45.71277339383404,-73.2669766796659)
1 (45.73388009974947,-73.36981883602242)
1 (45.30432116087236,-73.28375041034755)
1 (45.575215531698156,-73.71894406133599)
1 (45.5047056972173,-73.26144203076383)
1 (45.5027411640495,-73.56906121376082)
1 (45.72974878378292,-73.41209463097643)
1 (45.4348997379076,-73.39197426992928)
1 (45.69911615950583,-73.48195626368188)
1 (45.410334032792775,-73.3078896694285)
1 (45.58809180336882,-73.42921470730978)
1 (45.51829639129225,-73.70017411941195)
1 (45.29189392322362,-73.67816700421031)
1 (45.63081660449492,-73.64427124185393)
1 (45.45647853128973,-73.68393908759762)
1 (45.51855247212362,-73.32214864308003)
1 (45.57088981411761,-73.47497670373039)
1 (45.70617335020317,-73.58143976649134)
1 (45.44795479662586,-73.25800921895868)
1 (45.33767760803544,-73.52061295450574)
1 (45.34248309280868,-73.57204316962986)
1 (45.37722088770435,-73.43804307743346)
1 (45.2691206957494,-73.36417317737072)
1 (45.66683252903354,-73.67377907900023)
1 (45.285620241154895,-73.7306031071216)
1 (45.698823794722706,-73.29809370642121)
1 (45.60152830374093,-73.42125082809875)
1 (45.43774171184413,-73.26056973847642)
1 (45.357153650496436,-73.54566560389797)
1 (45.64439869451819,-73.50751992972344)
1 (45.293168539551274,-73.74171727942355)
1 (45.412808460283586,-73.70395586142243)
1 (45.29730863215664,-73.37662227112354)
1 (45.529784820521016,-73.55911398209476)
1 (45.47137520760911,-73.6423514875288)
1 (45.30651049883211,-73.35171479644963)
1 (45.40910661364335,-73.68432105788023)
1 (45.711559149292476,-73.58267448612447)
1 (45.31347444160248,-73.66349698030045)
1 (45.4556542031599,-73.74890600485108)
1 (45.41057279563883,-73.39765054570005)
1 (45.63987428237098,-73.53213965913996)
1 (45.336507643914885,-73.45748146476404)
1 (45.68106557086515,-73.73136121435996)
1 (45.28355637536603,-73.30768162481532)
1 (45.47089709551249,-73.53650855831889)
1 (45.69235597135563,-73.28174228218862)
1 (45.6082961567553,-73.74448580581836)
1 (45.667991443781716,-73.36241343699271)
1 (45.568926376862734,-73.25634688519548)
1 (45.57959464320417,-73.40720448675847)
1 (45.339921960447064,-73.66666835906634)
1 (45.47542662120575,-73.61017039344868)
1 (45.35326754335086,-73.46267449473125)
1 (45.50840505887825,-73.62745862732574)
1 (45.497013471989966,-73.29159526759781)
1 (45.520651706475284,-73.41469721604257)
1 (45.56994257861072,-73.4300312977733)
1 (45.27987288576175,-73.42928476600092)
1 (45.272354971322436,-73.49876721790802)
1 (45.59524933345269,-73.43999888102562)
1 (45.69331324819193,-73.61051853443293)
1 (45.66600033919495,-73.26006994347964)
1 (45.26299130589172,-73.51651442445223)
1 (45.53189977959058,-73.27797226825565)
1 (45.287695821048494,-73.43061228229575)
1 (45.401760587920776,-73.70266582230317)
1 (45.47468002990495,-73.55680762848228)
1 (45.43326705821873,-73.46687642123273)
1 (45.284045364243084,-73.42754601680909)
1 (45.7255226299242,-73.74323334169645)
1 (45.515827356785515,-73.47616148718518)
1 (45.364294569641274,-73.52368839595428)
1 (45.25178771692015,-73.31705915853807)
1 (45.32917456078233,-73.69262132007238)
1 (45.62348572262017,-73.49192744707173)
1 (45.4317380962571,-73.48839136180113)
1 (45.370877303618144,-73.45930846561441)
1 (45.70427349378097,-73.6968258947254)
1 (45.28899141589655,-73.35827291057868)
1 (45.299764651484985,-73.3532420181345)
1 (45.434158941403,-73.56473914273957)
1 (45.49555027370706,-73.64707764167073)
1 (45.37582001543715,-73.28114349553456)
1 (45.31544500868463,-73.62506415745342)
1 (45.33511164070539,-73.3567125436924)
1 (45.59809691947271,-73.67510318692138)
1 (45.747238140257934,-73.72650536409073)
1 (45.54296820751369,-73.64361515939626)
1 (45.621052721982196,-73.28268731262622)
1 (45.359565194525125,-73.2941084017536)
1 (45.5463294283466,-73.65116443939412)
1 (45.630406113506204,-73.6540723991722)
1 (45.31688017730414,-73.74075089698465)
1 (45.37370418431882,-73.62102972875742)
1 (45.39597283458138,-73.5604594456252)
1 (45.55785613087236,-73.50668639568465)
1 (45.34943150585769,-73.66329830339824)
1 (45.47656515686993,-73.49060086160793)
1 (45.411351541039494,-73.67212551889696)
1 (45.44079019273359,-73.7316475972513)
1 (45.52753715735416,-73.67465486920365)
1 (45.681701798010494,-73.64678132907936)
1 (45.54257046188305,-73.34062544757313)
1 (45.687438266628774,-73.61221363390725)
1 (45.657846644696185,-73.41444003643149)
1 (45.4156938701197,-73.5720941429078)
1 (45.38996049078497,-73.27124520381973)
1 (45.43403427226285,-73.25414395282287)
1 (45.50150553812545,-73.49346904619091)
1 (45.54032257594001,-73.3904192202117)
1 (45.259647730127725,-73.42825085847575)
1 (45.30675278716926,-73.52448875150476)
1 (45.40176133142131,-73.42398918639446)
1 (45.272725553320385,-73.65378940107502)
1 (45.35196560779383,-73.4164036118376)
1 (45.68416452293924,-73.60777894277147)
1 (45.53757647805606,-73.74104779014796)
1 (45.73985984582451,-73.69873620041031)
1 (45.600288295869284,-73.4901298201015)
1 (45.25903866829273,-73.3026641891075)
1 (45.383326569249824,-73.40678858422149)
1 (45.52860072661756,-73.63273180550755)
1 (45.30286322904565,-73.7196429624002)
1 (45.32332036104051,-73.55704578136546)
1 (45.5796618735998,-73.46447349179388)
1 (45.717804776448574,-73.38627453661702)
1 (45.315221148217695,-73.71831439465042)
1 (45.32511129953068,-73.61475129883672)
1 (45.54561030335914,-73.28402651496378)
1 (45.50366508196626,-73.64116440490695)
1 (45.695741582546354,-73.7105897569162)
1 (45.37148160289241,-73.52179781448483)
1 (45.28700002331488,-73.61589684964864)
1 (45.654686839701306,-73.3205157728022)
1 (45.32195202784598,-73.59474781717496)
1 (45.475941202615964,-73.61529069039527)
1 (45.481279674207876,-73.54503783973793)
1 (45.657611503899105,-73.70105392613368)
1 (45.620138835148246,-73.52979890503848)
1 (45.47439870714402,-73.49300468625793)
1 (45.54381450487534,-73.31179890449589)
1 (45.54061738728166,-73.58324246997256)
1 (45.675848056125965,-73.45081945382007)
1 (45.65843593633165,-73.33669434770442)
1 (45.505736396234774,-73.34152703490398)
1 (45.4851252068253,-73.32978839855677)
1 (45.61785424060274,-73.29201974862112)
1 (45.299726287242024,-73.33718049044896)
1 (45.6584260452129,-73.69967502646583)
1 (45.46253633089592,-73.45807173255788)
1 (45.29317543655689,-73.57184178253247)
1 (45.36442502755236,-73.34425969862643)
1 (45.544705250760074,-73.56421307769281)
1 (45.25723205219034,-73.34704662252429)
1 (45.375712428823896,-73.36938387531504)
1 (45.34135959980613,-73.73948370915537)
1 (45.50181763338387,-73.68214076160544)
1 (45.36216201907983,-73.49416068136385)
1 (45.6760903365205,-73.59644920624918)
1 (45.732848125918395,-73.40485550738737)
1 (45.586275711715814,-73.6518962341618)
1 (45.35834984060541,-73.63283959743865)
1 (45.54528080283523,-73.34451490434121)
1 (45.38197422124704,-73.53548909155244)
1 (45.33565267872069,-73.74845950440911)
1 (45.5146441355565,-73.39608372780512)
1 (45.38958278172439,-73.46091871719186)
1 (45.43514620705423,-73.41927968283277)
1 (45.44739672283157,-73.3829466861492)
1 (45.46904292539864,-73.5867237343482)
1 (45.439540084377846,-73.3835600768034)
1 (45.363768879099496,-73.68163136465161)
1 (45.57974634465318,-73.66349210434244)
1 (45.477919816570626,-73.48988185430919)
1 (45.54037384273046,-73.63841244579447)
1 (45.593855954716325,-73.36828892428467)
1 (45.60482452569268,-73.39921507545816)
1 (45.34447977878426,-73.53818605049528)
1 (45.35650797465247,-73.27914377347535)
1 (45.41741133748744,-73.61432083940213)
1 (45.26898998741905,-73.26406832067799)
1 (45.26277285681385,-73.51528358424163)
1 (45.50776578946822,-73.42314208308846)
1 (45.48440725108982,-73.52230026087986)
1 (45.34052369885848,-73.71236487213807)
1 (45.43859382729953,-73.35820109622645)
1 (45.2798158966676,-73.41324284457798)
1 (45.29918747455716,-73.74773087115834)
1 (45.44972868848786,-73.61278018897276)
1 (45.473596015117025,-73.49409798035396)
1 (45.67644544842619,-73.509455210073)
1 (45.27012374915713,-73.66476447321283)
1 (45.45152127020492,-73.4426266748968)
1 (45.623947292013696,-73.52195990856278)
1 (45.706238957029605,-73.38998387448139)
1 (45.48635342149312,-73.3602572378421)
1 (45.26559197383053,-73.2591971539009)
1 (45.66985647578888,-73.42477948176452)
1 (45.42124069919152,-73.6158434483888)
1 (45.52042662772115,-73.5792113861083)
1 (45.274213988173045,-73.53997435796201)
1 (45.25729822349886,-73.37277071948397)
1 (45.35017894463558,-73.58836229565014)
1 (45.68069089350174,-73.61964933521789)
1 (45.48277763435291,-73.35850324783884)
1 (45.698264446974555,-73.55316453104336)
1 (45.59383003955725,-73.40387254032856)
1 (45.26224150300623,-73.54996699899498)
1 (45.27312864389003,-73.73772306811702)
1 (45.34087063097986,-73.337131631268)
1 (45.47510050410453,-73.38488337790844)
1 (45.47026560472966,-73.49681330476407)
1 (45.70478862886671,-73.39755598365154)
1 (45.745644832704016,-73.46938023354527)
1 (45.26140531232951,-73.44203425760166)
1 (45.31460831429743,-73.62654258426629)
1 (45.44413564905383,-73.48854915014202)
1 (45.52932779134489,-73.34097505399508)
1 (45.60192039826547,-73.29612508930035)
1 (45.39938880064413,-73.3182869935582)
1 (45.52662318508215,-73.27836721127468)
1 (45.36251208666394,-73.28092470998915)
1 (45.44728756030707,-73.46452019473203)
1 (45.65649453752094,-73.40169554128626)
1 (45.28211557528324,-73.63293190007816)
1 (45.73244858527996,-73.67708418461291)
1 (45.34434993048269,-73.29122286207242)
1 (45.696781933952515,-73.70738681695616)
1 (45.37841795333561,-73.5090058375097)
1 (45.70734815456064,-73.61191948128568)
1 (45.623495990806724,-73.67491750296884)
1 (45.57781132815935,-73.55316219603023)
1 (45.56307897903394,-73.55001722454533)
1 (45.5635070281652,-73.57368115875941)
1 (45.6211904783896,-73.52427616319585)
1 (45.411944502687376,-73.66402645328506)
1 (45.30854435088829,-73.25192240530657)
1 (45.26158356840404,-73.67853364346885)
1 (45.70527006091039,-73.34482635981898)
1 (45.36363294740443,-73.39906251283323)
1 (45.69073925503524,-73.54090315768488)
1 (45.38335495475484,-73.71418726649841)
1 (45.49558214275633,-73.73667702216538)
1 (45.709724897720314,-73.53320747858331)
1 (45.45615798131185,-73.47969553625938)
1 (45.26528162938278,-73.69057990351232)
1 (45.29754471696161,-73.45739948340025)
1 (45.261619229403706,-73.71697655805794)
1 (45.35753861883053,-73.69434725435404)
1 (45.69020774215695,-73.45815493767037)
1 (45.39120553756822,-73.57936039313991)
1 (45.57309452420005,-73.61218184825525)
1 (45.46320120719196,-73.4882002847439)
1 (45.62352575011092,-73.32928259896484)
1 (45.4433787026297,-73.64580338241649)
1 (45.48264117528216,-73.57669295782676)
1 (45.27012723704776,-73.4848958632968)
1 (45.60513319404737,-73.5133715676386)
1 (45.43543670268863,-73.60497638495282)
1 (45.66412491751803,-73.64628619211324)
1 (45.575858827721206,-73.5171983552678)
1 (45.53350990036696,-73.55121744436003)
1 (45.62433609572904,-73.67660153174408)
1 (45.48460969256592,-73.43662921198161)
1 (45.689295501674806,-73.3534353063688)
1 (45.70324358984326,-73.30913536597033)
1 (45.67945509067741,-73.67998437761831)
1 (45.593168088494885,-73.46344812024708)
1 (45.68546690960998,-73.72835015695695)
1 (45.58233218985265,-73.46842326889585)
1 (45.262820824199096,-73.7280594699049)
1 (45.28950748373287,-73.25392377113967)
1 (45.53435939246017,-73.52016483343077)