2000 2000
101 (45.5,-73.5)
1 (45.440590805703906,-73.32070291885347)
1 (45.44530480285359,-73.56666902160833)
1 (45.34623993014962,-73.49736423052212)
1 (45.55887470798544,-73.29064879576055)
1 (45.565491584246516,-73.55468554049288)
1 (45.476364433191314,-73.71337167313908)
1 (45.583623998208765,-73.35820017114277)
1 (45.301998946065694,-73.27999160995562)
1 (45.42676458558996,-73.59490872974446)
1 (45.54990880265614,-73.42507810127394)
1 (45.62060672702977,-73.44935019396002)
1 (45.508259748059125,-73.32327588144014)
1 (45.27608772847482,-73.42799187367201)
1 (45.33386691327315,-73.39881041841933)
1 (45.35099357074325,-73.3390028858991)
1 (45.54954996235626,-73.53034738344655)
1 (45.29319396610631,-73.72695657806024)
1 (45.656036355897236,-73.48488226613613)
1 (45.318574882586454,-73.33886250449514)
1 (45.250395981881496,-73.44587926482716)
1 (45.51472387347489,-73.45915930145893)
1 (45.363790705233114,-73.56679640816404)
1 (45.29003661578075,-73.69690513331047)
1 (45.692748660979206,-73.28142722727249)
1 (45.40715169494127,-73.53838280394712)
1 (45.50022357497348,-73.6371566859256)
1 (45.449483696956385,-73.69269225445979)
1 (45.70537514311793,-73.68627259731498)
1 (45.57011299213233,-73.45663347895405)
1 (45.56430771384893,-73.47389135408957)
1 (45.263404030563045,-73.50828851880115)
1 (45.36792962723488,-73.39885000801789)
1 (45.681462019156164,-73.70619140364312)
1 (45.74764700370508,-73.69608447663454)
1 (45.689901288282954,-73.62283072345637)
1 (45.484781162010535,-73.49555680571804)
1 (45.42038698380938,-73.67745977758925)
1 (45.66539963236719,-73.35371238981654)
1 (45.53102466912784,-73.35379463938288)
1 (45.60867676784156,-73.32874080358985)
1 (45.72991130315841,-73.59316107326916)
1 (45.72395051474924,-73.58058210992196)
1 (45.35202363149946,-73.54300687374935)
1 (45.31931773365803,-73.62066344151988)
1 (45.40510894883791,-73.41442619184052)
1 (45.39291120144021,-73.71476840536232)
1 (45.51635592818151,-73.26044838376039)
1 (45.58692747403504,-73.55523515659866)
1 (45.61836203142631,-73.52932407066406)
1 (45.27402512843225,-73.6658466605863)
1 (45.51027675555263,-73.27389665904407)
1 (45.675888983734175,-73.58431984117989)
1 (45.61798872296687,-73.40937816642986)
1 (45.48455671916983,-73.6832181731348)
1 (45.355837515626526,-73.40745335688594)
1 (45.668529854167325,-73.54040525614359)
1 (45.46156975267591,-73.29461698094501)
1 (45.49774206219937,-73.55482490328106)
1 (45.53612199848359,-73.28700431429105)
1 (45.31413331732668,-73.5224362725878)
1 (45.27030139981804,-73.34270532539009)
1 (45.707879619718895,-73.64055045541691)
1 (45.48154830116073,-73.34565890369674)
1 (45.53325309913413,-73.39660791761933)
1 (45.61570328957036,-73.55270333736482)
1 (45.61263890264912,-73.51960429945187)
1 (45.291064488004366,-73.33721536947043)
1 (45.53241037266527,-73.6289148627745)
1 (45.275009046240974,-73.64900000986017)
1 (45.630165228523744,-73.40618589590177)
1 (45.48706627502549,-73.48069926475199)
1 (45.60925099925786,-73.54125451327954)
1 (45.716567927124196,-73.48596813844397)
1 (45.69355888897604,-73.36272587822005)
1 (45.727864642679,-73.73402170400627)
1 (45.35324100895857,-73.45788040746247)
1 (45.30158555468788,-73.40888770284224)
1 (45.39030655627214,-73.71500085546576)
1 (45.52653170058444,-73.5698044204598)
1 (45.57197856419716,-73.58400274552429)
1 (45.31353187410069,-73.38168422785006)
1 (45.53924331154732,-73.44841899258631)
1 (45.649952853896615,-73.50141836241406)
1 (45.39820055558237,-73.33333314068656)
1 (45.551544546926664,-73.56702940425018)
1 (45.72262329183399,-73.73977305434397)
1 (45.49691333034758,-73.48228290329088)
1 (45.65756178686125,-73.69637025173547)
1 (45.3491557180054,-73.41935053329911)
1 (45.41587705169015,-73.65375788017414)
1 (45.37904731510897,-73.67647227646765)
1 (45.702265125178975,-73.61622328194612)
1 (45.50467051163139,-73.72629579606246)
1 (45.482633915913816,-73.40854914364246)
1 (45.253477748770734,-73.47367644759387)
1 (45.54062049544974,-73.71377018594652)
1 (45.73452513817147,-73.40920223525953)
1 (45.427587229162434,-73.48974021850259)
1 (45.58097490520018,-73.49656289016028)
1 (45.717611024195236,-73.57894749872412)
1 (45.385952993311,-73.26811329071123)
1 (45.42478087209502,-73.26693414285737)
1 (45.6084618902591,-73.72358654779264)
1 (45.526544364398355,-73.71996856500492)
1 (45.27028660499065,-73.73189273507334)
1 (45.26389496848247,-73.64228745499636)
1 (45.499695241472615,-73.72529457942645)
1 (45.25686734654091,-73.63726723594449)
1 (45.60322386610382,-73.548982003686)
1 (45.48210897781516,-73.63530274712633)
1 (45.362948624341506,-73.38717286163583)
1 (45.30822205815369,-73.36396359156898)
1 (45.66338630743371,-73.72934758268224)
1 (45.574120362348886,-73.68316703466779)
1 (45.349527883622486,-73.36708108641655)
1 (45.62582161998223,-73.68964895334592)
1 (45.40549787497708,-73.42316557957149)
1 (45.297896825677846,-73.31093247068445)
1 (45.62194550114762,-73.41032347712506)
1 (45.53722345934801,-73.65928674159737)
1 (45.38951215612353,-73.29679016651816)
1 (45.71874042725978,-73.70083657389947)
1 (45.6155826030235,-73.52040167402653)
1 (45.69557865800757,-73.31402618509041)
1 (45.51201615748419,-73.34155285289295)
1 (45.25924143959678,-73.56505871965709)
1 (45.642666623660446,-73.35849710645147)
1 (45.4594350447042,-73.51572582867294)
1 (45.65123893274126,-73.42593940770213)
1 (45.64770035307963,-73.60120978288714)
1 (45.51239281790139,-73.6197292726286)
1 (45.66417249423057,-73.57198350728825)
1 (45.461992950970625,-73.27669142945088)
1 (45.282595943628145,-73.68485176066191)
1 (45.46601760576601,-73.50923712870997)
1 (45.36514839749493,-73.25346989987457)
1 (45.68187655223796,-73.44937924620987)
1 (45.6556776777501,-73.32834439378796)
1 (45.350752101267126,-73.31613039921102)
1 (45.25763144030904,-73.67036237246121)
1 (45.43506544425027,-73.72399317696909)
1 (45.60126043348109,-73.31031546228567)
1 (45.58128369433127,-73.45835747021489)
1 (45.60360184538016,-73.34967601162576)
1 (45.64502147137939,-73.7361000046859)
1 (45.26429979320161,-73.2550518449795)
1 (45.562753959049,-73.74653708362007)
1 (45.62049624130247,-73.73028881466932)
1 (45.292446725323465,-73.52911147231934)
1 (45.30482595012353,-73.31610800687591)
1 (45.37402102178263,-73.48980040809896)
1 (45.41197516774367,-73.66745782964057)
1 (45.37981117284336,-73.58821167833477)
1 (45.481314406211155,-73.49342894867242)
1 (45.63503447981779,-73.44169053740876)
1 (45.645791451402864,-73.41362305882875)
1 (45.588781843763215,-73.29149042511452)
1 (45.3805715517579,-73.48828442736142)
1 (45.60715094075634,-73.45916623386557)
1 (45.30883752526541,-73.41729621315449)
1 (45.7418818254525,-73.58882903540565)
1 (45.68671324105378,-73.3753113369856)
1 (45.700218388821334,-73.62275677763381)
1 (45.49444982514778,-73.65683093363796)
1 (45.30470703619827,-73.59408596218663)
1 (45.50681456239807,-73.7459610696844)
1 (45.6852575190518,-73.44091480297146)
1 (45.30204842174005,-73.60087157109868)
1 (45.29002905721259,-73.65112863630347)
1 (45.39580880140856,-73.35264886157272)
1 (45.53656803321669,-73.63661408266618)
1 (45.55418990665493,-73.26227725575036)
1 (45.550112044112645,-73.30925876922392)
1 (45.34821388901385,-73.65790185045877)
1 (45.4520881762614,-73.389238936912)
1 (45.66111184342786,-73.68731818765784)
1 (45.568571837431,-73.51857773034851)
1 (45.649264269750105,-73.56780281641468)
1 (45.725835548094366,-73.27981238059809)
1 (45.58784669394371,-73.59694101755503)
1 (45.4881055574891,-73.73083908584226)
1 (45.603026515276625,-73.504026462592)
1 (45.27125736149395,-73.56260969643579)
1 (45.50398351260811,-73.27190026761741)
1 (45.73541949399243,-73.46633498175568)
1 (45.28007657775316,-73.34376506945995)
1 (45.7193181846681,-73.26120443241085)
1 (45.3211554714759,-73.64855246424769)
1 (45.72968381037371,-73.28236341742043)
1 (45.55231707132329,-73.63184044318847)
1 (45.640153454731134,-73.46199358176784)
1 (45.44833127396138,-73.46711008520498)
1 (45.285841847165436,-73.45382313286692)
1 (45.30751249497353,-73.34429903233209)
1 (45.562116707498014,-73.55324896264027)
1 (45.719988740135044,-73.68915206391674)
1 (45.44910230973501,-73.55148310782002)
1 (45.36112058012116,-73.35778706275624)
1 (45.58704876888206,-73.5327415220054)
1 (45.57724855045088,-73.27618777076448)
1 (45.62194250091792,-73.47847348170208)
1 (45.707997977949134,-73.65400255378614)
1 (45.52559696878052,-73.381985599704)
1 (45.70704629307328,-73.29607133711708)
1 (45.46995059703492,-73.40054477671535)
1 (45.38155828730186,-73.66352115865196)
1 (45.60141259665696,-73.38014984367643)
1 (45.46942103634083,-73.6990631785729)
1 (45.71783520605989,-73.38064229676291)
1 (45.31296056737958,-73.52829262888068)
1 (45.39805455912207,-73.60568179352877)
1 (45.567998388996855,-73.48033559436028)
1 (45.57193026230346,-73.40334264015969)
1 (45.707906622892665,-73.43710480473017)
1 (45.347427522051774,-73.74869300611938)
1 (45.54374639265858,-73.32071943719335)
1 (45.630523403247,-73.34969904615556)
1 (45.58362488181311,-73.5633120393491)
1 (45.683582598126904,-73.7321514683339)
1 (45.297082078769606,-73.67248846603722)
1 (45.26833598347477,-73.3580426957615)
1 (45.73361931357207,-73.50912487307673)
1 (45.41070871704726,-73.51492830857455)
1 (45.46840714999151,-73.63197856606931)
1 (45.606482830360775,-73.3812865416144)
1 (45.51276129352259,-73.5357578543902)
1 (45.45914271322722,-73.32474564526392)
1 (45.63215061455406,-73.3158384222136)
1 (45.304239780974,-73.62627882089922)
1 (45.46030259702048,-73.7337324319468)
1 (45.32822646566601,-73.44407238644872)
1 (45.38439670313464,-73.33270880445777)
1 (45.53394733210131,-73.43575294154789)
1 (45.40338772324059,-73.66263173599805)
1 (45.63983899441464,-73.54701494918915)
1 (45.529176064424504,-73.3171270550554)
1 (45.62537828266427,-73.54842067594159)
1 (45.30864355699276,-73.36460410284192)
1 (45.651431755200434,-73.46024967184087)
1 (45.69349844601776,-73.3674539171964)
1 (45.490897711604944,-73.5477556168317)
1 (45.27442455747882,-73.53091228352511)
1 (45.402395248972795,-73.59604392144279)
1 (45.326204949913034,-73.60461932877566)
1 (45.56774322639633,-73.68501356520993)
1 (45.68129160518949,-73.4758251867365)
1 (45.29258503519401,-73.68041262833975)
1 (45.660717998483285,-73.44348432456839)
1 (45.63875376937321,-73.63703696503083)
1 (45.64330263255262,-73.44714903377313)
1 (45.51683527681466,-73.27445726142909)
1 (45.34676709647819,-73.54361564436516)
1 (45.517875010171146,-73.63439009549523)
1 (45.5276930763994,-73.67769475689411)
1 (45.40428802869225,-73.4619339724346)
1 (45.581168595695374,-73.28127014939673)
1 (45.71176945128206,-73.2703719681597)
1 (45.435524438047366,-73.45697855992164)
1 (45.33636625210598,-73.45109794122362)
1 (45.69273752925824,-73.45938580478924)
1 (45.293859427751094,-73.67645376996575)
1 (45.66087893318765,-73.37745255808603)
1 (45.54221878575293,-73.71387065429622)
1 (45.26140961410329,-73.34737608823608)
1 (45.35213108704476,-73.62468775102523)
1 (45.27117839444048,-73.28456224833634)
1 (45.69546533410961,-73.66037713728575)
1 (45.476651611549435,-73.51752483967199)
1 (45.49702745933477,-73.49263441688203)
1 (45.57620561365762,-73.33492782024541)
1 (45.361069729621185,-73.72189981027032)
1 (45.56523815572783,-73.31977819979409)
1 (45.54075880481028,-73.40135492781152)
1 (45.37840620860438,-73.44194608480794)
1 (45.4661693172608,-73.59029612457007)
1 (45.74347314661255,-73.71173075279825)
1 (45.58435826258143,-73.71201552390028)
1 (45.52204904091262,-73.26310995302956)
1 (45.59368893771339,-73.73692653434573)
1 (45.273933821156085,-73.53560253980206)
1 (45.373811051116554,-73.44165090454395)
1 (45.383823497180046,-73.2583422900341)
1 (45.5225673763529,-73.70913999520091)
1 (45.3318157296549,-73.70900403969623)
1 (45.41158522614972,-73.53363341463375)
1 (45.572451648931185,-73.72364108776276)
1 (45.56342447487054,-73.57736355427963)
1 (45.51095658556281,-73.67128570566459)
1 (45.434892205022805,-73.29339494744303)
1 (45.72989336117171,-73.57933275591581)
1 (45.363497081922034,-73.2808432277868)
1 (45.42461721960282,-73.3022692248952)
1 (45.49700516398139,-73.67494834570356)
1 (45.45172264464813,-73.5672304853859)
1 (45.47967189436519,-73.49508274159889)
1 (45.48109778893423,-73.40515719775597)
1 (45.51296337955316,-73.47875525931202)
1 (45.46925320606047,-73.38599445775677)
1 (45.6434433766317,-73.51902721540863)
1 (45.53926724498295,-73.7204181394617)
1 (45.25599070620965,-73.396487401344)
1 (45.360991375856166,-73.66899088119362)
1 (45.26662484333196,-73.55503856351127)
1 (45.27408428892315,-73.31244372029818)
1 (45.41595628751704,-73.71322782181406)
1 (45.68599464724935,-73.58394667472746)
1 (45.361640799504684,-73.62970955484074)
1 (45.70718791900075,-73.54577514370493)
1 (45.45620565199874,-73.3526593755527)
1 (45.556713734147614,-73.7086966359736)
1 (45.67522878379752,-73.27856333889046)
1 (45.48263566830186,-73.74269534358893)
1 (45.6300902648384,-73.32578712657374)
1 (45.29389651946634,-73.71232009682551)
1 (45.45937871585828,-73.49268533169865)
1 (45.592867655783124,-73.48898423172164)
1 (45.64352366801958,-73.51874142199279)
1 (45.43113179778708,-73.74596377923)
1 (45.42833789263996,-73.30033441381919)
1 (45.384974642299234,-73.42963347170091)
1 (45.5748924178665,-73.63020886588357)
1 (45.46161109070817,-73.32264785185949)
1 (45.5755098174386,-73.73158018172084)
1 (45.30234810641135,-73.27131797680222)
1 (45.28864987435097,-73.44403763928575)
1 (45.34468655432773,-73.34035197801829)
1 (45.649074987740626,-73.2890132082614)
1 (45.44179055778851,-73.5834207907404)
1 (45.70392090584376,-73.49756441537704)
1 (45.414803260932764,-73.27767833697244)
1 (45.710161628258255,-73.42257525857019)
1 (45.631164203568666,-73.36440837357728)
1 (45.40444576856621,-73.58120950601307)
1 (45.46038372159753,-73.4663883084571)
1 (45.3223947001207,-73.38155612268791)
1 (45.357656010402906,-73.7153530300276)
1 (45.70119126539872,-73.37988720180088)
1 (45.3652430546994,-73.7201099627384)
1 (45.546651168874355,-73.6918041416823)
1 (45.50173740793452,-73.33739952102547)
1 (45.383957126652234,-73.44177820640463)
1 (45.33011272293486,-73.47351293795055)
1 (45.53984965736891,-73.38119730092997)
1 (45.45689661310656,-73.44497257717656)
1 (45.52330602665835,-73.53501097451273)
1 (45.31685108365632,-73.46124780610671)
1 (45.68160276793087,-73.45142150162182)
1 (45.34022192908303,-73.56152226182661)
1 (45.309145093102615,-73.32779885043962)
1 (45.48291879804698,-73.34094668459325)
1 (45.27755989070237,-73.46910333494253)
1 (45.623913830539216,-73.53960406255884)
1 (45.53728726707722,-73.70257993227551)
1 (45.49869725827268,-73.53958204925944)
1 (45.51326900233909,-73.52434372783743)
1 (45.642804252436314,-73.52209058061948)
1 (45.48032039685464,-73.38970648032605)
1 (45.26522819361212,-73.47748045748345)
1 (45.45738527567025,-73.67969978109217)
1 (45.557961016970346,-73.43631167845774)
1 (45.5041124345344,-73.4812307314255)
1 (45.67495251412138,-73.69928837202012)
1 (45.5380547400189,-73.40766138843055)
1 (45.48145564817251,-73.48791998095663)
1 (45.41628065954271,-73.26033406825027)
1 (45.68302653420784,-73.31618653696609)
1 (45.54130117413876,-73.38966958855225)
1 (45.59237256473041,-73.49627854211184)
1 (45.657953205004716,-73.65694635678784)
1 (45.58179377250502,-73.53865020468145)
1 (45.305244259124095,-73.42472360761936)
1 (45.69913788933118,-73.2881676807687)
1 (45.57515088174989,-73.51510233030747)
1 (45.4959903027854,-73.45405176558617)
1 (45.40897714717205,-73.57062333922275)
1 (45.328246062536586,-73.7416077412951)
1 (45.63111752754133,-73.73258191866906)
1 (45.741261952885736,-73.57840283007604)
1 (45.279931626290725,-73.51589426031525)
1 (45.54446204873092,-73.44659469711861)
1 (45.54592696942177,-73.70838139759167)
1 (45.31357137481048,-73.58653259387323)
1 (45.2685588542931,-73.55544149661495)
1 (45.332577772911804,-73.32454546103924)
1 (45.47469472618443,-73.40856221573952)
1 (45.40207310789936,-73.49999936096742)
1 (45.36415406196245,-73.4179801067464)
1 (45.49580043802913,-73.42324980906999)
1 (45.46072252023475,-73.73602440032434)
1 (45.44303482586266,-73.48703204428683)
1 (45.35065297893705,-73.56828833960085)
1 (45.65085110459706,-73.4791257854421)
1 (45.5249038189836,-73.2647513283011)
1 (45.35738275918515,-73.3037986411898)
1 (45.32622851258497,-73.48233072929267)
1 (45.5248516702975,-73.71357539494431)
1 (45.37771854581856,-73.27407290169185)
1 (45.73944968114265,-73.28129845548719)
1 (45.635515392438684,-73.26829797218268)
1 (45.3840781954409,-73.70523755826642)
1 (45.36514487904512,-73.39349389548828)
1 (45.38950322913995,-73.63717495505296)
1 (45.38829132908666,-73.38161041681805)
1 (45.549658864739676,-73.55493513279106)
1 (45.38481653588966,-73.5436342521721)
1 (45.707632968240524,-73.2667461969209)
1 (45.36344236656405,-73.55693205538005)
1 (45.580294691447754,-73.43511294097645)
1 (45.63375352328592,-73.7338284824592)
1 (45.5915742330925,-73.54254964559463)
1 (45.72204103301902,-73.45524188101687)
1 (45.32708095257282,-73.4905635901478)
1 (45.67399445823879,-73.65193073396539)
1 (45.6060467788669,-73.52669823823778)
1 (45.578364927718624,-73.39900948102672)
1 (45.69050765865523,-73.43223802211443)
1 (45.42745862202649,-73.35687263152009)
1 (45.31618653445753,-73.37534463795565)
1 (45.602684278390306,-73.44352181594945)
1 (45.53471709524905,-73.5409376919145)
1 (45.336365981420094,-73.25952064826627)
1 (45.30264845503123,-73.58955053256044)
1 (45.454646349106675,-73.40740790924615)
1 (45.339096527257446,-73.67268514646645)
1 (45.55054301708113,-73.45237989893157)
1 (45.50095867404534,-73.641857774745)
1 (45.47108487880722,-73.36040846095474)
1 (45.29228427834666,-73.73257004026466)
1 (45.62794283446018,-73.32369128949712)
1 (45.632694000249934,-73.38285836634363)
1 (45.65708277711651,-73.44143719568248)
1 (45.65866723561259,-73.45886724341435)
1 (45.35970740108246,-73.26646876191276)
1 (45.621066963516974,-73.50706006397819)
1 (45.654115993056905,-73.2549808577409)
1 (45.37244797309767,-73.73422414247324)
1 (45.456100217905274,-73.66802371337096)
1 (45.50849450344281,-73.73234450073484)
1 (45.484106936052335,-73.4688846675091)
1 (45.43935950335405,-73.5157139048792)
1 (45.45463739156782,-73.74052329526054)
1 (45.51872841888436,-73.72231478370904)
1 (45.49321537599696,-73.61157015555636)
1 (45.35110597358513,-73.35055149078134)
1 (45.33674541149303,-73.62812948877375)
1 (45.531125720804155,-73.65582926462326)
1 (45.54419501924606,-73.44173227429167)
1 (45.34260719262703,-73.31926948480258)
1 (45.46427361728835,-73.60126591188165)
1 (45.359636980507744,-73.72301851413597)
1 (45.63114388474335,-73.6385626328905)
1 (45.447125323928525,-73.62315048312227)
1 (45.57218949276708,-73.52355919877245)
1 (45.35409084917605,-73.70208241683837)
1 (45.7154766436145,-73.43554566213434)
1 (45.42935179097825,-73.40771294821941)
1 (45.67878501418107,-73.65200176863176)
1 (45.466352807248676,-73.64616396679712)
1 (45.706946953308744,-73.69587475235362)
1 (45.30153239133668,-73.28904735234681)
1 (45.399722095854,-73.70588295524465)
1 (45.54893633818711,-73.58459704199319)
1 (45.638547990596564,-73.30253506307594)
1 (45.25270905687684,-73.42479964501109)
1 (45.27724521552002,-73.51503524351804)
1 (45.278644633602745,-73.51782471143737)
1 (45.70911929273644,-73.61109996188895)
1 (45.44615601424752,-73.34659875004522)
1 (45.360889452546424,-73.43294267008474)
1 (45.72282085664046,-73.36028514097147)
1 (45.49248801053583,-73.58828804816457)
1 (45.265088779437725,-73.64572498971238)
1 (45.40101203997179,-73.57525808565926)
1 (45.69078532019718,-73.36056184897615)
1 (45.73697270124578,-73.63432742485584)
1 (45.71172388574226,-73.4788164431766)
1 (45.64147542884502,-73.31927626552582)
1 (45.63803739452469,-73.40309526251012)
1 (45.304077813443136,-73.46217427459621)
1 (45.28976764117166,-73.73540994678919)
1 (45.3228101781381,-73.3749096515106)
1 (45.51580054922466,-73.47075244803655)
1 (45.42020696576269,-73.28163263055524)
1 (45.32541192263961,-73.58411372489962)
1 (45.632185702245685,-73.61271373789565)
1 (45.58348848202124,-73.42255186667828)
1 (45.54022313810568,-73.41142195497068)
1 (45.3069152023883,-73.48920845922318)
1 (45.46151692484878,-73.7095088361976)
1 (45.326670541878535,-73.61583995737747)
1 (45.74668392561573,-73.31723985912075)
1 (45.44784687731489,-73.66447373704496)
1 (45.46003515055235,-73.54714512323541)
1 (45.74811452178293,-73.27721665494607)
1 (45.73357997032324,-73.44886629825976)
1 (45.304073070582255,-73.30603668256722)
1 (45.49265108759009,-73.67495797935621)
1 (45.4244850026807,-73.40150638933781)
1 (45.548404635067875,-73.62435656410489)
1 (45.399562002254434,-73.32103970050413)
1 (45.74043826967632,-73.52146028655034)
1 (45.346275297813605,-73.33307175880975)
1 (45.391383239490914,-73.58436976229989)
1 (45.441087102065225,-73.64392417720867)
1 (45.30456498538683,-73.41581866724766)
1 (45.68355117521788,-73.55876648663411)
1 (45.395689673112706,-73.71467955727664)
1 (45.32690588282908,-73.60712701255666)
1 (45.300002758257754,-73.35466062782413)
1 (45.7450845156625,-73.6168247832478)
1 (45.437478761166496,-73.30991428544728)
1 (45.279492818383495,-73.70798690610373)
1 (45.55033962381989,-73.3247592784114)
1 (45.52345493105537,-73.40098371232442)
1 (45.649562522303896,-73.6265731260156)
1 (45.5574043377041,-73.48865717015721)
1 (45.62002622068064,-73.36714266381937)
1 (45.34369756392323,-73.5141357385358)
1 (45.43755813877516,-73.34836527760378)
1 (45.326353892234415,-73.62082211621367)
1 (45.545382915794015,-73.44317455225276)
1 (45.25807511907089,-73.70080806666341)
1 (45.42233619170674,-73.4619190199726)
1 (45.39457551727057,-73.66201363466678)
1 (45.25069599220647,-73.53815345958661)
1 (45.454552351751005,-73.26276582689229)
1 (45.35759692619988,-73.41590752334987)
1 (45.64255374386002,-73.32532514462153)
1 (45.26073112314459,-73.3129769533226)
1 (45.571550955416434,-73.73703589103643)
1 (45.69640284927833,-73.31163826601859)
1 (45.60219810696602,-73.4793195299945)
1 (45.445992119754166,-73.48941794320984)
1 (45.43656324847516,-73.4906481696373)
1 (45.60549582401494,-73.74815299345995)
1 (45.26554036340188,-73.46992806364707)
1 (45.6620533216428,-73.5295599393227)
1 (45.37120250998749,-73.261391424279)
1 (45.35122659406156,-73.31988494931785)
1 (45.32803257960503,-73.73113723748007)
1 (45.26929339774366,-73.54493811496427)
1 (45.33026824079095,-73.54888027742334)
1 (45.60592507700057,-73.63992050892024)
1 (45.69652410217215,-73.52626017613649)
1 (45.644359086839884,-73.74593306950635)
1 (45.26740443468589,-73.63523036842706)
1 (45.34853942407241,-73.63691177053526)
1 (45.71699568670943,-73.53658983163737)
1 (45.41968661173974,-73.6169641024575)
1 (45.74492905793615,-73.38963858018825)
1 (45.65837195745479,-73.74868726862533)
1 (45.70212874949033,-73.3892304317068)
1 (45.31240924056264,-73.37802901680467)
1 (45.430412691332506,-73.38616516214923)
1 (45.32574026204465,-73.51060751701374)
1 (45.46378801374965,-73.590904457342)
1 (45.52897884461002,-73.66813711763366)
1 (45.74758461875512,-73.73901463312534)
1 (45.32839133057701,-73.41171226683039)
1 (45.68049560078804,-73.70953169316489)
1 (45.35682974374217,-73.26118247995309)
1 (45.57414447667008,-73.434612308313)
1 (45.3474971247136,-73.26670645909745)
1 (45.55497465517644,-73.52037748827561)
1 (45.67941293087868,-73.49980425976088)
1 (45.504057439297114,-73.31477338237535)
1 (45.62205944720985,-73.72683158918313)
1 (45.34184073677378,-73.70856688662836)
1 (45.27592870949865,-73.50778090248556)
1 (45.316911273675814,-73.74026143158507)
1 (45.56555243936453,-73.42766951886419)
1 (45.450519012968286,-73.59476164916578)
1 (45.39208604064944,-73.61650523518287)
1 (45.42191323564209,-73.33903315143917)
1 (45.693630751597595,-73.64692553145619)
1 (45.4534654056243,-73.72579701672223)
1 (45.69321654020747,-73.31608712898218)
1 (45.669104980754746,-73.61846630075841)
1 (45.536731451765895,-73.72023743850934)
1 (45.454769796925696,-73.54707497888727)
1 (45.33607140427382,-73.41663089325161)
1 (45.54537365117361,-73.59586761280667)
1 (45.33639792395337,-73.33805773096971)
1 (45.39921949702666,-73.7485110952798)
1 (45.520629236975495,-73.48023389798678)
1 (45.397837204495815,-73.47655768542158)
1 (45.449153773916606,-73.7216556689848)
1 (45.52690099946947,-73.25083162324854)
1 (45.50824310698393,-73.4592536939252)
1 (45.45218211947458,-73.28382956226253)
1 (45.50675493804299,-73.55128597915338)
1 (45.303418193752805,-73.67401786806401)
1 (45.71745472879059,-73.35139022002376)
1 (45.51853166756163,-73.72007808049749)
1 (45.50664806043116,-73.39457129554245)
1 (45.28080516904341,-73.50469459529938)
1 (45.63380405407287,-73.55713004370095)
1 (45.40242279206541,-73.41339661880363)
1 (45.631463323775144,-73.25814505424916)
1 (45.469211715084796,-73.55425947734484)
1 (45.394962403883625,-73.50009964443909)
1 (45.663469742887976,-73.57893834708038)
1 (45.72136980983755,-73.26060172823624)
1 (45.42443966547166,-73.67455031316977)
1 (45.5375170730949,-73.44587443655374)
1 (45.489292653919115,-73.49933874958522)
1 (45.44812152676472,-73.2998013916157)
1 (45.38140817816783,-73.57284701190407)
1 (45.51673580232469,-73.32979042624157)
1 (45.57728910301709,-73.60349622114268)
1 (45.3646222796119,-73.46257531756993)
1 (45.38862612451344,-73.44300512033097)
1 (45.7356390674039,-73.27930557496829)
1 (45.541826778324626,-73.298007765182)
1 (45.62883739094608,-73.2998796326125)
1 (45.52374964062098,-73.50451787368684)
1 (45.444708332017875,-73.3914574402074)
1 (45.489435510641776,-73.58055661187994)
1 (45.32588054102703,-73.46544380960921)
1 (45.39530302358175,-73.41630355358562)
1 (45.49855841101984,-73.70096427362508)
1 (45.52957661306486,-73.33954854302057)
1 (45.43710374560993,-73.59096097383262)
1 (45.26064114931697,-73.40701506168291)
1 (45.58090214593034,-73.64951615889765)
1 (45.61356773918452,-73.61929390948669)
1 (45.63001864773781,-73.64586672623965)
1 (45.71523133745011,-73.33866859348008)
1 (45.634135350129895,-73.74180333572946)
1 (45.719241465547604,-73.5050322285773)
1 (45.667877189996105,-73.40475353647645)
1 (45.533333074727814,-73.29538830970763)
1 (45.354870243885536,-73.44882835558735)
1 (45.52391555263095,-73.65709607511991)
1 (45.362739936729746,-73.52046754763604)
1 (45.36515341433269,-73.66406375185257)
1 (45.74174558631298,-73.29404916729098)
1 (45.33325313846049,-73.39851133611089)
1 (45.62085992270522,-73.57593449137038)
1 (45.62055645143949,-73.54871712651136)
1 (45.30684148972159,-73.43289975189813)
1 (45.65859094205829,-73.63533062108408)
1 (45.25421045045503,-73.36276186458105)
1 (45.49440483764421,-73.73537700769324)
1 (45.687027030311825,-73.41123542365057)
1 (45.46031360046601,-73.26399662599475)
1 (45.35698471651217,-73.50966406256545)
1 (45.71361147012199,-73.29925568233807)
1 (45.51656899457487,-73.66324951700247)
1 (45.69985232456053,-73.59503250731431)
1 (45.670895491331805,-73.45875732554457)
1 (45.71097955283674,-73.3210266546459)
1 (45.54732958106611,-73.68440840140849)
1 (45.4678858446735,-73.69735592628754)
1 (45.48810304230668,-73.66277151009857)
1 (45.555909109778916,-73.55399956801016)
1 (45.62788143788045,-73.68995166682795)
1 (45.58132201376974,-73.44251384612457)
1 (45.26559926017798,-73.25122546420569)
1 (45.59704803207046,-73.25898901917326)
1 (45.27786807529319,-73.44450438064386)
1 (45.66663788645933,-73.40313480540934)
1 (45.7498763086333,-73.28861287212409)
1 (45.39696589165012,-73.29867448241866)
1 (45.718937620387315,-73.32334829993187)
1 (45.372156727280014,-73.63489556050702)
1 (45.53570771641519,-73.62264548564792)
1 (45.66392856985069,-73.4582480233087)
1 (45.3485783964404,-73.54089882429345)
1 (45.47683980750296,-73.74629912945119)
1 (45.607870235457334,-73.69560064150473)
1 (45.51085177339381,-73.33414671058345)
1 (45.268184059198624,-73.35693474827718)
1 (45.288171246458106,-73.53556082834464)
1 (45.53963444025099,-73.56681982123831)
1 (45.496511750609436,-73.50766666277502)
1 (45.60167669458023,-73.44612743096461)
1 (45.3467140136771,-73.34889949294224)
1 (45.64685229882677,-73.26940529117968)
1 (45.52909110531714,-73.59525554501994)
1 (45.46601582227722,-73.49141656467869)
1 (45.57991518766267,-73.68953048762558)
1 (45.521469716631174,-73.49916159747653)
1 (45.33713801000031,-73.64228035949209)
1 (45.57992164646781,-73.43677907470993)
1 (45.67273857640658,-73.48165754170076)
1 (45.49329236191415,-73.50882872654151)
1 (45.338016801392115,-73.70206754237915)
1 (45.62214036027273,-73.70993841024939)
1 (45.54770292585007,-73.26876024247193)
1 (45.69383268822548,-73.45565402253922)
1 (45.358928278730914,-73.3170121102421)
1 (45.57557997555289,-73.60056066529106)
1 (45.471903683573196,-73.50047409463679)
1 (45.52106643655907,-73.32534950463398)
1 (45.290577564869224,-73.4935527084933)
1 (45.4186445405611,-73.3544848455724)
1 (45.433596622138225,-73.43735983762078)
1 (45.428926678029455,-73.43048159738751)
1 (45.378567876570905,-73.63780964383417)
1 (45.650095004703545,-73.41953378364556)
1 (45.55592126329628,-73.57785925449646)
1 (45.590363504530806,-73.35634007721595)
1 (45.48259826162131,-73.29368247399115)
1 (45.25876482016663,-73.65345289521312)
1 (45.440342388855974,-73.38673396666454)
1 (45.60779758099969,-73.60233319241574)
1 (45.258543369688134,-73.40020433717378)
1 (45.37445837202678,-73.67952329744772)
1 (45.45738765765451,-73.47928432500838)
1 (45.56979552144562,-73.54195574849238)
1 (45.343493452393325,-73.65994961322008)
1 (45.46136046443436,-73.4503966053638)
1 (45.62725953619859,-73.29064521579872)
1 (45.37779544020631,-73.6993770604219)
1 (45.74883269306167,-73.4852920504244)
1 (45.540284831555034,-73.45569779657572)
1 (45.357899521437645,-73.63445560521298)
1 (45.39171052510767,-73.71569567906309)
1 (45.291433975924605,-73.36431001334257)
1 (45.55108997164007,-73.38394342698268)
1 (45.433083023424125,-73.43019875623013)
1 (45.56823909201889,-73.25290768531708)
1 (45.51804828837702,-73.36313587008577)
1 (45.59159024683181,-73.42432187456241)
1 (45.26812274848763,-73.2535100348975)
1 (45.390708866899914,-73.45863557473619)
1 (45.70296674313124,-73.35654634203593)
1 (45.394290573153,-73.26888244305373)
1 (45.5757589767547,-73.73874897523504)
1 (45.51428398835904,-73.48966444049684)
1 (45.62403348464634,-73.45359065940546)
1 (45.52727263211029,-73.25068037896405)
1 (45.70981460071792,-73.73813280662077)
1 (45.67536256995041,-73.4673324215594)
1 (45.447087567259786,-73.46005351321226)
1 (45.430560872481074,-73.42842451074787)
1 (45.579193337312844,-73.51672798253759)
1 (45.53899311033811,-73.61282228411706)
1 (45.673911864508675,-73.59454951670722)
1 (45.5242963790006,-73.30317445555846)
1 (45.649798901975124,-73.63759679904146)
1 (45.28313783270039,-73.68540100257357)
1 (45.7337671976504,-73.55004617055113)
1 (45.2500466492756,-73.72763428495803)
1 (45.676953650268636,-73.56639594357945)
1 (45.343611021708774,-73.72165419697657)
1 (45.42358985835396,-73.36761216026184)
1 (45.53157959778521,-73.44358947205436)
1 (45.43589439732594,-73.3997237905715)
1 (45.36852061454413,-73.44876231922292)
1 (45.52693045652668,-73.46418787964551)
1 (45.266429697910475,-73.55803408222945)
1 (45.34292395421945,-73.49651334771436)
1 (45.5560410211522,-73.61986549339166)
1 (45.56671245823749,-73.53117505716205)
1 (45.58458453987482,-73.64353489209223)
1 (45.4847961995381,-73.66676774020212)
1 (45.674345389222424,-73.3945638317406)
1 (45.27188842293259,-73.39564232305901)
1 (45.73561985337261,-73.52337964096522)
1 (45.69891287138523,-73.44693511819517)
1 (45.68752545673083,-73.26260011309567)
1 (45.46307198825483,-73.31094359794923)
1 (45.590611179635935,-73.67705590209641)
1 (45.471910423338436,-73.3662198039517)
1 (45.53632700263958,-73.38377170849894)
1 (45.68722390596072,-73.51854628595301)
1 (45.37015019328786,-73.57660775928004)
1 (45.549214686277665,-73.4831266123822)
1 (45.747529168979234,-73.59211866692134)
1 (45.55647007666356,-73.29786597799121)
1 (45.33479396676589,-73.63941701822118)
1 (45.273141869611976,-73.3465352322216)
1 (45.67079564627994,-73.68743477512577)
1 (45.37112986827005,-73.59590461482277)
1 (45.29927521119134,-73.35795580677723)
1 (45.29212366988833,-73.41060144884285)
1 (45.26682597695108,-73.51214846350821)
1 (45.73203268446545,-73.70348907990846)
1 (45.45680158157736,-73.54205755045611)
1 (45.408634897378214,-73.30778221139009)
1 (45.49563497230084,-73.68662050238778)
1 (45.47220107183976,-73.31990691464922)
1 (45.62477227769193,-73.4842530841719)
1 (45.45840150410951,-73.25928130662916)
1 (45.47878843446532,-73.25090530469392)
1 (45.362978335735505,-73.72273617450998)
1 (45.64823995023722,-73.73371886056093)
1 (45.73846736806013,-73.27721254906137)
1 (45.734423346576826,-73.33602272364227)
1 (45.67467887517834,-73.63466624896213)
1 (45.32244613248588,-73.53938408663943)
1 (45.626697765409375,-73.68777747694065)
1 (45.40888054735213,-73.36278723957884)
1 (45.296839396960856,-73.25410649611784)
1 (45.32075828526673,-73.39774362617123)
1 (45.660297770079765,-73.37975419179404)
1 (45.553778176365086,-73.64124137615472)
1 (45.74814902925119,-73.29137963792363)
1 (45.73933653760468,-73.51592365971385)
1 (45.46592363539978,-73.55759442421791)
1 (45.62235376834852,-73.61874019903324)
1 (45.53113652832413,-73.727296696006)
1 (45.49485832639139,-73.37554686148084)
1 (45.558965385944354,-73.65342566844086)
1 (45.4839034280762,-73.39973394963305)
1 (45.41169273662235,-73.38591046246549)
1 (45.436629021116666,-73.45794399185615)
1 (45.654578633405514,-73.4272551070723)
1 (45.38014596044443,-73.53529539516289)
1 (45.328506265953145,-73.28824422238178)
1 (45.659406629003826,-73.5662588844904)
1 (45.258043714164636,-73.65967241812226)
1 (45.37234021221554,-73.45543899588063)
1 (45.262490761468754,-73.62879275585385)
1 (45.628268782062946,-73.55499348467129)
1 (45.4270305461238,-73.7163482043381)
1 (45.4529836825819,-73.2922787278768)
1 (45.52128165690575,-73.59159245927246)
1 (45.351850045525865,-73.65254010788766)
1 (45.72334687405921,-73.63862493205232)
1 (45.62092055842999,-73.71707133821538)
1 (45.51888067614866,-73.59765731935117)
1 (45.46527771564933,-73.43724750449881)
1 (45.496748483593436,-73.28949729467594)
1 (45.34368736184833,-73.28919200111706)
1 (45.255526136879695,-73.4505778739108)
1 (45.7091342841858,-73.4025677913954)
1 (45.268389205786384,-73.45927884705361)
1 (45.455924198120634,-73.69008926005124)
1 (45.327867240599105,-73.722079755108)
1 (45.41577454006794,-73.42183105635547)
1 (45.60648899069311,-73.71025179228702)
1 (45.667679817825146,-73.59026600462974)
1 (45.424520430855324,-73.59433894537746)
1 (45.73932563834325,-73.29819454324513)
1 (45.51179804697716,-73.61459681567185)
1 (45.4814386414689,-73.27233356460896)
1 (45.38708591083688,-73.25085036785555)
1 (45.49069807337721,-73.46031324239394)
1 (45.45543536690573,-73.41489981382689)
1 (45.44169777028814,-73.50818553205771)
1 (45.54170260705635,-73.28264698998368)
1 (45.563935808130324,-73.73927881292069)
1 (45.336679518331216,-73.51153238013327)
1 (45.265922232226416,-73.5633384722285)
1 (45.631219450486235,-73.45166593912442)
1 (45.56523361946204,-73.53737367996649)
1 (45.253290063963746,-73.55620296534279)
1 (45.53070649044694,-73.57648616771712)
1 (45.303061325206826,-73.52805890947178)
1 (45.380949825585134,-73.57418718518177)
1 (45.60193751561631,-73.30597559309962)
1 (45.71197038515955,-73.43731438881045)
1 (45.732867693761875,-73.29324338516548)
1 (45.54594248915128,-73.27064072655651)
1 (45.651320180001704,-73.26705290394835)
1 (45.50301762925122,-73.66062306184966)
1 (45.588982066742744,-73.67549176890094)
1 (45.39855719131091,-73.70646859085154)
1 (45.35554577768594,-73.53262059756224)
1 (45.459284972621006,-73.62980260126625)
1 (45.66787039657744,-73.35985523524273)
1 (45.63359463041533,-73.46170163451255)
1 (45.30035617315084,-73.59404987912654)
1 (45.643610151983154,-73.45771151181152)
1 (45.655546626375155,-73.58921918559172)
1 (45.48958601031934,-73.5277003635876)
1 (45.2997731758016,-73.27975507274321)
1 (45.570846789468,-73.58800180684445)
1 (45.59508329871402,-73.74828709048583)
1 (45.43170442352335,-73.34828455735382)
1 (45.28574363438803,-73.35100306367109)
1 (45.37565433815792,-73.63493945723229)
1 (45.2652856750149,-73.69728977872414)
1 (45.31664036920189,-73.42650616871362)
1 (45.25836197466507,-73.65897150502512)
1 (45.252291167107515,-73.33476649495984)
1 (45.300607162355405,-73.69721685841124)
1 (45.650769518225424,-73.30761241137239)
1 (45.689248153166844,-73.64235278229977)
1 (45.34023899946917,-73.35665179601175)
1 (45.507384420135985,-73.64336728843342)
1 (45.67794077954044,-73.62374587489187)
1 (45.395659359458946,-73.31980036959126)
1 (45.35448671059161,-73.59627728955873)
1 (45.456470096189115,-73.69901588604655)
1 (45.658212925301264,-73.26092865586193)
1 (45.52791339876527,-73.30651469381893)
1 (45.38430174814132,-73.45010663663825)
1 (45.55734145670993,-73.29599269595461)
1 (45.32386775833788,-73.58387720099877)
1 (45.43770200910287,-73.25926521160032)
1 (45.409317162487994,-73.44338306948116)
1 (45.44376290802831,-73.34397204008685)
1 (45.62402808307867,-73.52919492864334)
1 (45.31987222736021,-73.5291456995966)
1 (45.70676245352452,-73.45990340114743)
1 (45.626080663424695,-73.36526819207872)
1 (45.49420851194095,-73.2524893132921)
1 (45.64525380885815,-73.67635954121401)
1 (45.44866637489959,-73.6966150195569)
1 (45.49022758653732,-73.64693453664259)
1 (45.512127193219676,-73.3899605033593)
1 (45.5271110197198,-73.37633188754316)
1 (45.412859741645924,-73.34108276754488)
1 (45.3485163118263,-73.37696299019566)
1 (45.426106786785226,-73.3700082126822)
1 (45.2887967209069,-73.62144565796143)
1 (45.35660644551223,-73.34487255655596)
1 (45.37229894558837,-73.60638076272302)
1 (45.66739253892702,-73.58540374362671)
1 (45.625187059523725,-73.49769819494995)
1 (45.72669072025644,-73.54089857462785)
1 (45.361571205843866,-73.25404106215458)
1 (45.58271582363247,-73.61157415425133)
1 (45.37547471977361,-73.69057534111045)
1 (45.504788917087836,-73.72778108156484)
1 (45.431599375370276,-73.74590490691575)
1 (45.7484310724183,-73.5315453119028)
1 (45.549899037993264,-73.74944009193445)
1 (45.611953739383274,-73.71926148431466)
1 (45.321648026786775,-73.25561068890843)
1 (45.352554419025495,-73.30309076001947)
1 (45.37799091552366,-73.51473236506776)
1 (45.42103918568927,-73.73172170407476)
1 (45.65588671887544,-73.3881284774938)
1 (45.25603200717222,-73.47863330070345)
1 (45.27091078541371,-73.48727704334789)
1 (45.55089431777326,-73.35785464362584)
1 (45.611553775780486,-73.52329594142671)
1 (45.469566164741074,-73.46344611180415)
1 (45.71545775670539,-73.29399696274228)
1 (45.7411539201965,-73.74953270308865)
1 (45.5744552625894,-73.4110327042245)
1 (45.40732761238732,-73.37270027499726)
1 (45.74232797250443,-73.27932787208022)
1 (45.73145420915016,-73.50792111162372)
1 (45.48687731736633,-73.48503002854643)
1 (45.403881727405235,-73.42290569378899)
1 (45.73620039126682,-73.62663212138774)
1 (45.693901742708654,-73.65388301209423)
1 (45.71798988981149,-73.73671280525417)
1 (45.60565707181735,-73.66829211774252)
1 (45.48022806848361,-73.28890801258619)
1 (45.392623582208635,-73.42672324130021)
1 (45.41182009504574,-73.36627048568434)
1 (45.47328432100776,-73.2676772332298)
1 (45.452513114666445,-73.38309173700178)
1 (45.369226920237246,-73.53431747085816)
1 (45.39287327367234,-73.30255414514528)
1 (45.25613356717094,-73.34236878660012)
1 (45.51714336583817,-73.57724860620417)
1 (45.57799626591644,-73.35267387857704)
1 (45.334479895834455,-73.5586362602896)
1 (45.42537833133775,-73.36064736851777)
1 (45.277368990859884,-73.37495070551233)
1 (45.519656235328966,-73.44797395207465)
1 (45.51994632218946,-73.26483025798936)
1 (45.676914321579815,-73.35937699299836)
1 (45.48349710532619,-73.57613752394892)
1 (45.54752823521311,-73.66913949390258)
1 (45.65158783146461,-73.59596667541074)
1 (45.74046096195505,-73.68829021538006)
1 (45.51308253067834,-73.56875682036635)
1 (45.644908972287794,-73.4339725081549)
1 (45.28772164811845,-73.68472273186998)
1 (45.35617396448873,-73.33749464336235)
1 (45.56599280924546,-73.48048220129486)
1 (45.59749910986278,-73.70691514586214)
1 (45.612698420750824,-73.4878022825524)
1 (45.40509705443449,-73.28374783494341)
1 (45.34192560268741,-73.59480461435655)
1 (45.60971003017257,-73.54147616935359)
1 (45.37005015673186,-73.44676298075336)
1 (45.30478084916353,-73.66604726975036)
1 (45.592956640428895,-73.31079440043332)
1 (45.53867688625305,-73.43537129542858)
1 (45.413832694889166,-73.66028754049225)
1 (45.40639713131163,-73.4760825403305)
1 (45.568696326932034,-73.30083097059746)
1 (45.54480615139392,-73.62142379183847)
1 (45.45824087446051,-73.65969592988309)
1 (45.25467661711498,-73.32409627480894)
1 (45.49663299185767,-73.39559681432236)
1 (45.58268564509491,-73.29227260868848)
1 (45.73057460508574,-73.25449542809137)
1 (45.696998352531025,-73.71570108276745)
1 (45.365241216062934,-73.60063277459712)
1 (45.28118528453716,-73.63193470610867)
1 (45.35763379115436,-73.28976546194245)
1 (45.45295880454777,-73.65019903947503)
1 (45.40243305729778,-73.52375156840861)
1 (45.386576581475786,-73.40226848354884)
1 (45.44062040841466,-73.53217388306462)
1 (45.380748828706494,-73.72595075818073)
1 (45.26693040365721,-73.36760623862051)
1 (45.56749909258698,-73.70738525144337)
1 (45.398625801644805,-73.2764218884798)
1 (45.30166664357126,-73.31334096420616)
1 (45.59513670706013,-73.51671057904261)
1 (45.50560195120897,-73.43405555746875)
1 (45.28578122934578,-73.63891414494212)
1 (45.36909488513671,-73.73088728899675)
1 (45.67108595600782,-73.6232082820498)
1 (45.320688513421615,-73.74115721500718)
1 (45.41214993659794,-73.38045119700254)
1 (45.593269920336404,-73.73503932825432)
1 (45.61204732243233,-73.47068779466501)
1 (45.504192324635,-73.3462120583808)
1 (45.72343878576636,-73.47474096869442)
1 (45.25817151872008,-73.50921469348629)
1 (45.58736334561292,-73.27033967344329)
1 (45.65981253276408,-73.73205807502958)
1 (45.519607558558846,-73.51452619667432)
1 (45.59186101303344,-73.71261905266518)
1 (45.71309989053053,-73.41875332348874)
1 (45.47513683867583,-73.27170402487889)
1 (45.71745414911142,-73.42212472019686)
1 (45.67659603659295,-73.52439696011396)
1 (45.39008608263987,-73.62165008703008)
1 (45.4730800541064,-73.64441320079521)
1 (45.487253690824716,-73.30617952163728)
1 (45.710050038969705,-73.49366034837665)
1 (45.47792211742755,-73.66284940669897)
1 (45.71696662223051,-73.29106341429909)
1 (45.71852973604325,-73.68141529765417)
1 (45.35396466414964,-73.38094163492654)
1 (45.322533373978736,-73.47276505501401)
1 (45.26808484698034,-73.53182987905987)
1 (45.395035646785,-73.64319855528913)
1 (45.53156308465069,-73.55161819353683)
1 (45.279848689942405,-73.5257282855997)
1 (45.31954137628579,-73.34423807261646)
1 (45.58402433423966,-73.46369800937012)
1 (45.66005246889636,-73.3568552139465)
1 (45.50318104457855,-73.47043473745569)
1 (45.55524368160822,-73.67463323022206)
1 (45.36988449406724,-73.45144220473489)
1 (45.429543656700005,-73.31261371827286)
1 (45.38688877177295,-73.27281197388282)
1 (45.40783900070842,-73.53111357733376)
1 (45.687221307577246,-73.29107126257614)
1 (45.36471624623622,-73.26227056781357)
1 (45.68389542676838,-73.52560462521674)
1 (45.51443754935081,-73.48097398072271)
1 (45.633459960710994,-73.45507952913805)
1 (45.53055712637546,-73.58339750063584)
1 (45.43964642477249,-73.45397383443677)
1 (45.293948427906464,-73.55070697943886)
1 (45.466049909929275,-73.65434614154992)
1 (45.36850063913181,-73.37424599261763)
1 (45.5100805267624,-73.52140807538323)
1 (45.69485606208459,-73.40160812520048)
1 (45.61434819849909,-73.66925026294987)
1 (45.274298439627685,-73.43048466568835)
1 (45.5561943688776,-73.41524207617881)
1 (45.2872655329745,-73.5290323811013)
1 (45.6612597262045,-73.278167901101)
1 (45.653947309105924,-73.69773641218892)
1 (45.53277817405083,-73.56608077230077)
1 (45.49804485541983,-73.60834851938087)
1 (45.374712846756005,-73.37514724519247)
1 (45.31900285055717,-73.2604618734163)
1 (45.31390068208117,-73.73042516718573)
1 (45.412892183652765,-73.48563844969051)
1 (45.49404820709936,-73.74355925993936)
1 (45.70760731876795,-73.3027362363819)
1 (45.722721447974955,-73.54079699128657)
1 (45.69415630495849,-73.68618822115995)
1 (45.601399109765794,-73.32752062441034)
1 (45.5425597788527,-73.35146624389385)
1 (45.35820874964962,-73.30265900393523)
1 (45.28823839657244,-73.6888177228294)
1 (45.53314139069587,-73.71788563176275)
1 (45.66275650607388,-73.48759422180481)
1 (45.736341057385715,-73.69242780285417)
1 (45.72140317933765,-73.58909581457603)
1 (45.41149106760181,-73.4446041112369)
1 (45.38932991414575,-73.58583608931635)
1 (45.38837029494635,-73.38587607880223)
1 (45.40782766311716,-73.64948786467107)
1 (45.50132772522343,-73.54224220838127)
1 (45.41281413716722,-73.51850014500506)
1 (45.68372500493681,-73.52122110941752)
1 (45.51871553925754,-73.60948255648168)
1 (45.722322000576085,-73.7304628799697)
1 (45.31266528043347,-73.63393356093451)
1 (45.270131525388976,-73.27619644836932)
1 (45.58630536666962,-73.5037447579143)
1 (45.27144496690757,-73.42626293585687)
1 (45.445464580755676,-73.69514340359453)
1 (45.64853129386854,-73.7134036001561)
1 (45.6416007074056,-73.61134143904853)
1 (45.435937902397,-73.67976356991453)
1 (45.56313252506587,-73.33913914010952)
1 (45.52537241961742,-73.4232406180357)
1 (45.30965030241904,-73.53408746508565)
1 (45.30182026093907,-73.50035129052627)
1 (45.64748211950791,-73.49254340747893)
1 (45.70985371826033,-73.36870451600736)
1 (45.41120639495815,-73.2770580898735)
1 (45.688014133606394,-73.41496597299113)
1 (45.57243933171435,-73.55401801446713)
1 (45.44869914469693,-73.7113642646933)
1 (45.74458938541133,-73.57931512241802)
1 (45.261163334782864,-73.4753330746987)
1 (45.33025894689882,-73.52905195018118)
1 (45.716040934192606,-73.27280137752399)
1 (45.34658690642865,-73.61789355066497)
1 (45.4112251370652,-73.30593676150329)
1 (45.68306390889284,-73.6776583652278)
1 (45.60098955492731,-73.66081486825058)
1 (45.65621542390731,-73.58309560613822)
1 (45.59291283735445,-73.65953093773105)
1 (45.726036211667726,-73.61052737026888)
1 (45.56046845046466,-73.4646874930561)
1 (45.630172545797066,-73.49813896058558)
1 (45.463067330971406,-73.32198493942334)
1 (45.4735876248121,-73.64418147258063)
1 (45.429891895192924,-73.29881018122376)
1 (45.48380806608233,-73.5312061686039)
1 (45.269035716030295,-73.58326085717337)
1 (45.70483821047241,-73.60068063327103)
1 (45.70926390767236,-73.34896140744635)
1 (45.356442056282354,-73.4229420511197)
1 (45.56813510862996,-73.36631929658806)
1 (45.429730836995766,-73.61242372478286)
1 (45.26727654121538,-73.45053860717556)
1 (45.32485781948453,-73.52744592880595)
1 (45.48327982148207,-73.48075047940219)
1 (45.462109784618164,-73.36759328565527)
1 (45.730985418402874,-73.6030382130065)
1 (45.31379824649489,-73.33980564245526)
1 (45.32484995615041,-73.34292763111266)
1 (45.711091689415724,-73.60679051980891)
1 (45.45364095179761,-73.70008146937548)
1 (45.57729324383462,-73.2582201837085)
1 (45.53387960249898,-73.379479316016)
1 (45.42705668616871,-73.55640725478872)
1 (45.57825302442597,-73.62928271159996)
1 (45.54964675454012,-73.70375783218068)
1 (45.52664273650113,-73.70587792256194)
1 (45.263588208697406,-73.3592819813179)
1 (45.33946764306941,-73.27125706909833)
1 (45.48991123893594,-73.5957966484603)
1 (45.645714901974074,-73.54694083697153)
1 (45.64168923008861,-73.43818655076146)
1 (45.3713332746069,-73.30206447625864)
1 (45.468677864391736,-73.55619423019985)
1 (45.54758899463372,-73.7410413850983)
1 (45.527603397646565,-73.60269065657789)
1 (45.41353539707618,-73.57838674590299)
1 (45.37101048357432,-73.59023356959781)
1 (45.481922895032696,-73.54482641948218)
1 (45.3605689381192,-73.58495083654537)
1 (45.43367700177225,-73.25973478625741)
1 (45.71435152727127,-73.36739195301742)
1 (45.542497540722714,-73.33023730002365)
1 (45.491833538439174,-73.5649709542026)
1 (45.30818352217145,-73.69698265304362)
1 (45.705227962077664,-73.59997968516316)
1 (45.59496315812721,-73.64063122345947)
1 (45.62125841653201,-73.62088088511464)
1 (45.32941008618701,-73.4915254095691)
1 (45.58358542039607,-73.3926955897362)
1 (45.7114520321237,-73.44779982515553)
1 (45.34283954528682,-73.41478055639433)
1 (45.431529265796115,-73.50435760191625)
1 (45.42857863441472,-73.31114610996794)
1 (45.567135850471594,-73.32668183330986)
1 (45.5354742926709,-73.29969586764851)
1 (45.65277751484201,-73.46936932583198)
1 (45.724646255437186,-73.29237492742506)
1 (45.37880571423747,-73.63956666555367)
1 (45.46030151186398,-73.40819368275825)
1 (45.476638338666234,-73.74015661418741)
1 (45.61169827590998,-73.3954499783649)
1 (45.59055303389285,-73.69658590823083)
1 (45.55094328106359,-73.65820257339927)
1 (45.31954039009979,-73.57464322219218)
1 (45.36824408709271,-73.26515464819873)
1 (45.63662933145594,-73.73428951991508)
1 (45.50797633801323,-73.48658622431451)
1 (45.55764856899576,-73.7368104162981)
1 (45.30128934873904,-73.556830146276)
1 (45.73656313482465,-73.42910359141175)
1 (45.433961412630005,-73.49601647554363)
1 (45.61032622670023,-73.56983196691152)
1 (45.34182979686525,-73.44541586762467)
1 (45.30261210015655,-73.53746657458397)
1 (45.370358499058206,-73.57569272163111)
1 (45.72284670538065,-73.56991083536495)
1 (45.26977007284247,-73.7167346060247)
1 (45.66462844040959,-73.62944089048116)
1 (45.722656318954186,-73.43145467654536)
1 (45.71593222792692,-73.3651148782019)
1 (45.61709574086758,-73.31406954798427)
1 (45.44241584432786,-73.25759670617516)
1 (45.685043939097994,-73.33583528021015)
1 (45.594698312465084,-73.37850799589573)
1 (45.423126610576425,-73.5880798486661)
1 (45.52065587830477,-73.27796484666123)
1 (45.400952776510636,-73.28360071440237)
1 (45.53458181288039,-73.329873955924)
1 (45.64067946107378,-73.37310176776211)
1 (45.706482252848225,-73.41485565730635)
1 (45.72079709200813,-73.6133243001922)
1 (45.386830785466785,-73.60532949240785)
1 (45.61696833902317,-73.38788209558332)
1 (45.27478074118908,-73.5363406602673)
1 (45.543241156942535,-73.53054127075673)
1 (45.47113417506614,-73.39912384890792)
1 (45.69807052334563,-73.33379091069317)
1 (45.731293232340526,-73.48219403270264)
1 (45.351321018972385,-73.34303113586358)
1 (45.547969554341876,-73.40692132560825)
1 (45.63078628074175,-73.43856039562554)
1 (45.748603687523065,-73.66109059001353)
1 (45.67974925650374,-73.59377471753761)
1 (45.48824701013315,-73.72486389689676)
1 (45.56072055301487,-73.56859668123583)
1 (45.35508445618573,-73.50885724605823)
1 (45.374730651369525,-73.6521325620312)
1 (45.28282730250079,-73.48371080702572)
1 (45.550414674332664,-73.40791158406158)
1 (45.58188079131875,-73.27457486826835)
1 (45.632617031552655,-73.69879161017052)
1 (45.65949236433418,-73.62235182615585)
1 (45.66635630783388,-73.57672103215222)
1 (45.398011927156084,-73.47632725746797)
1 (45.42872923959772,-73.41502720745314)
1 (45.6999464124166,-73.57999127935871)
1 (45.30869562148632,-73.43775717413027)
1 (45.388666696798666,-73.74339433796179)
1 (45.57267460890171,-73.56182695971471)
1 (45.47442560743301,-73.56129948990252)
1 (45.58249592613039,-73.71334094831647)
1 (45.2567717809107,-73.63668620946207)
1 (45.25148781039644,-73.50942376533457)
1 (45.33649452264195,-73.40382874567089)
1 (45.63434687384546,-73.41126205080201)
1 (45.35291097107642,-73.41421509054156)
1 (45.54692335123034,-73.65278444411645)
1 (45.64560751888296,-73.45199041141316)
1 (45.503168286836434,-73.4325131128282)
1 (45.56367313291306,-73.5834019802705)
1 (45.538227837556576,-73.52360116342876)
1 (45.31001311800332,-73.71689035155515)
1 (45.659032808110084,-73.60892506733451)
1 (45.51350753192419,-73.4570148926363)
1 (45.726720048342,-73.2843324579952)
1 (45.66757951335346,-73.47631921548867)
1 (45.52883549256726,-73.29375043680456)
1 (45.6601640991557,-73.30453556118474)
1 (45.64350701798555,-73.6648405484564)
1 (45.34711936531431,-73.34419476124411)
1 (45.432638406845896,-73.50324154834796)
1 (45.48879721395707,-73.56575152436038)
1 (45.626664245441034,-73.27717210899594)
1 (45.37779197952787,-73.7137528923994)
1 (45.47951847947568,-73.48227047892787)
1 (45.63481088265852,-73.46837035114929)
1 (45.37920812705025,-73.6190291481734)
1 (45.43916101206866,-73.35378437923853)
1 (45.59674650204108,-73.4420376062874)
1 (45.39052345460785,-73.26645301808479)
1 (45.54418872705588,-73.45147697816878)
1 (45.26948577315065,-73.31221404704624)
1 (45.49112575015638,-73.59291572122132)
1 (45.67573009337893,-73.69146326054927)
1 (45.6582310761325,-73.61143608931837)
1 (45.374824396541705,-73.65631948078344)
1 (45.46631799456422,-73.47047640165752)
1 (45.67724107381515,-73.58272971199204)
1 (45.46985306347637,-73.69450485671715)
1 (45.30652677119154,-73.45388589119398)
1 (45.64498524822677,-73.42774576438262)
1 (45.487474037038126,-73.5391177918325)
1 (45.73388803456117,-73.41865995909797)
1 (45.39969562517982,-73.27459421766441)
1 (45.26957533637062,-73.54173621664451)
1 (45.69717827781016,-73.30870821154755)
1 (45.718340320287915,-73.35438129147644)
1 (45.49019361751212,-73.36593922092095)
1 (45.3805793336061,-73.55730133464229)
1 (45.522369304414354,-73.50827888462416)
1 (45.28500168670158,-73.58174836725529)
1 (45.252774839046495,-73.53297446579639)
1 (45.29608907801665,-73.36636045015857)
1 (45.67055168211083,-73.63938724771158)
1 (45.53015690492562,-73.71005502480519)
1 (45.42791857435279,-73.62618115949279)
1 (45.441482877119384,-73.39554019527856)
1 (45.27630834445352,-73.74284972277474)
1 (45.59670663537798,-73.57048929637982)
1 (45.329943655007014,-73.41675754068199)
1 (45.70306749265806,-73.65027944861548)
1 (45.36133449901013,-73.40841536111121)
1 (45.394035516720585,-73.26742534751462)
1 (45.65398146101403,-73.51362589290281)
1 (45.60450453030534,-73.53844496651453)
1 (45.398994211186874,-73.73143036550528)
1 (45.58695392555212,-73.64887437829447)
1 (45.72438564381567,-73.35145387387179)
1 (45.729849421818464,-73.47150425068797)
1 (45.68847785603043,-73.68329051275526)
1 (45.3400411967133,-73.6316412568038)
1 (45.45215679521567,-73.65398720808955)
1 (45.442031054944565,-73.61630275321455)
1 (45.368638465829434,-73.73747827343055)
1 (45.42871867708207,-73.69173398103598)
1 (45.39396004999681,-73.651990467887)
1 (45.57060017529006,-73.54549216779624)
1 (45.52658524161902,-73.46798152070915)
1 (45.45338056291559,-73.7055725421344)
1 (45.43031395459513,-73.71009291206232)
1 (45.367574812890524,-73.40965671821557)
1 (45.481112170729084,-73.71189071083383)
1 (45.51791083773696,-73.70254431131946)
1 (45.70552851137553,-73.39183624508894)
1 (45.655210600650484,-73.62918428601894)
1 (45.4460400669086,-73.26297140096099)
1 (45.358914145339575,-73.46445272826496)
1 (45.59697059303778,-73.36722112820951)
1 (45.7145244124783,-73.47892942620481)
1 (45.40355000124349,-73.43800899811586)
1 (45.53698911234739,-73.28240617858447)
1 (45.60623499805046,-73.44204933892371)
1 (45.588399221813006,-73.31371479629257)
1 (45.64258634726835,-73.73272258640175)
1 (45.42637181706838,-73.55669388662032)
1 (45.6897990324428,-73.3633584958667)
1 (45.59809838857635,-73.55771825244182)
1 (45.542407516522914,-73.65904470010014)
1 (45.364277930255284,-73.30019583413005)
1 (45.67173887767606,-73.43024615245368)
1 (45.49701754719289,-73.45579222367972)
1 (45.306362522271726,-73.73056400529309)
1 (45.44627136234659,-73.48087334852394)
1 (45.50608591677172,-73.31438021726541)
1 (45.31050209137002,-73.45976240556456)
1 (45.475971518418575,-73.43792760490791)
1 (45.57898764105342,-73.51388756868883)
1 (45.28140099157074,-73.36949242631952)
1 (45.535558528863504,-73.49775252217864)
1 (45.68038838800418,-73.43100003784924)
1 (45.52654022266896,-73.58889226441364)
1 (45.4851448936865,-73.58415197048845)
1 (45.499287690744524,-73.74958208229513)
1 (45.70132355439571,-73.49957563868924)
1 (45.31193773372342,-73.393048243529)
1 (45.67042302104729,-73.7071159920327)
1 (45.29986806466868,-73.42628406860152)
1 (45.55850516033711,-73.31944136210902)
1 (45.45984029793243,-73.66530602021669)
1 (45.29268249886572,-73.44955375176245)
1 (45.378917240388,-73.42678931818601)
1 (45.44575658307794,-73.30558666033089)
1 (45.69198323935969,-73.39250363959997)
1 (45.60893981986561,-73.54344162410527)
1 (45.39905969602836,-73.61982450709304)
1 (45.472768680344004,-73.28935764811948)
1 (45.311595910685206,-73.33282661146713)
1 (45.65711709026199,-73.31042550180074)
1 (45.72552896180217,-73.3740707691)
1 (45.292644649685975,-73.61135206536044)
1 (45.6381442839519,-73.4271767476566)
1 (45.458065029457224,-73.27044761476323)
1 (45.43563238595334,-73.33462947036594)
1 (45.32029571342994,-73.5968521637613)
1 (45.47872487014275,-73.53399680007665)
1 (45.707850955235116,-73.69443469873599)
1 (45.40490655078025,-73.3188424271495)
1 (45.37176582096516,-73.2555923368823)
1 (45.74743866829114,-73.29809786152592)
1 (45.352889652821474,-73.38034423888092)
1 (45.643791470401574,-73.5795131515767)
1 (45.67956336080095,-73.42265821398495)
1 (45.46907269930068,-73.33903619159469)
1 (45.565495527231235,-73.30686577980688)
1 (45.68365173359467,-73.5585761109073)
1 (45.36407815980959,-73.43231442806187)
1 (45.528417702242685,-73.31958662725341)
1 (45.26243388139118,-73.69407414266449)
1 (45.43597268984363,-73.62926084977593)
1 (45.56616169875717,-73.29155749168832)
1 (45.6515499171112,-73.32985917707852)
1 (45.434049738084745,-73.37533141787591)
1 (45.57355980094866,-73.69979789007647)
1 (45.57094887741874,-73.69519107674034)
1 (45.73040503634024,-73.3976059028426)
1 (45.676552007229844,-73.2597346002048)
1 (45.60756933456497,-73.42671324678952)
1 (45.37799936641309,-73.59922026945588)
1 (45.726972565712785,-73.31026477310085)
1 (45.445031479866145,-73.53940575336091)
1 (45.45919839908818,-73.66075839619074)
1 (45.297836569854255,-73.44436188454237)
1 (45.51843871794436,-73.3092875068189)
1 (45.66979043918675,-73.67092160437245)
1 (45.44986261173848,-73.6235226800262)
1 (45.27996248554978,-73.49646750293921)
1 (45.66960574801993,-73.59229825186162)
1 (45.503562224704524,-73.5351793915908)
1 (45.25868937318349,-73.687774941114)
1 (45.30242655017265,-73.64565638026858)
1 (45.74391630432708,-73.43362986679362)
1 (45.59219884163645,-73.55499587773627)
1 (45.52115499957393,-73.50958122867239)
1 (45.27802649909179,-73.38095478254961)
1 (45.38941032095922,-73.60878481844883)
1 (45.38640467965009,-73.4247363704763)
1 (45.36769372631013,-73.63524559607603)
1 (45.55721945122281,-73.53223892973719)
1 (45.560943170518314,-73.68336752705004)
1 (45.63709448148433,-73.48127070292267)
1 (45.3261068232377,-73.58112069150518)
1 (45.732821319364305,-73.74627817444053)
1 (45.364992725725216,-73.60203495899428)
1 (45.34195371872066,-73.6205529457588)
1 (45.63659977971104,-73.2593351008592)
1 (45.57657273030435,-73.53867547344848)
1 (45.638383836825625,-73.38801251142618)
1 (45.53577954874492,-73.5391217326032)
1 (45.65327593705869,-73.49748441534554)
1 (45.56264943967856,-73.63850191725244)
1 (45.497257988583925,-73.63872180617622)
1 (45.442180290383504,-73.45481826461791)
1 (45.630914389053515,-73.27533262921317)
1 (45.55819551899652,-73.71742220010512)
1 (45.71761656562156,-73.37806758992298)
1 (45.62921176734265,-73.33601852951611)
1 (45.320860524196405,-73.67657106728383)
1 (45.385957325895106,-73.4701080081476)
1 (45.43376572458567,-73.70093030972713)
1 (45.436528512814206,-73.5436769537147)
1 (45.42485725020861,-73.4286814589265)
1 (45.58909645680431,-73.3877360479554)
1 (45.26599093310083,-73.52041143041157)
1 (45.56662799438657,-73.66547810101706)
1 (45.58064496534232,-73.27895019049012)
1 (45.353259801117595,-73.44136769676138)
1 (45.61378942358413,-73.60337832743086)
1 (45.35776594575661,-73.69639349128539)
1 (45.67815847709212,-73.32968052047791)
1 (45.66598469116125,-73.2670071270913)
1 (45.475988625601644,-73.45485557956029)
1 (45.38112104261225,-73.59494025307085)
1 (45.430148981345575,-73.3306496888958)
1 (45.41851759115526,-73.31913476413533)
1 (45.28407870191197,-73.48680957327922)
1 (45.62978687879635,-73.61943857562727)
1 (45.74605916471997,-73.30185780564092)
1 (45.2801240028104,-73.33451296956935)
1 (45.3600873301061,-73.28187334376167)
1 (45.692169550902264,-73.72356484191495)
1 (45.58297971076153,-73.73461522957051)
1 (45.29996810898501,-73.32306077662196)
1 (45.735324821461454,-73.63755839671066)
1 (45.42736882603783,-73.66549724783268)
1 (45.5725151051159,-73.49401565466826)
1 (45.316640067739705,-73.67759468558505)
1 (45.69132775244723,-73.45150055888399)
1 (45.28512106307277,-73.35995087496613)
1 (45.34738706877522,-73.42084137280442)
1 (45.38040914666245,-73.36923216947483)
1 (45.50932921912511,-73.3832865307673)
1 (45.537882119151135,-73.3773989811128)
1 (45.61660367469795,-73.50594791088015)
1 (45.51828082214387,-73.57025499962438)
1 (45.53958376694801,-73.60340823767112)
1 (45.31762813983747,-73.36977750194842)
1 (45.663022167707574,-73.38517474654593)
1 (45.2969359105407,-73.4212291489481)
1 (45.32687525148734,-73.3148916266305)
1 (45.474952624866056,-73.57696957652381)
1 (45.56213382236334,-73.27782899108531)
1 (45.26362998629223,-73.53417811816304)
1 (45.65353565651411,-73.60814702401036)
1 (45.40303766413644,-73.44336691486878)
1 (45.54589880282965,-73.36678900814938)
1 (45.470131030993315,-73.69860662524718)
1 (45.48630298712899,-73.58458769001952)
1 (45.59407759808894,-73.74880501783197)
1 (45.56045917689802,-73.4932747414494)
1 (45.409773646719714,-73.63217152949656)
1 (45.438346506510285,-73.55956363660745)
1 (45.32073323924712,-73.5331690264554)
1 (45.691558230727615,-73.41433167911461)
1 (45.3227077515323,-73.49279683732883)
1 (45.48278719183111,-73.53015744552987)
1 (45.460194637114874,-73.46896709552837)
1 (45.25649426253511,-73.74607528370206)
1 (45.44942005692846,-73.74402963511844)
1 (45.27904177104702,-73.46838907482592)
1 (45.60343072810599,-73.71116816175191)
1 (45.48643686396421,-73.5907428639943)
1 (45.43760628614524,-73.34043396384888)
1 (45.59831836884224,-73.37537647617472)
1 (45.717203781913305,-73.62860100488379)
1 (45.34793388599218,-73.7205996393407)
1 (45.73247246661022,-73.5748192759762)
1 (45.45959185148969,-73.40699879903262)
1 (45.251426922665374,-73.69621147602011)
1 (45.67743724338975,-73.56674590934826)
1 (45.40554320701595,-73.30410061222405)
1 (45.71238702929784,-73.25660932811907)
1 (45.70944275921247,-73.70247472805421)
1 (45.42767559440452,-73.63587229201899)
1 (45.50205517682991,-73.64558714242942)
1 (45.42769789953208,-73.35534469545928)
1 (45.32380129485629,-73.3012593634467)
1 (45.44970209811293,-73.35300978295277)
1 (45.61201403771718,-73.61049612247794)
1 (45.58337095064791,-73.32557746512263)
1 (45.60511526634916,-73.31244038277605)
1 (45.35944531963838,-73.70332158008597)
1 (45.49499262373004,-73.51648902693172)
1 (45.655280706998184,-73.49805895596548)
1 (45.656570929740404,-73.5505577188187)
1 (45.66259148195556,-73.4209835122662)
1 (45.71374892894082,-73.3960267715529)
1 (45.35062565778633,-73.67829903916395)
1 (45.27167252112652,-73.33581738491421)
1 (45.43662608604956,-73.3482000049582)
1 (45.35674162114101,-73.49234096041465)
1 (45.344672686097965,-73.72272989878005)
1 (45.457798532817584,-73.7167319813864)
1 (45.493863116776346,-73.46240236550132)
1 (45.55462148754615,-73.30981788926348)
1 (45.507278018848176,-73.36020062253193)
1 (45.65314778338201,-73.30869749564351)
1 (45.57428988227029,-73.44467636219211)
1 (45.620776773273334,-73.56059230315434)
1 (45.73051306307126,-73.56934950297804)
1 (45.52965361207188,-73.527803210509)
1 (45.74205574522339,-73.5374659503929)
1 (45.27101068814564,-73.72414778530903)
1 (45.593722937048796,-73.69740079335152)
1 (45.39944412766225,-73.37417173463716)
1 (45.284432648595605,-73.31459985544427)
1 (45.502428964359375,-73.31172055542719)
1 (45.727346125032646,-73.3809330031455)
1 (45.36742677142605,-73.29412587643267)
1 (45.5370757797627,-73.36168821203425)
1 (45.33661595290984,-73.30230361773005)
1 (45.36182315719107,-73.70416550376281)
1 (45.49757526211379,-73.52547923749296)
1 (45.68441236879319,-73.73993587666997)
1 (45.257176973673474,-73.59204817480237)
1 (45.672922583347074,-73.40531023503267)
1 (45.385497067175734,-73.70524764559806)
1 (45.70898684192614,-73.4814192813538)
1 (45.296725366063946,-73.67385905752252)
1 (45.65981225762122,-73.3165355101506)
1 (45.65485949417264,-73.39407787485864)
1 (45.28859032966689,-73.73887394057303)
1 (45.35339222710624,-73.63898121008108)
1 (45.41720414666852,-73.59808885513051)
1 (45.52025258014043,-73.54669100774045)
1 (45.56500272449526,-73.58803917795706)
1 (45.44193692994362,-73.46737392449839)
1 (45.28790071959996,-73.70212547426863)
1 (45.68406685422848,-73.33263685304782)
1 (45.333175470142564,-73.35560724804077)
1 (45.70953667411727,-73.44866985991601)
1 (45.50707110620129,-73.37678954965422)
1 (45.45996408059634,-73.58665672615592)
1 (45.32468313959638,-73.72082342321335)
1 (45.67133303769881,-73.45051562675451)
1 (45.57458509271527,-73.3960950593591)
1 (45.64051925432888,-73.54295109870667)
1 (45.38427186830518,-73.71378425481893)
1 (45.745813816143176,-73.62609081827533)
1 (45.71673312317383,-73.57615298333961)
1 (45.25161176736498,-73.38264922661756)
1 (45.46333291953401,-73.60848052260906)
1 (45.29510806206267,-73.52760245962916)
1 (45.42366038672205,-73.51329190578312)
1 (45.46114393896864,-73.49877758026796)
1 (45.4791293552112,-73.58363210013961)
1 (45.50027277842764,-73.46755156693868)
1 (45.67384314774447,-73.3546187078442)
1 (45.53466521144246,-73.25802384671074)
1 (45.71360407804118,-73.39936131364217)
1 (45.526648974503914,-73.34456888708087)
1 (45.58193547746704,-73.28656640793125)
1 (45.355479821907565,-73.41359353266489)
1 (45.550597236849924,-73.71275188412685)
1 (45.55936560781259,-73.52561653679399)
1 (45.33131439855854,-73.30197589191748)
1 (45.65181638123501,-73.69845593441141)
1 (45.47530119015771,-73.5303401829833)
1 (45.414069222005395,-73.25135256334548)
1 (45.377651701987766,-73.68125844515087)
1 (45.698637204480335,-73.50327642511732)
1 (45.384781172682416,-73.67058579770482)
1 (45.552957643753714,-73.40645511930882)
1 (45.53484050353981,-73.4981859962748)
1 (45.38666579782942,-73.41833184433634)
1 (45.383389744284194,-73.48436817152975)
1 (45.461195649127205,-73.37170332211448)
1 (45.67960457945537,-73.33585591395365)
1 (45.67621040228649,-73.29370595883762)
1 (45.3619031474282,-73.45655623539405)
1 (45.4637909811867,-73.54961153935187)
1 (45.436118805641534,-73.2733772255369)
1 (45.57836181657323,-73.34706180558817)
1 (45.28420774580854,-73.68669796362731)
1 (45.688008543585525,-73.53041401775025)
1 (45.32696860953284,-73.57882519188809)
1 (45.43114363416326,-73.72328783761128)
1 (45.73036458452841,-73.62187662649981)
1 (45.50140115562934,-73.74019670484898)
1 (45.50177671062234,-73.41901097702717)
1 (45.363193008887436,-73.2853146798218)
1 (45.36988034506238,-73.28978070458035)
1 (45.38053483142422,-73.28797320736253)
1 (45.27982523382996,-73.2716134846484)
1 (45.46255000580305,-73.29039946398892)
1 (45.66401259756017,-73.65503427154022)
1 (45.29048681582631,-73.60350173152469)
1 (45.368001244485285,-73.60022003683217)
1 (45.29313375979597,-73.48117454620214)
1 (45.72093769449828,-73.59683476938484)
1 (45.28019440315269,-73.33263977432908)
1 (45.74039394182893,-73.72782294838655)
1 (45.52648356193863,-73.49575748285896)
1 (45.352609308821684,-73.38094500137474)
1 (45.623732708036755,-73.33203360094048)
1 (45.29087163059012,-73.7193187205659)
1 (45.58134286137962,-73.37621919893492)
1 (45.50713580039451,-73.37408631504634)
1 (45.46259955222358,-73.47993934052334)
1 (45.49496644304916,-73.45855683682149)
1 (45.28866453748113,-73.32970718357649)
1 (45.375504402726015,-73.6237796925607)
1 (45.52908555100692,-73.39497244891528)
1 (45.44239514348375,-73.48048493276059)
1 (45.72461531449598,-73.27152055364516)
1 (45.59648061123116,-73.3016818064725)
1 (45.65580751467442,-73.52958263488729)
1 (45.72654401348501,-73.49393740119976)
1 (45.47915769212688,-73.55443388358307)
1 (45.608510642057496,-73.38346272461955)
1 (45.40148327473981,-73.480050905286)
1 (45.302245930249995,-73.4056139921474)
1 (45.25278725308387,-73.66356681731723)
1 (45.322455204901964,-73.31327233340119)
1 (45.74802618071381,-73.72980572521735)
1 (45.54817793063453,-73.53079570329471)
1 (45.29900376941131,-73.53109601412075)
1 (45.413982700993216,-73.27584220412412)
1 (45.44903719465328,-73.41785519816092)
1 (45.39520707132459,-73.55134439791529)
1 (45.3550939426233,-73.50010667139065)
1 (45.65945003378357,-73.5742698412985)
1 (45.734772907471466,-73.59913202748147)
1 (45.507013082801016,-73.65653336007097)
1 (45.328804121187986,-73.34188022468977)
1 (45.364098968437716,-73.4865321828497)
1 (45.70366743777641,-73.3385482201061)
1 (45.62431567588466,-73.67725548106912)
1 (45.63348098313621,-73.60591524821976)
1 (45.556396410201465,-73.34877523524868)
1 (45.35548645153879,-73.35555634971266)
1 (45.30903466698571,-73.39915604492532)
1 (45.68925840440071,-73.45697832371106)
1 (45.747346548913455,-73.4884266799991)
1 (45.3461913862908,-73.31101437372592)
1 (45.44971120180237,-73.61523690735908)
1 (45.73286854908993,-73.52848193442462)
1 (45.67860301995108,-73.50517836801173)
1 (45.66959200267331,-73.70315066873003)
1 (45.51451797164625,-73.35347898764809)
1 (45.70365542092905,-73.6964860218655)
1 (45.608209352973766,-73.27288557183157)
1 (45.59586537311006,-73.71442639407765)
1 (45.66318680272245,-73.59003002805615)
1 (45.59836881894024,-73.55362022092558)
1 (45.30779557935804,-73.41042986381996)
1 (45.32201945650292,-73.72609187438128)
1 (45.45418140450849,-73.63350426821377)
1 (45.312317089331444,-73.73722368300128)
1 (45.570059370270485,-73.3445924269267)
1 (45.414379394804286,-73.5922339653813)
1 (45.508443862450875,-73.7409411940579)
1 (45.60945650118178,-73.6409992234069)
1 (45.65035966195456,-73.46298485614454)
1 (45.748174617030585,-73.64011131366783)
1 (45.61604251583711,-73.40097000498416)
1 (45.488995574563,-73.41447881811352)
1 (45.691250994891114,-73.73008411199471)
1 (45.27430495735339,-73.73857425495906)
1 (45.39704966822627,-73.59472683588383)
1 (45.34109247553228,-73.52959722711215)
1 (45.303786623991485,-73.51441862080571)
1 (45.56836372754591,-73.65136631729251)
1 (45.25297720715495,-73.72007146340046)
1 (45.40922346018394,-73.5686705794413)
1 (45.604418540801205,-73.74995238802528)
1 (45.74199615531228,-73.2671042936239)
1 (45.470098107389695,-73.73965049955042)
1 (45.701800634932226,-73.26307702127808)
1 (45.631322625060754,-73.42971398149186)
1 (45.42167099094176,-73.67273347393596)
1 (45.460982099333876,-73.48835391752692)
1 (45.62061711579552,-73.68693598273586)
1 (45.68897682445752,-73.30471726208138)
1 (45.624943719892116,-73.41225527329777)
1 (45.255573614695706,-73.45071170048979)
1 (45.698697701117325,-73.38508318339446)
1 (45.294820829509845,-73.53622072238096)
1 (45.48928924707438,-73.64752385715309)
1 (45.47813996692512,-73.69377758109518)
1 (45.46513317402189,-73.58963814454727)
1 (45.526824922625195,-73.42437234433297)
1 (45.43358233025574,-73.3129086985296)
1 (45.67141817282429,-73.51604671844696)
1 (45.57947634531459,-73.55446113820123)
1 (45.695796673164295,-73.7112868029734)
1 (45.45730383324373,-73.7306201117571)
1 (45.45428827970707,-73.74795421689404)
1 (45.503278090960734,-73.41179633708933)
1 (45.3912530048163,-73.33160195328514)
1 (45.40755094588325,-73.52849435838533)
1 (45.6243014592259,-73.51450121787128)
1 (45.60134126761001,-73.33039820376442)
1 (45.574686325743436,-73.35856141611416)
1 (45.66892946760674,-73.5770354406695)
1 (45.44139096693472,-73.64555571880271)
1 (45.69027090558679,-73.62943787185843)
1 (45.519052363284096,-73.26867016664137)
1 (45.35640632019533,-73.53751029379882)
1 (45.4540940834202,-73.29437469752779)
1 (45.6768985516375,-73.37748641974002)
1 (45.51830820368297,-73.52297001958979)
1 (45.71620035296384,-73.48789439165293)
1 (45.35461319939964,-73.69989460313732)
1 (45.554159082624174,-73.38087194984217)
1 (45.415828458034056,-73.33798177682347)
1 (45.56478963955493,-73.46846450333835)
1 (45.47404403023266,-73.40333698166948)
1 (45.64699801519239,-73.34070729566157)
1 (45.62552766374963,-73.39436115131025)
1 (45.7211133481818,-73.66383560411462)
1 (45.6540993643892,-73.60467627147526)
1 (45.625887450063395,-73.33288530322913)
1 (45.444517218995294,-73.60631501331268)
1 (45.51204627647137,-73.31323865933508)
1 (45.356656133880136,-73.71951638396736)
1 (45.430528776561516,-73.6403384457235)
1 (45.581124784315605,-73.44982517336186)
1 (45.55622428548403,-73.31583637814467)
1 (45.49745417021513,-73.57192323494678)
1 (45.371320309554214,-73.34185978880714)
1 (45.44710439301098,-73.72272625905453)
1 (45.656298623479366,-73.37287356242729)
1 (45.615274728191956,-73.53375987574859)
1 (45.30116789128368,-73.43678206908257)
1 (45.38786531252386,-73.48468485179927)
1 (45.25469739263013,-73.38345913656936)
1 (45.61292679462967,-73.29607118451037)
1 (45.375216671245504,-73.65981178776394)
1 (45.649547961724714,-73.30012654113526)
1 (45.532972152979255,-73.68577658411469)
1 (45.43136943198825,-73.33306508345446)
1 (45.54108215247264,-73.5153152943034)
1 (45.50677469166263,-73.28215787275916)
1 (45.35980790566638,-73.61051976139353)
1 (45.643298244767394,-73.4942369183872)
1 (45.52715859444567,-73.43535351992344)
1 (45.59990386505618,-73.31053000807152)
1 (45.41777450559794,-73.68835092968493)
1 (45.57752402863729,-73.53518418609843)
1 (45.72158297647158,-73.34076247363012)
1 (45.65561521717794,-73.671691119807)
1 (45.463897689707935,-73.72817780835696)
1 (45.71047182057934,-73.2726581750839)
1 (45.45943261547725,-73.25957620163719)
1 (45.389654624209406,-73.74397415156943)
1 (45.304127752357054,-73.3580467624904)
1 (45.68612845096775,-73.42439966429572)
1 (45.360734459520785,-73.53208922219268)
1 (45.515566392104596,-73.72596699936447)
1 (45.686784102446005,-73.49544859587952)
1 (45.45076667058355,-73.56930531612399)
1 (45.486864400561295,-73.5068551404633)
1 (45.40824128517152,-73.28111200744603)
1 (45.44505375986768,-73.58883426780639)
1 (45.613773994470456,-73.53847191204004)
1 (45.70791450485557,-73.50691850389711)
1 (45.59610829937642,-73.34658145286406)
1 (45.34362191039022,-73.3471371125159)
1 (45.27091451071244,-73.42266492926863)
1 (45.298606441192476,-73.72057662879699)
1 (45.38079836605215,-73.72947617552612)
1 (45.70951271443104,-73.5490985109843)
1 (45.651351531546965,-73.25675878200823)
1 (45.405329150619735,-73.54596839519512)
1 (45.508108151203274,-73.48839396483001)
1 (45.55221837333019,-73.39919394781066)
1 (45.57475946527899,-73.31669521439093)
1 (45.651878907488786,-73.29378675193693)
1 (45.43909196845114,-73.47341475909694)
1 (45.503194726814044,-73.27195624263695)
1 (45.32985288699235,-73.33950694145814)
1 (45.276479916055244,-73.52741191788917)
1 (45.395110004338974,-73.27254942905022)
1 (45.529801388982875,-73.56149292245355)
1 (45.710660981632834,-73.35195335689477)
1 (45.317663566383615,-73.69476209941126)
1 (45.47566101187629,-73.68769912333794)
1 (45.503764595930825,-73.72799452047065)
1 (45.57187543059167,-73.66831512440123)
1 (45.49158439321089,-73.58115860197135)
1 (45.2728275034043,-73.7381718616626)
1 (45.32924086546369,-73.5080307194835)
1 (45.38959995634203,-73.49289467633656)
1 (45.528350984452366,-73.48750226407961)
1 (45.53116162473878,-73.564803565858)
1 (45.46055966810029,-73.63043124089624)
1 (45.43882961488379,-73.43776928377564)
1 (45.359949871828356,-73.4130579908375)
1 (45.52683984970556,-73.48272999468409)
1 (45.26472310923998,-73.25454829674908)
1 (45.32398789036134,-73.641343755141)
1 (45.67734061676751,-73.39714433390171)
1 (45.464914576442155,-73.30585688071358)
1 (45.308740862660194,-73.72269753199065)
1 (45.72384983434705,-73.54824956538812)
1 (45.499300112889685,-73.54902500319514)
1 (45.31849081300947,-73.44107476115792)
1 (45.27687841110599,-73.5935742706154)
1 (45.33717927062726,-73.28613730526673)
1 (45.52059426234452,-73.67029912677846)
1 (45.65865594800549,-73.62526572277552)
1 (45.34789677825612,-73.29844204878673)
1 (45.64040827445579,-73.44990925636205)
1 (45.63205528200208,-73.7490871702915)
1 (45.64899092411004,-73.55314863094085)
1 (45.48736175194824,-73.63689012563118)
1 (45.69368698809023,-73.47893908202143)
1 (45.63014248012207,-73.48030942551041)
1 (45.5034907990766,-73.51900994753316)
1 (45.73510095058582,-73.70395708521005)
1 (45.35663192569644,-73.68782545104642)
1 (45.25856496438882,-73.34135378943992)
1 (45.331722784857604,-73.57036685301)
1 (45.69288657242194,-73.71541722407852)
1 (45.40010092256893,-73.38622646877145)
1 (45.34954417036745,-73.62743000053187)
1 (45.420050095831144,-73.54660972889538)
1 (45.5424222206207,-73.57302662559711)
1 (45.62532274391672,-73.39832175848609)
1 (45.45729434716811,-73.7259068634593)
1 (45.62274945467175,-73.25067057076143)
1 (45.54871174437424,-73.38652587245106)
1 (45.726709645998085,-73.66744915350426)
1 (45.50129934013371,-73.2839295657074)
1 (45.66185065016296,-73.37676463007728)
1 (45.62888826173338,-73.54419622776139)
1 (45.25968087877686,-73.50646277205632)
1 (45.56196346833692,-73.29861397131326)
1 (45.25952602902213,-73.69225173952007)
1 (45.69158162107968,-73.29876609840791)
1 (45.699825285047844,-73.42935947628574)
1 (45.59621491493262,-73.53411455170622)
1 (45.65185825270506,-73.34666450463777)
1 (45.57690218004941,-73.71046479348686)
1 (45.70473113049033,-73.37472045399888)
1 (45.46563961814154,-73.54486307367387)
1 (45.65781428694271,-73.55595005115197)
1 (45.55211924451897,-73.66402033564422)
1 (45.314811405279066,-73.50651484621822)
1 (45.29472371955821,-73.4592747975378)
1 (45.60225389164767,-73.2849722909982)
1 (45.44311224390271,-73.55139823017409)
1 (45.45445240761129,-73.65281240133169)
1 (45.30178291891186,-73.55321904106876)
1 (45.51680053796435,-73.4263216012831)
1 (45.60667263146998,-73.58707807255742)
1 (45.71981415897835,-73.31795184419475)
1 (45.370156564730934,-73.51755109691833)
1 (45.667403143035166,-73.34847865946357)
1 (45.57373483552691,-73.5976649477596)
1 (45.564610390759896,-73.57871198195654)
1 (45.252244938073105,-73.69900220635995)
1 (45.58241647847623,-73.56137951146655)
1 (45.31861423899381,-73.50263228962056)
1 (45.620196461979546,-73.55003235045054)
1 (45.42396749544165,-73.46872466279825)
1 (45.380028609607194,-73.62242855272484)
1 (45.73433037538806,-73.57799329894195)
1 (45.511293286801255,-73.48083032233802)
1 (45.73222050942355,-73.74778872176226)
1 (45.31886329220917,-73.28100642061615)