2050 2050
101 (45.5,-73.5)
1 (45.51909348638129,-73.46969774134233)
1 (45.65367531495569,-73.41546147711988)
1 (45.60291207061048,-73.59392838711624)
1 (45.620585583272714,-73.73451962356738)
1 (45.30403248365449,-73.29855080997754)
1 (45.64515076661045,-73.73137021008395)
1 (45.702152587589744,-73.62883276137963)
1 (45.7383387824994,-73.74403881217903)
1 (45.47724250864866,-73.57345125045144)
1 (45.48616226545616,-73.73847736167757)
1 (45.5681789236548,-73.46028001126344)
1 (45.3698407263259,-73.73257249900512)
1 (45.284230218616194,-73.50474533243145)
1 (45.491335911334936,-73.40085182574539)
1 (45.356590333099476,-73.62841067729256)
1 (45.63896771142139,-73.36402324037712)
1 (45.40983489943848,-73.6844937423595)
1 (45.378306984611925,-73.61621290694679)
1 (45.46647426496509,-73.480437255687)
1 (45.49465399864674,-73.47587294907152)
1 (45.37170347773548,-73.47544809725674)
1 (45.64515039439697,-73.36381041932039)
1 (45.44000023063215,-73.25308698626233)
1 (45.50093519305288,-73.6136444443416)
1 (45.680397700370825,-73.32553419499087)
1 (45.47274397713543,-73.40622930748569)
1 (45.65305969509233,-73.51707465158773)
1 (45.31696355148943,-73.29018593419033)
1 (45.34621146074603,-73.5996385855205)
1 (45.51339276140043,-73.60566574892212)
1 (45.439530400634105,-73.51290222802997)
1 (45.29082325635609,-73.46782533151386)
1 (45.437776446854954,-73.39549554495765)
1 (45.55204240598857,-73.29022150763922)
1 (45.41674294494196,-73.28228240626272)
1 (45.7159739417612,-73.6364414901479)
1 (45.52253432518554,-73.68547130145852)
1 (45.65140979676603,-73.48076353865663)
1 (45.40472797391363,-73.37448269148489)
1 (45.42415049199337,-73.73549879678546)
1 (45.44415335604314,-73.50104228558445)
1 (45.51735905034533,-73.66389555027784)
1 (45.456821941580664,-73.28188708230074)
1 (45.513547275636135,-73.54309255124991)
1 (45.51696791142737,-73.25176442923194)
1 (45.4458510329744,-73.67158866886248)
1 (45.64420968195263,-73.6340720794835)
1 (45.63611489111083,-73.53005146305867)
1 (45.34251863084961,-73.64553017028972)
1 (45.33779439312362,-73.6030177305417)
1 (45.361981853203744,-73.55469409435597)
1 (45.39279764285703,-73.55214459617852)
1 (45.57827166014573,-73.5519103473089)
1 (45.39312641359287,-73.59915036320838)
1 (45.54928542824166,-73.46048492232812)
1 (45.510539753155236,-73.62843930224942)
1 (45.613594913562295,-73.52537755566287)
1 (45.720451767306024,-73.65563565517262)
1 (45.34114529580252,-73.45665222839058)
1 (45.59988855487807,-73.42885720223163)
1 (45.73306956947758,-73.58020803399884)
1 (45.72356706910767,-73.53453916030684)
1 (45.29453514983737,-73.35798202675356)
1 (45.41702269625192,-73.46897507340272)
1 (45.47221485551956,-73.683858849898)
1 (45.25119978829191,-73.71047127076453)
1 (45.456275727608606,-73.73993985183589)
1 (45.67903355448629,-73.38511741481193)
1 (45.49570435206866,-73.31061734551295)
1 (45.62128917203412,-73.66165579277865)
1 (45.665338667393925,-73.29906765867281)
1 (45.60628789307819,-73.53778769340464)
1 (45.45315178422575,-73.2723196381762)
1 (45.25613771837858,-73.69148555918312)
1 (45.607133886028905,-73.67697316112347)
1 (45.49069998572595,-73.56648507745221)
1 (45.39254464671735,-73.41793513302325)
1 (45.28976097933801,-73.34111197004287)
1 (45.26235878071334,-73.27720867947387)
1 (45.713741312440106,-73.39395349186186)
1 (45.43640351633413,-73.66881382399761)
1 (45.6337640874715,-73.32861535091536)
1 (45.51798736765401,-73.4793362020912)
1 (45.26301583844429,-73.5529099994421)
1 (45.550745444803894,-73.73139332165472)
1 (45.61307295413498,-73.32530299405175)
1 (45.332977352769795,-73.52947556508741)
1 (45.42122919379541,-73.58329924956621)
1 (45.36192932767308,-73.70416252941841)
1 (45.407848387484506,-73.25468179813791)
1 (45.47627339231833,-73.26163279364893)
1 (45.42637971588718,-73.6231209498806)
1 (45.6014615713174,-73.67067871671733)
1 (45.662911082151645,-73.67465226384992)
1 (45.47968463180227,-73.67910521469287)
1 (45.52699954238102,-73.69087721798438)
1 (45.38383999463405,-73.7454349814352)
1 (45.25100589630934,-73.67847089865997)
1 (45.573214598475005,-73.3002603733305)
1 (45.48127395142196,-73.5326866234407)
1 (45.647514276360056,-73.41437489108054)
1 (45.30123319295894,-73.62502768013391)
1 (45.49542166618932,-73.54798571670105)
1 (45.673866849835974,-73.28211195213491)
1 (45.71404095534983,-73.3868512243295)
1 (45.728975649980896,-73.38398574664039)
1 (45.69638807477644,-73.33710561944577)
1 (45.649280863211445,-73.55574838785608)
1 (45.545511052612525,-73.55082573273229)
1 (45.628648520670716,-73.65632985667946)
1 (45.575875823281706,-73.3890629937822)
1 (45.48557985033021,-73.48261905743513)
1 (45.40532867634495,-73.49810665424707)
1 (45.515601499708296,-73.30587077457452)
1 (45.52424737081571,-73.6781620547234)
1 (45.557302113311515,-73.54042494351533)
1 (45.252418444067246,-73.46142102877714)
1 (45.52850034392028,-73.51225229882432)
1 (45.65872943081945,-73.28866927851071)
1 (45.36139247238645,-73.44669576483648)
1 (45.32394007192128,-73.38011852874874)
1 (45.32851633200293,-73.43100781146215)
1 (45.2725978036782,-73.33706943400433)
1 (45.704981167467,-73.72788892869107)
1 (45.48658811052525,-73.68630383627873)
1 (45.55665173119182,-73.4212133739178)
1 (45.6398615968126,-73.48877343825286)
1 (45.67883787836192,-73.46448340502866)
1 (45.561555047059315,-73.27819428369494)
1 (45.33552937367218,-73.27628400558564)
1 (45.44302473620347,-73.47357506872262)
1 (45.465328911485244,-73.58511525061196)
1 (45.45323587591029,-73.5224997554308)
1 (45.4269744622873,-73.26846024137518)
1 (45.71650307005004,-73.37915326478189)
1 (45.65470564001863,-73.45780180033921)
1 (45.53675219736278,-73.50262172079375)
1 (45.28171669716316,-73.69253167522758)
1 (45.323275084002205,-73.37691700994257)
1 (45.368552413011464,-73.40130139942269)
1 (45.38437406959936,-73.6044680938809)
1 (45.34254101044472,-73.46934454489653)
1 (45.6073443386766,-73.40948958333358)
1 (45.6142220166546,-73.6146554364926)
1 (45.53591763996953,-73.40668112914241)
1 (45.58721475116744,-73.74463998674575)
1 (45.48959189849149,-73.74412910112815)
1 (45.419086757925335,-73.39795965189947)
1 (45.64319682176827,-73.71707486632727)
1 (45.42251971549304,-73.2937701015433)
1 (45.39959670234302,-73.67138222953159)
1 (45.41843341402707,-73.41241158931739)
1 (45.443606941901116,-73.47207924762995)
1 (45.6657170543228,-73.41783850843372)
1 (45.56100209672878,-73.5032678969193)
1 (45.695830054491125,-73.60268103453612)
1 (45.64291864430299,-73.59098771507068)
1 (45.47477304001021,-73.3918123678805)
1 (45.27300662712772,-73.40028792025934)
1 (45.29979290113327,-73.27965031326973)
1 (45.41236014957631,-73.25180506447587)
1 (45.71367407808887,-73.40015268859607)
1 (45.45555727471475,-73.431561459091)
1 (45.48558148977738,-73.7365713253974)
1 (45.330065943374244,-73.43049265093853)
1 (45.3641589271109,-73.27050985082256)
1 (45.35082311873488,-73.64738000730257)
1 (45.35594990778319,-73.64668625079418)
1 (45.72197004242317,-73.42040753958636)
1 (45.72019618096104,-73.69103116470605)
1 (45.39852771219839,-73.31848005577216)
1 (45.69968265813821,-73.36535874083692)
1 (45.48222192188618,-73.42373273751535)
1 (45.72653538279834,-73.47182735514947)
1 (45.42771824435385,-73.37133006533392)
1 (45.45174297257918,-73.6347624227102)
1 (45.57820338334697,-73.68169520129929)
1 (45.447659649901844,-73.2861449148212)
1 (45.432549475852085,-73.42372872294622)
1 (45.32386183020546,-73.5641737131365)
1 (45.57022429437883,-73.48536858829516)
1 (45.27846807798948,-73.70179108631956)
1 (45.324660829257084,-73.70001140737162)
1 (45.279395753644074,-73.63391575747967)
1 (45.600975408197776,-73.28385761379282)
1 (45.63301596447397,-73.68835841144484)
1 (45.67972456493736,-73.48016163980445)
1 (45.65128151629422,-73.34600031575718)
1 (45.43481642160701,-73.48166078478852)
1 (45.472641093147935,-73.66079573151369)
1 (45.62074320520191,-73.61212445693198)
1 (45.32691598544798,-73.51951460895053)
1 (45.25197734934683,-73.39200866672866)
1 (45.659804063882675,-73.49487248353522)
1 (45.605674356506235,-73.4916185153926)
1 (45.54878900012153,-73.60379977206107)
1 (45.52775135443061,-73.68797412990297)
1 (45.748970861404075,-73.32508324696434)
1 (45.511961118669596,-73.28874395079849)
1 (45.5046976983836,-73.2574681023886)
1 (45.45175715355909,-73.56815185476826)
1 (45.45086585162093,-73.31053918841091)
1 (45.53554601858751,-73.57568267735174)
1 (45.50637012968551,-73.31630566379897)
1 (45.467349126017915,-73.72870378502556)
1 (45.63142315742545,-73.4293936756703)
1 (45.54694679521638,-73.38478812514444)
1 (45.68032652600122,-73.64810734977598)
1 (45.63625327122747,-73.60856731226846)
1 (45.33176475517805,-73.73734848121097)
1 (45.671972088798185,-73.60136120920502)
1 (45.71980616786467,-73.267491148563)
1 (45.65850710237197,-73.74962333178544)
1 (45.42053322516969,-73.40078779060549)
1 (45.48965506680428,-73.47040959816181)
1 (45.37158809617827,-73.45873856045307)
1 (45.50278161755147,-73.48862077079474)
1 (45.61490742649349,-73.69008676759137)
1 (45.36498325190775,-73.37168681209062)
1 (45.45653375116605,-73.52970798876362)
1 (45.72716349921357,-73.57265463556234)
1 (45.731629085498106,-73.49364153734535)
1 (45.559002632892124,-73.39230836270357)
1 (45.34767960680621,-73.69486801357652)
1 (45.695475619978744,-73.66499441337504)
1 (45.654368571979965,-73.28816741788906)
1 (45.383874118914946,-73.60124164053472)
1 (45.45470803485338,-73.46049744056016)
1 (45.51921400934132,-73.58305963367509)
1 (45.628757885814366,-73.37581247355081)
1 (45.29546054096854,-73.3049664307287)
1 (45.388624463060154,-73.26009891101963)
1 (45.680179407788664,-73.48533959941714)
1 (45.62141892329173,-73.57363300060953)
1 (45.44102226468192,-73.43860298933056)
1 (45.60546890152061,-73.46307306607447)
1 (45.41388152184257,-73.59905399237114)
1 (45.604315422113196,-73.41597801532028)
1 (45.30459963693238,-73.62180449090306)
1 (45.45289011408699,-73.25470007718742)
1 (45.558794132642326,-73.45535141931128)
1 (45.2507562855081,-73.30532953698652)
1 (45.717660259630364,-73.28371082034704)
1 (45.66841034859481,-73.26047537575563)
1 (45.701539063540146,-73.47384257673757)
1 (45.654378822263425,-73.42214554628889)
1 (45.62758928706918,-73.63626041171817)
1 (45.50320896617741,-73.66284659887906)
1 (45.57307740147225,-73.61326514204822)
1 (45.30743976331503,-73.57925253447003)
1 (45.64160091529156,-73.65015721494913)
1 (45.27025293928458,-73.43339840892904)
1 (45.275985727981734,-73.68007693842459)
1 (45.69974226759069,-73.58133444535439)
1 (45.488649114578585,-73.56278954914956)
1 (45.74060241340007,-73.67853228971298)
1 (45.54789585523961,-73.26177462663287)
1 (45.524527094404284,-73.52506496678056)
1 (45.66691567292993,-73.3223976663481)
1 (45.436719447358854,-73.47168806999073)
1 (45.39117585646748,-73.62673448963076)
1 (45.60265590549676,-73.35042996224918)
1 (45.66945392574134,-73.7477870711962)
1 (45.496608019225455,-73.4201540349947)
1 (45.52393082277842,-73.30737242534774)
1 (45.26141507891426,-73.32878704034232)
1 (45.305565975052595,-73.55788426031032)
1 (45.4076135504701,-73.58951251454482)
1 (45.7324012364225,-73.45841973960407)
1 (45.52926785253256,-73.54820895958491)
1 (45.26049174749484,-73.30043199010224)
1 (45.533709830513,-73.28376797604874)
1 (45.329837180111696,-73.45711194766949)
1 (45.63288319059421,-73.3316579445355)
1 (45.66098794390514,-73.5841207255984)
1 (45.485101747110306,-73.55420422413084)
1 (45.55192653690647,-73.58708722485538)
1 (45.407769336353766,-73.39853758469954)
1 (45.53937498014244,-73.393453241262)
1 (45.50397176798215,-73.68501773145515)
1 (45.34385524015118,-73.5227914054423)
1 (45.35884024675721,-73.4551693883275)
1 (45.71363008755696,-73.6406393653203)
1 (45.66519829975947,-73.2787740861908)
1 (45.61907776146817,-73.70618651678892)
1 (45.7322429877348,-73.27474072602074)
1 (45.72610467637248,-73.48381746980718)
1 (45.31587420120076,-73.43973421188115)
1 (45.69487587022083,-73.58255961753866)
1 (45.584774274857715,-73.70227106856935)
1 (45.608444104356465,-73.31589986546132)
1 (45.302453349512945,-73.4280973190884)
1 (45.73478390833468,-73.5372288857922)
1 (45.462214211860676,-73.39514344393505)
1 (45.365287942861634,-73.70333880427296)
1 (45.659353607507924,-73.53320759102662)
1 (45.652958617612065,-73.74994374478851)
1 (45.42290543040726,-73.48474795447304)
1 (45.69432889378981,-73.42910997687349)
1 (45.55784416865998,-73.28877123100446)
1 (45.560571685198525,-73.55877602039126)
1 (45.26790569477611,-73.71978418617356)
1 (45.58530848308918,-73.66921047950699)
1 (45.43904540055309,-73.52813099682459)
1 (45.45930308531453,-73.3002988769453)
1 (45.464042104064134,-73.52676950375437)
1 (45.56552762845665,-73.7069680446455)
1 (45.37986949533407,-73.6526448983904)
1 (45.5120134164383,-73.46785051462395)
1 (45.371195063618316,-73.29829994045024)
1 (45.48445024783439,-73.4644583423494)
1 (45.3657297906155,-73.36121609798518)
1 (45.34567331577862,-73.40467946796404)
1 (45.510140102412976,-73.59461073220956)
1 (45.354977987745876,-73.50532746308417)
1 (45.26884705826861,-73.46402070064974)
1 (45.46662804219007,-73.62376829871997)
1 (45.73227565965525,-73.31898323122162)
1 (45.39397423433539,-73.53831614695105)
1 (45.45598088904564,-73.27848056725678)
1 (45.49327541740293,-73.72113271272315)
1 (45.27756499556666,-73.3025451628031)
1 (45.52961550478246,-73.3257829557246)
1 (45.57441414637152,-73.48052772967392)
1 (45.5362352204454,-73.72439286780123)
1 (45.33202039060185,-73.60901103134738)
1 (45.268148363328955,-73.2765229042259)
1 (45.690018851937765,-73.65920750708608)
1 (45.68108816925118,-73.59341371990428)
1 (45.321057575710874,-73.74490963564024)
1 (45.437630008019035,-73.37717879585313)
1 (45.57623136095447,-73.69766708540878)
1 (45.65376258805529,-73.46481145388896)
1 (45.30004879259916,-73.33584546571795)
1 (45.45123054200451,-73.49154189428214)
1 (45.57776520086906,-73.47857655827993)
1 (45.37364692064812,-73.60712261886539)
1 (45.42840239306412,-73.70434098254935)
1 (45.35767525060442,-73.4320388222566)
1 (45.597889487287,-73.28702904627522)
1 (45.72450617691485,-73.42843307043685)
1 (45.638497156570345,-73.65980649683867)
1 (45.571404797388574,-73.58270172553651)
1 (45.38310122012282,-73.6589671126272)
1 (45.49828046900486,-73.25326348502342)
1 (45.7357995219897,-73.68618466685712)
1 (45.30003161204513,-73.72791835823153)
1 (45.40401945939818,-73.29818207346634)
1 (45.59184381769053,-73.46050835115945)
1 (45.2914917748326,-73.58781639493)
1 (45.31167055839053,-73.61625916856624)
1 (45.25632953097833,-73.55993321597326)
1 (45.66180115801742,-73.44922523648331)
1 (45.31393935236897,-73.52907510895966)
1 (45.30972194294036,-73.66367806738067)
1 (45.63060548145609,-73.37423376460471)
1 (45.56740189989373,-73.27407137314532)
1 (45.31032536384469,-73.27831613783044)
1 (45.30768509768573,-73.575383917435)
1 (45.52483873503407,-73.35685044859429)
1 (45.556648036051094,-73.66718427467057)
1 (45.47478054407144,-73.34168816335101)
1 (45.52158054161451,-73.5406795711083)
1 (45.49850126474668,-73.73106361892442)
1 (45.27567497793595,-73.53830330406768)
1 (45.36433656250691,-73.54735366247074)
1 (45.42255901050124,-73.53006520026199)
1 (45.39197123459776,-73.55823465248652)
1 (45.306483197645115,-73.41992912601275)
1 (45.54903111099427,-73.51566513243598)
1 (45.71727525892217,-73.59890304760657)
1 (45.5601493839774,-73.65022769965908)
1 (45.563098793134984,-73.6993178846682)
1 (45.34749256934363,-73.32584398654595)
1 (45.64860494264595,-73.4769402427595)
1 (45.294094151911885,-73.41173250184492)
1 (45.50124120755486,-73.35410687977839)
1 (45.38433263839624,-73.56470900630602)
1 (45.634282667895356,-73.59798665214515)
1 (45.729503764081436,-73.73553518246034)
1 (45.721576134252096,-73.28336885454766)
1 (45.33067492974432,-73.31800124881426)
1 (45.38603926603631,-73.59904467042047)
1 (45.66587335839097,-73.44878400986367)
1 (45.671631685562694,-73.70089149285441)
1 (45.31414760744936,-73.53985227655247)
1 (45.27681648077239,-73.69318778474141)
1 (45.34515528634674,-73.68329677867088)
1 (45.276456084177816,-73.43247922068026)
1 (45.60966840248231,-73.61094254508772)
1 (45.34863712267567,-73.69548474877335)
1 (45.36375068465069,-73.41795690852854)
1 (45.45309493657331,-73.33407406204451)
1 (45.34734981583214,-73.27089684938302)
1 (45.47870896381397,-73.35626632069506)
1 (45.51666053249623,-73.31624498502303)
1 (45.58896617220403,-73.42249242453133)
1 (45.59885299119324,-73.48546372010271)
1 (45.346340334172936,-73.53103145797884)
1 (45.497624180944044,-73.35695277101574)
1 (45.68921084578595,-73.68557485154699)
1 (45.32851801729916,-73.68402566688586)
1 (45.468245569698496,-73.59128965125028)
1 (45.504073625741,-73.63112629014833)
1 (45.52309783048832,-73.41354532209643)
1 (45.32059909983478,-73.67798698488454)
1 (45.69481861265958,-73.35563654705498)
1 (45.420731550938825,-73.55328522314973)
1 (45.72456073719474,-73.2683772954044)
1 (45.31893256043474,-73.44558631583833)
1 (45.68495261240805,-73.69535956046259)
1 (45.380681254488245,-73.6099651702599)
1 (45.4269448380609,-73.68296310724719)
1 (45.740365763698996,-73.34368042293663)
1 (45.501983868213976,-73.34387035538893)
1 (45.6277367178585,-73.64362986021457)
1 (45.63704251206699,-73.55688379983614)
1 (45.448275261284024,-73.6820464787739)
1 (45.598338159693625,-73.3142611208094)
1 (45.728940748318706,-73.54500004909612)
1 (45.67849498706747,-73.59057608525157)
1 (45.697502064010735,-73.47074937407794)
1 (45.581457564364314,-73.70428153937112)
1 (45.311019482008064,-73.60184610381246)
1 (45.65963878055197,-73.47469347583916)
1 (45.48703236457527,-73.52612122358184)
1 (45.27858596803107,-73.54303327599362)
1 (45.61962130681645,-73.62729103958678)
1 (45.54587478870875,-73.52645832254568)
1 (45.681751655331446,-73.49589969965427)
1 (45.74299128185757,-73.70867876748204)
1 (45.32516831811381,-73.36567095034044)
1 (45.54163819876185,-73.73980170892467)
1 (45.389600582357254,-73.73907223967345)
1 (45.46920260535389,-73.32146147229335)
1 (45.624148407328086,-73.5489996646816)
1 (45.61204739396532,-73.59108813177863)
1 (45.70546037224095,-73.37097290304615)
1 (45.709840360309386,-73.39133411188493)
1 (45.30967628639988,-73.35208454030507)
1 (45.59930991074184,-73.3172216367713)
1 (45.558096318085404,-73.65917883817508)
1 (45.411617631177975,-73.37449203670924)
1 (45.61015123891446,-73.36934031519763)
1 (45.513963576370834,-73.25793055231848)
1 (45.52148703078105,-73.3307531390012)
1 (45.413090703416536,-73.66810847552637)
1 (45.71984011328099,-73.61134766395864)
1 (45.70603107670316,-73.72902747146459)
1 (45.57686800537608,-73.72638098809479)
1 (45.67173700175608,-73.44756851425106)
1 (45.5702133375835,-73.3942037315327)
1 (45.74616585506484,-73.26844151701951)
1 (45.436817301726464,-73.61194608571363)
1 (45.412938639698496,-73.62549882750157)
1 (45.51586232618736,-73.36971108032276)
1 (45.471867647706276,-73.47181967749907)
1 (45.667711572604794,-73.33309404201)
1 (45.71844948047009,-73.58688982652761)
1 (45.733826307320165,-73.31945227455162)
1 (45.27884573949857,-73.50949408150566)
1 (45.471880719012965,-73.37332973553042)
1 (45.69692402875804,-73.72960730256415)
1 (45.26015659525868,-73.71079676508299)
1 (45.36260805524361,-73.29161215082891)
1 (45.61578897001863,-73.25119550517918)
1 (45.50408625090144,-73.71459031497008)
1 (45.71254671259527,-73.38788706387646)
1 (45.74035412932144,-73.62322642912265)
1 (45.615570849399845,-73.56707698880024)
1 (45.60511634111457,-73.70503220575812)
1 (45.372856114269105,-73.64565100912375)
1 (45.508250259031215,-73.56614107486696)
1 (45.41624991955004,-73.38518356868055)
1 (45.29683366179909,-73.74884170221631)
1 (45.42835602686908,-73.30988705436098)
1 (45.41416478376655,-73.59931172978958)
1 (45.425968545135476,-73.51125018870061)
1 (45.63225397610583,-73.33368087374379)
1 (45.29552516606959,-73.32146940123073)
1 (45.450941754403374,-73.54459580733493)
1 (45.39155674949667,-73.60150755931483)
1 (45.5150990406152,-73.51887687852388)
1 (45.575223760024336,-73.69771990546342)
1 (45.300290990920324,-73.5996499384322)
1 (45.7267683280549,-73.413467474109)
1 (45.356836694923444,-73.42350440399314)
1 (45.31307379431642,-73.61899363908178)
1 (45.58237277400348,-73.69477157817234)
1 (45.52951230289098,-73.384070242942)
1 (45.31382966874071,-73.72493556164062)
1 (45.3638737013987,-73.26352481860577)
1 (45.49115525433709,-73.2654814845686)
1 (45.64940789393343,-73.59574105110042)
1 (45.74717109055112,-73.69715429283292)
1 (45.28387560756312,-73.38858030636186)
1 (45.52062259808938,-73.40764410653784)
1 (45.29199106484616,-73.56590207438448)
1 (45.67278490726504,-73.69313190836368)
1 (45.29975325979028,-73.53096715253027)
1 (45.61191223169188,-73.25692270031081)
1 (45.27090081532744,-73.67048734954419)
1 (45.594369314397724,-73.35056091900562)
1 (45.52808869708901,-73.57494144091348)
1 (45.67645900698095,-73.3093659916165)
1 (45.6443733412403,-73.3870071890055)
1 (45.73676135777576,-73.6752438505446)
1 (45.74420594886484,-73.31056499174119)
1 (45.57522471312991,-73.27492331088216)
1 (45.597372208209066,-73.41770898656857)
1 (45.3223007802284,-73.5314339137264)
1 (45.62417967219004,-73.48055703920878)
1 (45.25909081977039,-73.43068511192632)
1 (45.5556825893216,-73.62838140790915)
1 (45.65777126308939,-73.44342450199218)
1 (45.50884703659137,-73.68868755999895)
1 (45.40049273244495,-73.31564566355061)
1 (45.64329773119851,-73.61334867472902)
1 (45.424497162043416,-73.48768437625792)
1 (45.36365086136038,-73.41775934440666)
1 (45.4713735975265,-73.48378482078257)
1 (45.71942586670691,-73.57220202206862)
1 (45.68917395047272,-73.42983526001892)
1 (45.73314222087005,-73.28022548259169)
1 (45.34753583716374,-73.40726585516504)
1 (45.356445526238446,-73.55881497429743)
1 (45.27801034690334,-73.63576902068459)
1 (45.61397057878213,-73.49948917503968)
1 (45.6444684700146,-73.49654599379907)
1 (45.74513745465322,-73.53818951557025)
1 (45.28176042538831,-73.66120090337954)
1 (45.29518955859545,-73.49493297561523)
1 (45.614728446755734,-73.5791968067237)
1 (45.63852138010742,-73.56167991574902)
1 (45.584223644449054,-73.29895615330352)
1 (45.33970657160705,-73.31872392552717)
1 (45.56195403750342,-73.55423104391066)
1 (45.5706254805131,-73.74614111248921)
1 (45.43179111203869,-73.73828648171065)
1 (45.505704361307636,-73.56744187658009)
1 (45.35158839210068,-73.31373310988597)
1 (45.71151699873869,-73.61754852597495)
1 (45.686616040775036,-73.36551355141263)
1 (45.53186255489806,-73.26657758496644)
1 (45.72339148549461,-73.3985897139269)
1 (45.34492183367243,-73.25463621817752)
1 (45.53098666247822,-73.61029617156011)
1 (45.33520741133357,-73.60094756477407)
1 (45.73581847602632,-73.73011784286773)
1 (45.57976142042158,-73.54310018743972)
1 (45.515479604689375,-73.61681818761659)
1 (45.295417882659315,-73.73907258421248)
1 (45.297342714934636,-73.6343868068045)
1 (45.53193504341916,-73.72591376614017)
1 (45.468471957227266,-73.39419389411522)
1 (45.42441610726362,-73.3745667080505)
1 (45.364801304510806,-73.2510311955331)
1 (45.33767547475319,-73.31030191596527)
1 (45.40959005008573,-73.47538784062871)
1 (45.34507037358128,-73.4825835569275)
1 (45.51384170025037,-73.2933517679569)
1 (45.48480641304137,-73.26692138481766)
1 (45.734673181904576,-73.48894592187244)
1 (45.62783887776432,-73.66436699622967)
1 (45.71154707935069,-73.50150097446287)
1 (45.573229484780626,-73.33179347891065)
1 (45.56483035384453,-73.42283461864605)
1 (45.65918217601685,-73.32795284696257)
1 (45.74631890757056,-73.50555013822729)
1 (45.74096922016467,-73.59653646995677)
1 (45.2771680655596,-73.73468527680811)
1 (45.34057263648484,-73.32806861896977)
1 (45.39509466894414,-73.69023503642848)
1 (45.61710398509129,-73.44744438727481)
1 (45.35976755964837,-73.33774028726388)
1 (45.54192887707938,-73.5632780936221)
1 (45.53297888116648,-73.52817690360224)
1 (45.28791099450483,-73.28895915139339)
1 (45.35848921737482,-73.3667980578861)
1 (45.358303423343415,-73.40341770044836)
1 (45.515365685243275,-73.72337554968865)
1 (45.38755363839032,-73.36208283250308)
1 (45.30818269693135,-73.50345356211757)
1 (45.34365164352125,-73.69537149620484)
1 (45.28763088262766,-73.38177167833597)
1 (45.54963903322309,-73.34327708346733)
1 (45.66588056546333,-73.51493157496779)
1 (45.52051010180858,-73.47023161262398)
1 (45.302471779217036,-73.30067510173527)
1 (45.58097424998232,-73.28439638545808)
1 (45.38855378143448,-73.53580915390972)
1 (45.58941250987674,-73.34989110427388)
1 (45.44997275786163,-73.3438558295186)
1 (45.343848948993305,-73.32920217455265)
1 (45.423007005795185,-73.49692447166339)
1 (45.386871257461586,-73.52611607394496)
1 (45.330474964834906,-73.74409481367567)
1 (45.45817292113564,-73.51700463264383)
1 (45.50049200540077,-73.4807688154176)
1 (45.26575283994644,-73.56014386170902)
1 (45.325327856828665,-73.54999140525284)
1 (45.55979637371538,-73.3589790955164)
1 (45.253617093614295,-73.65765858007985)
1 (45.69687515255359,-73.62585426819928)
1 (45.54560116901179,-73.30882412970104)
1 (45.476341285449884,-73.74770375340803)
1 (45.29813098702473,-73.33198419304)
1 (45.51565485358973,-73.69456063178447)
1 (45.36383506934179,-73.4522619670216)
1 (45.30687180669913,-73.63546580179884)
1 (45.54715888537948,-73.502832786862)
1 (45.36263285949227,-73.5344676817565)
1 (45.358906832425475,-73.72672266534516)
1 (45.51673192880929,-73.29188277362731)
1 (45.650469202090896,-73.71828156111485)
1 (45.49170625235283,-73.27284299838082)
1 (45.62909206261353,-73.3851753299723)
1 (45.28387852908758,-73.32638580461959)
1 (45.576348897701905,-73.37765866093238)
1 (45.744894480125595,-73.64394895350013)
1 (45.55339865433887,-73.7321838276868)
1 (45.45803787743832,-73.53611196898706)
1 (45.47866551957032,-73.51106844273298)
1 (45.617468133922365,-73.42078204077173)
1 (45.70625156036196,-73.4889881179851)
1 (45.61901375215764,-73.51475235894777)
1 (45.61669423915833,-73.44047804782095)
1 (45.462268506702,-73.40366648785556)
1 (45.25560650005346,-73.32042031552854)
1 (45.345475284444205,-73.33290287768872)
1 (45.72028782254852,-73.60166209842126)
1 (45.507045789347764,-73.71374891434705)
1 (45.29957077896017,-73.74045224900952)
1 (45.43055273500265,-73.47546456451089)
1 (45.31796780694675,-73.68130246294642)
1 (45.483644328232494,-73.51444103580491)
1 (45.72160934060894,-73.48817157033322)
1 (45.40556913975819,-73.59664037334495)
1 (45.670514844870034,-73.59853989387132)
1 (45.292862818891415,-73.65885729315224)
1 (45.26941403180472,-73.34098322028389)
1 (45.35823618079574,-73.52807527925955)
1 (45.57763661171437,-73.73527443658617)
1 (45.25381780402331,-73.63629408370097)
1 (45.687514466872734,-73.70683301772989)
1 (45.65664220836619,-73.35068652611601)
1 (45.450291033509856,-73.69451154298828)
1 (45.61163829456039,-73.56579778972736)
1 (45.35870837151839,-73.7122504132301)
1 (45.31536066949039,-73.71573097567327)
1 (45.66624329388778,-73.74105065779789)
1 (45.60232002731394,-73.35986814301286)
1 (45.534389661369815,-73.37800720017253)
1 (45.365007014289745,-73.47565636757183)
1 (45.351434581958046,-73.45381322998504)
1 (45.498567062452096,-73.5563441026519)
1 (45.35885240782246,-73.34918906412075)
1 (45.711572220090105,-73.56028339462084)
1 (45.354740693669704,-73.49410703277691)
1 (45.68544920078925,-73.69151890747533)
1 (45.51764862215079,-73.52147682682839)
1 (45.596861015603515,-73.40886549594956)
1 (45.30869864579327,-73.2691235844449)
1 (45.43970314393549,-73.46253120099406)
1 (45.465078275001865,-73.28043429912515)
1 (45.39636302346576,-73.64357314206197)
1 (45.29377953058157,-73.64496563902274)
1 (45.711505568086494,-73.30207930371924)
1 (45.31088941890602,-73.4455996401131)
1 (45.61588484755489,-73.5449496223895)
1 (45.748785528103944,-73.73850155778132)
1 (45.33254629154738,-73.36350521411374)
1 (45.5712666856331,-73.38617696923805)
1 (45.57327125258807,-73.26488511310565)
1 (45.39494934528885,-73.6923434896332)
1 (45.69922956148456,-73.28929542420691)
1 (45.61418618621685,-73.65012525160968)
1 (45.37654369711541,-73.58765593521478)
1 (45.566314181208746,-73.71224617501795)
1 (45.60483168842782,-73.5110453434692)
1 (45.254215089201395,-73.32344131116868)
1 (45.43478402840642,-73.42457585145925)
1 (45.46397235725723,-73.521223260463)
1 (45.51944305029154,-73.70393424934045)
1 (45.57683380434938,-73.71143370522712)
1 (45.36309186484362,-73.60280634558492)
1 (45.47674067077412,-73.25967811345987)
1 (45.74152272051415,-73.39375756173368)
1 (45.69735903618996,-73.30878457202535)
1 (45.267943470593536,-73.38387268408042)
1 (45.33585065919725,-73.7358457827064)
1 (45.469893678754794,-73.58956339343597)
1 (45.28454581718537,-73.40019605444644)
1 (45.524280383673975,-73.52243263314945)
1 (45.49623188172537,-73.30584323864146)
1 (45.470006884823576,-73.68994022960737)
1 (45.303946580003306,-73.50841846741092)
1 (45.28065594863995,-73.55084482847234)
1 (45.26196635714216,-73.53762453559723)
1 (45.633302312119774,-73.28600258771675)
1 (45.561105434553255,-73.28145675621342)
1 (45.55376777286302,-73.35008345072353)
1 (45.29849226106053,-73.68813795971506)
1 (45.3534948971543,-73.35912155209373)
1 (45.7496658396591,-73.28575249155509)
1 (45.3987043656602,-73.44254634223726)
1 (45.299134980258984,-73.39798189708245)
1 (45.268613758475894,-73.74644709031482)
1 (45.33446962268462,-73.54713791500575)
1 (45.266233945719236,-73.31730320661212)
1 (45.69854375030377,-73.3828564303574)
1 (45.54262276451176,-73.62226893011918)
1 (45.724725697171685,-73.55635915771505)
1 (45.283463649999526,-73.47333091861343)
1 (45.45061189589747,-73.27610736481064)
1 (45.48545038268441,-73.6182630121052)
1 (45.317326383378976,-73.33096544785522)
1 (45.319197222687826,-73.7412827985055)
1 (45.51345882191681,-73.65165974048018)
1 (45.43525719106392,-73.58067021867247)
1 (45.61538963335236,-73.500361075712)
1 (45.320319309354474,-73.31933859877607)
1 (45.30905193476762,-73.6316375797977)
1 (45.45176903334614,-73.33745445033955)
1 (45.252105151096245,-73.25581712934665)
1 (45.53053448331802,-73.3336822920784)
1 (45.55004658614058,-73.35796681934805)
1 (45.49450394882166,-73.72348677597931)
1 (45.3749626312461,-73.3822398703288)
1 (45.327789133089425,-73.60915433757239)
1 (45.451422103311444,-73.48225825335206)
1 (45.38472104066518,-73.48680255301345)
1 (45.47044022229542,-73.46349244581295)
1 (45.54170439378296,-73.71062540645724)
1 (45.469492158257076,-73.70326738165478)
1 (45.47491940303429,-73.57397848625178)
1 (45.33423125523804,-73.72806708585529)
1 (45.73734804647404,-73.69063843386654)
1 (45.33586744659867,-73.25622801588642)
1 (45.57471525168096,-73.66767639103304)
1 (45.51708747406431,-73.37690440401283)
1 (45.576673847787916,-73.35386585498387)
1 (45.278948991973316,-73.63335662225971)
1 (45.306925240728766,-73.72440058092369)
1 (45.70135683504912,-73.61015684953826)
1 (45.49395603861073,-73.72392887392327)
1 (45.45052997606493,-73.68982404232933)
1 (45.69268434501261,-73.6355157909179)
1 (45.58829402558839,-73.44469314155423)
1 (45.546547468129965,-73.27312567166136)
1 (45.700084435972606,-73.66449181977188)
1 (45.38942621240289,-73.50957238875725)
1 (45.50122178069812,-73.28914047647562)
1 (45.4272892571843,-73.35061549469802)
1 (45.464320799928025,-73.51970962177477)
1 (45.63055417552096,-73.44898595295126)
1 (45.53462118146019,-73.61826150670133)
1 (45.749900224788426,-73.61960530348937)
1 (45.6645784205007,-73.37947089741088)
1 (45.54063110666466,-73.56911789188621)
1 (45.70422903215524,-73.46346290047057)
1 (45.34367419180268,-73.6890860974187)
1 (45.62964532589716,-73.72022359313866)
1 (45.624916197317305,-73.38280404476767)
1 (45.67822041468545,-73.31123238032268)
1 (45.41881323287601,-73.50066560652513)
1 (45.68657518085473,-73.34363270645069)
1 (45.35707675292675,-73.54837824798321)
1 (45.2945546101596,-73.37630104632973)
1 (45.58872504651165,-73.40604434382087)
1 (45.687081629307386,-73.5355916654488)
1 (45.413903170009505,-73.35423755058581)
1 (45.69456246016632,-73.59132801192645)
1 (45.36061262241731,-73.74568177174685)
1 (45.362088222665726,-73.69077932654486)
1 (45.73085523469531,-73.6879961332648)
1 (45.527853309178965,-73.5299040281214)
1 (45.33068414874658,-73.61419961012524)
1 (45.52201189354704,-73.5570595519876)
1 (45.67726781663491,-73.61327462568092)
1 (45.308619611794114,-73.35467114999088)
1 (45.445311558185615,-73.37306903543336)
1 (45.74535830918275,-73.6290201333384)
1 (45.275044145815144,-73.55217193241138)
1 (45.62841749153335,-73.2573551994709)
1 (45.31446553255695,-73.34612866837217)
1 (45.32320700845977,-73.59494806357397)
1 (45.509664720127226,-73.44646619905191)
1 (45.55550107041458,-73.7325080299196)
1 (45.68875539097179,-73.50848032679684)
1 (45.35216464564719,-73.61653786060906)
1 (45.40734004985858,-73.64559190578697)
1 (45.67578906091378,-73.40175619372872)
1 (45.336401692378395,-73.35430925099251)
1 (45.493364308094826,-73.59563002314862)
1 (45.677135298130054,-73.64444003662457)
1 (45.35554144324851,-73.48035332765552)
1 (45.68146992910911,-73.50417580443987)
1 (45.54008916017443,-73.45727636264007)
1 (45.34189501227307,-73.66902806946345)
1 (45.4308245147132,-73.35283266716408)
1 (45.68969332481296,-73.48732549488955)
1 (45.561598406827265,-73.3534290649929)
1 (45.40679592693738,-73.48308668675986)
1 (45.65384239104253,-73.59955689641379)
1 (45.61321280417719,-73.50956418105392)
1 (45.515733892318664,-73.56655046797998)
1 (45.73935625371608,-73.66361015685285)
1 (45.351213101246664,-73.69096205438314)
1 (45.330562382517954,-73.39224528365854)
1 (45.34788517482639,-73.26744032975665)
1 (45.45972915868186,-73.46841720748438)
1 (45.374267367070495,-73.44129240946867)
1 (45.64322801656664,-73.74291602634918)
1 (45.71889155265097,-73.65657751853273)
1 (45.265108995357984,-73.29376924098989)
1 (45.54644819734475,-73.6886231683336)
1 (45.51510807139955,-73.2931694022621)
1 (45.62945881189419,-73.39327298451495)
1 (45.737078095100784,-73.59509286543295)
1 (45.4378894815134,-73.54296792017)
1 (45.36620355287105,-73.71424889547879)
1 (45.333669137866465,-73.59193088827602)
1 (45.3057223508665,-73.51885343097206)
1 (45.42225165672586,-73.41926763372011)
1 (45.65686611521144,-73.59595265689828)
1 (45.5591620755531,-73.53971469823863)
1 (45.669343847099114,-73.36862668356862)
1 (45.59589253219568,-73.44705820135353)
1 (45.62393216823843,-73.6493842941332)
1 (45.676564769058714,-73.66491533632168)
1 (45.59359836565557,-73.40341523650062)
1 (45.26445147559919,-73.72361322461055)
1 (45.65507102306288,-73.56909677007177)
1 (45.585749652207234,-73.66031791249121)
1 (45.63888619559367,-73.3412568190536)
1 (45.32692508619414,-73.25235908393746)
1 (45.41267527780301,-73.36517661814075)
1 (45.71149756317155,-73.540864272549)
1 (45.48982419222281,-73.31617104383194)
1 (45.5123123917937,-73.28335908015664)
1 (45.4436216094307,-73.35081521850599)
1 (45.62614460059666,-73.2899080079352)
1 (45.68562727854987,-73.41149186440352)
1 (45.54890777995749,-73.64766354511039)
1 (45.63622996837294,-73.34591388503478)
1 (45.44179066056287,-73.62335885758003)
1 (45.675227435103096,-73.267632237478)
1 (45.47131976386498,-73.55232278725276)
1 (45.51074950963008,-73.53226994311571)
1 (45.73964793832505,-73.2760134150762)
1 (45.74595846439842,-73.63732806819964)
1 (45.395293670298386,-73.6778597659031)
1 (45.4546991340995,-73.2708903358187)
1 (45.4291073975046,-73.5893689855257)
1 (45.49963449034971,-73.63640835881148)
1 (45.71541645823375,-73.29499934875936)
1 (45.63939094778926,-73.56697990496323)
1 (45.554101390087304,-73.55521747925542)
1 (45.67485037085372,-73.3131382555669)
1 (45.305781714489136,-73.49245102775885)
1 (45.478964739852934,-73.74315100006137)
1 (45.68934058264051,-73.34431617557955)
1 (45.739332181291566,-73.53418205198108)
1 (45.42869295669766,-73.4825420112141)
1 (45.618261515184244,-73.25640151327507)
1 (45.694003204464856,-73.72443229968235)
1 (45.30116590619959,-73.56023286192499)
1 (45.68148344279098,-73.32649747417932)
1 (45.56086426073361,-73.46940801943126)
1 (45.71545491092967,-73.64705826442588)
1 (45.512732359015516,-73.55935594987375)
1 (45.436530509227715,-73.29616497065707)
1 (45.67363414147273,-73.56168098139833)
1 (45.46057716222325,-73.65709440467218)
1 (45.26617656773544,-73.68109261435124)
1 (45.3545426781306,-73.46397974862197)
1 (45.42907010772898,-73.64112894946221)
1 (45.37728249644893,-73.65479611180379)
1 (45.6042397395202,-73.68937135483786)
1 (45.6761974773356,-73.48796796029552)
1 (45.371820180596224,-73.49157849521326)
1 (45.513794608473845,-73.41428229661527)
1 (45.39528179249192,-73.52727330386486)
1 (45.622208403506775,-73.4335845347259)
1 (45.42067237106685,-73.26679687936294)
1 (45.448271512878634,-73.63790198022565)
1 (45.4463228322549,-73.56169885945326)
1 (45.35689875997851,-73.34918271628247)
1 (45.74235360762493,-73.31656427223248)
1 (45.30634974339304,-73.7007558853055)
1 (45.35293140864494,-73.63098222022394)
1 (45.59536081810527,-73.68691196533858)
1 (45.558464505010846,-73.70534241829898)
1 (45.50918798264977,-73.6146699800055)
1 (45.50978794141697,-73.39350084401853)
1 (45.55927832062798,-73.53584131043381)
1 (45.371878352622566,-73.35908654491494)
1 (45.519587914453965,-73.61591779100056)
1 (45.33075126585907,-73.35032664784173)
1 (45.61149037723105,-73.50910485191478)
1 (45.72393227074776,-73.65074760402675)
1 (45.47877071102722,-73.65598830020072)
1 (45.35225641509666,-73.28996580232665)
1 (45.524374968239535,-73.50186636105933)
1 (45.71873875290466,-73.61001136016102)
1 (45.25138710761093,-73.44969651348933)
1 (45.51887198123039,-73.27823409127078)
1 (45.462130132707514,-73.41189987212327)
1 (45.67594571012387,-73.3178216332965)
1 (45.52133927199688,-73.60993328879667)
1 (45.574844855421745,-73.6913145590588)
1 (45.382031060572416,-73.28958309583093)
1 (45.39827311996488,-73.4212342285164)
1 (45.70599254430456,-73.27335152304552)
1 (45.61046078965291,-73.66504447239934)
1 (45.68474103474128,-73.25910057037498)
1 (45.665154347670885,-73.57914854440976)
1 (45.58135520614417,-73.49628548271741)
1 (45.43704862125295,-73.70847838997247)
1 (45.56875452101475,-73.42765335982011)
1 (45.68881046204777,-73.52446379072263)
1 (45.635804388012666,-73.5752001354318)
1 (45.589456524685716,-73.60477417642508)
1 (45.66905046719876,-73.3744722793063)
1 (45.3940853936786,-73.30320663958929)
1 (45.29493626288572,-73.32096744982655)
1 (45.37982829932986,-73.59744898900429)
1 (45.68503387461641,-73.68643140106676)
1 (45.508370313939025,-73.62617716261344)
1 (45.28511860132532,-73.69126635349366)
1 (45.55150774854701,-73.73505192052926)
1 (45.327843893359905,-73.38205885418377)
1 (45.57294518300763,-73.6436599638115)
1 (45.52832386214315,-73.56040352860003)
1 (45.70689945306645,-73.62230032326592)
1 (45.54210644116503,-73.44074161621842)
1 (45.61206567024805,-73.32874733461041)
1 (45.58582092001625,-73.28085153005674)
1 (45.30811394555375,-73.70072660543883)
1 (45.58220956372037,-73.52892136551662)
1 (45.321123629850156,-73.52982146384694)
1 (45.29330357056765,-73.56580147664657)
1 (45.67422536959939,-73.55688237220753)
1 (45.64817962197556,-73.3900781109538)
1 (45.26020908551269,-73.62774230171836)
1 (45.355033925484285,-73.59702692290814)
1 (45.523969931743444,-73.63114690773251)
1 (45.411236416227254,-73.7402985747886)
1 (45.66440198528585,-73.60828821866433)
1 (45.28957878975604,-73.63735593494373)
1 (45.73771300252959,-73.57518666526745)
1 (45.3841053958771,-73.38622616087194)
1 (45.60712185544454,-73.7353961736146)
1 (45.744717271444166,-73.30204814558691)
1 (45.63751330558968,-73.38111286993599)
1 (45.71616508326676,-73.65718936839757)
1 (45.37786343942253,-73.38574835749317)
1 (45.32409754842465,-73.51837378602048)
1 (45.70911201722464,-73.28038386760223)
1 (45.61850782695678,-73.61830557657287)
1 (45.56064637989754,-73.48025211209527)
1 (45.69322107604253,-73.57769142830213)
1 (45.31467509254817,-73.28549931331743)
1 (45.7489920016784,-73.40635701941788)
1 (45.424507190244825,-73.32296001944766)
1 (45.35733235756304,-73.55932140981172)
1 (45.57011693495701,-73.62253301529108)
1 (45.512363788951575,-73.40523587234611)
1 (45.36236159207604,-73.53297712940619)
1 (45.62879229685996,-73.28051181191312)
1 (45.68583342324588,-73.67755109946059)
1 (45.35552665932353,-73.35275531816352)
1 (45.73956531234388,-73.62990203806216)
1 (45.42651332600774,-73.30179381110757)
1 (45.69467249881234,-73.45496280607146)
1 (45.263036738650044,-73.34562339120487)
1 (45.638501532213226,-73.70834881078842)
1 (45.67503442034978,-73.3920232637959)
1 (45.61597046510542,-73.4208502964946)
1 (45.282902004285006,-73.58437662743158)
1 (45.61052298804715,-73.51209662268425)
1 (45.69581421978657,-73.73240557761943)
1 (45.729482034125404,-73.47932471091238)
1 (45.53776371339258,-73.57507022607754)
1 (45.6715770619948,-73.5934138755566)
1 (45.608320126712336,-73.51380048835335)
1 (45.2580323503595,-73.70495522390361)
1 (45.30153790121419,-73.37952175439256)
1 (45.40284173959489,-73.61810386163712)
1 (45.383491834036974,-73.45660379159713)
1 (45.38271900833445,-73.3293179027002)
1 (45.3465953328781,-73.38090509734467)
1 (45.64270073090366,-73.25181860278744)
1 (45.317157135095606,-73.65750283822531)
1 (45.639492305346614,-73.35471137964137)
1 (45.39155779501267,-73.40649172480906)
1 (45.38138583000148,-73.43818805832673)
1 (45.31597833104671,-73.54240272735939)
1 (45.37094172692419,-73.54308612497147)
1 (45.60478903997045,-73.42433599673124)
1 (45.59461463429813,-73.25431117004656)
1 (45.51350720304523,-73.57981993504366)
1 (45.53211691030733,-73.40323420857288)
1 (45.74365843656237,-73.40570144095666)
1 (45.377551761821124,-73.40415605303087)
1 (45.35892683871457,-73.28404048002372)
1 (45.27421110957793,-73.67428644481352)
1 (45.63465538306407,-73.32002486204998)
1 (45.36542160222521,-73.28541584927505)
1 (45.44605821687387,-73.41233922697472)
1 (45.35493541145007,-73.67856377557264)
1 (45.32443276363636,-73.60421519716972)
1 (45.55210095204902,-73.44036733292981)
1 (45.475210022583866,-73.63555747700703)
1 (45.549411632220625,-73.29182980425104)
1 (45.356857448042476,-73.32308395124475)
1 (45.74301933526385,-73.57627906356046)
1 (45.36544936922477,-73.33633545697204)
1 (45.36041226037511,-73.65399129485107)
1 (45.25614593326502,-73.6127040790892)
1 (45.503695467673815,-73.71591598625767)
1 (45.65987197045018,-73.56429682386825)
1 (45.45177535672169,-73.61829354520735)
1 (45.421163451005285,-73.3734942398346)
1 (45.59023773699284,-73.41368733086951)
1 (45.4914495616651,-73.55248190390388)
1 (45.353822668515164,-73.31205754903645)
1 (45.26096439007361,-73.55482524288735)
1 (45.473136944816275,-73.3479846756633)
1 (45.50203299838773,-73.5743265552733)
1 (45.614609081785225,-73.5570057329517)
1 (45.526652406082185,-73.74794559961408)
1 (45.69067940955546,-73.47525711336888)
1 (45.73208882741828,-73.29548362379803)
1 (45.69583138893418,-73.27222318683681)
1 (45.41963816803163,-73.67902305584259)
1 (45.39330857596977,-73.30637031413102)
1 (45.623747761899395,-73.64978374265388)
1 (45.53722472306106,-73.35780135626369)
1 (45.681372954015565,-73.56909890389673)
1 (45.56526318193607,-73.74079644939974)
1 (45.404742956774406,-73.64363245651079)
1 (45.33827456529679,-73.43221086575375)
1 (45.49463623562407,-73.70275210199006)
1 (45.53482026592573,-73.26918173775898)
1 (45.74581637044181,-73.36814048463691)
1 (45.73107263562923,-73.67145051234827)
1 (45.65145527328057,-73.42226992891602)
1 (45.50947086093811,-73.72983860279882)
1 (45.709171202244164,-73.37328398780964)
1 (45.64314468153608,-73.37301930317854)
1 (45.56773500737928,-73.63912211617765)
1 (45.49735689305399,-73.6797092301091)
1 (45.63054867296363,-73.43339179142056)
1 (45.274078247661734,-73.74275828220323)
1 (45.349676174325566,-73.32953529352814)
1 (45.60129700742334,-73.31534744271917)
1 (45.70250713423687,-73.60825632903436)
1 (45.73477872770364,-73.27760918744147)
1 (45.742059980775124,-73.35596472359298)
1 (45.29672973926797,-73.25446582734773)
1 (45.651481695830505,-73.37916529976698)
1 (45.52318165135881,-73.49233665034207)
1 (45.41347726889952,-73.33126006841245)
1 (45.4299019576044,-73.36359479609426)
1 (45.5262025839326,-73.5141508074682)
1 (45.63524939201216,-73.61326095999037)
1 (45.65858046499596,-73.61732212259714)
1 (45.297630921036614,-73.69240068357415)
1 (45.74005013255391,-73.69175291919447)
1 (45.73508047526017,-73.73704818202455)
1 (45.722436292697424,-73.42504741612301)
1 (45.294967832345556,-73.45020962000841)
1 (45.634924781381905,-73.28759451899094)
1 (45.43295946160969,-73.32760450222597)
1 (45.57705748722191,-73.35735755067756)
1 (45.742091145543476,-73.33528411263173)
1 (45.45921003061014,-73.60306428643466)
1 (45.345175758534324,-73.29912169268847)
1 (45.60519154034548,-73.61211004219905)
1 (45.626757791516845,-73.4023991020072)
1 (45.27740652864549,-73.69040474673878)
1 (45.734439256996986,-73.30832062641117)
1 (45.27144473861494,-73.43668773841104)
1 (45.623640356133734,-73.52926461560097)
1 (45.454015544964385,-73.30350216599021)
1 (45.65472103958756,-73.25393962273509)
1 (45.48581942390211,-73.30106352066416)
1 (45.37687834341166,-73.41734156541312)
1 (45.4792495979639,-73.37867528674929)
1 (45.64934729007777,-73.35651453829247)
1 (45.489742779793616,-73.63113717634839)
1 (45.65717171780953,-73.43759782319397)
1 (45.52914888868495,-73.32475967385874)
1 (45.676174469002746,-73.56649749392278)
1 (45.719665173501014,-73.31914149763963)
1 (45.62974478745893,-73.50675132493288)
1 (45.27768112771421,-73.27678460981102)
1 (45.558673948401456,-73.42376110379517)
1 (45.72830622639998,-73.60291421344702)
1 (45.59450858142031,-73.55454714815919)
1 (45.60340333536137,-73.34253938775261)
1 (45.38675416660016,-73.36653506366385)
1 (45.36862664660882,-73.28083280659959)
1 (45.684749823757514,-73.51761535472043)
1 (45.45826331045194,-73.74632590794646)
1 (45.416148432841105,-73.36282199802382)
1 (45.570604134550535,-73.60420911743662)
1 (45.63567466124145,-73.67045651650037)
1 (45.2911193664586,-73.64919436989196)
1 (45.6401966177293,-73.61233944917059)
1 (45.665891249622575,-73.56394040213543)
1 (45.35913523630053,-73.47910186947897)
1 (45.5435560116848,-73.29995905160537)
1 (45.33284866185919,-73.44203478499635)
1 (45.34043355264377,-73.66321398908462)
1 (45.685867265753856,-73.53799481615647)
1 (45.36057398968445,-73.54629097943594)
1 (45.486718224275705,-73.3932200985164)
1 (45.420126035137,-73.64306218301041)
1 (45.26156672812078,-73.52564078507372)
1 (45.28373270308335,-73.61018436443635)
1 (45.6950144292086,-73.37337377537527)
1 (45.31958606443563,-73.5025644893832)
1 (45.70813373436115,-73.48957227548404)
1 (45.31932312033664,-73.40709368689424)
1 (45.65117996940459,-73.6206556570402)
1 (45.609120851946884,-73.5304937603835)
1 (45.28641185247777,-73.64617598787557)
1 (45.399149371126995,-73.56303831621919)
1 (45.56506361762845,-73.60418284473492)
1 (45.279967625131334,-73.44020352494407)
1 (45.421750867703224,-73.25592877526736)
1 (45.37649710386082,-73.65897159622045)
1 (45.41945523701953,-73.35811267321535)
1 (45.41288468562048,-73.57455296631154)
1 (45.578721140669316,-73.50958958047315)
1 (45.32486665823048,-73.60671107062853)
1 (45.615811569117554,-73.62258011923265)
1 (45.580171373843996,-73.52266674631478)
1 (45.59630769801788,-73.73589391171737)
1 (45.53204939079517,-73.43572702849029)
1 (45.683000707705,-73.53953620731241)
1 (45.43619510396214,-73.3653263670255)
1 (45.719912258829645,-73.6162979361156)
1 (45.70712502400931,-73.64508592880657)
1 (45.34789358570853,-73.5265344728046)
1 (45.57650364966262,-73.64078996725017)
1 (45.69149114879061,-73.46731904515221)
1 (45.542958338024754,-73.649845843064)
1 (45.39163043173573,-73.32651228697704)
1 (45.370600773836536,-73.49783756863907)
1 (45.38415736880252,-73.52601964011696)
1 (45.40177317627839,-73.72620059796448)
1 (45.340390497412535,-73.6066139439194)
1 (45.59846316290085,-73.37783841180622)
1 (45.59257495994674,-73.54918118162286)
1 (45.51638206556499,-73.73466965642092)
1 (45.66449298602049,-73.35410231775585)
1 (45.3458771946409,-73.44263746802667)
1 (45.71547356270436,-73.41171528469468)
1 (45.72464943278278,-73.27563042284848)
1 (45.2846574426211,-73.69240606816449)
1 (45.73867316878943,-73.34005788238906)
1 (45.69161171094792,-73.26485871356077)
1 (45.37976654396298,-73.30649002944614)
1 (45.309251755958606,-73.61534922877851)
1 (45.720935518040044,-73.27381628123267)
1 (45.67551645685901,-73.68969921037436)
1 (45.7039164122663,-73.6247933900804)
1 (45.5513557156786,-73.5126099888295)
1 (45.70726690810805,-73.71964777052773)
1 (45.564327975320595,-73.65657905297509)
1 (45.47790669997497,-73.4965643735754)
1 (45.49946842789086,-73.73445564044323)
1 (45.56418444278832,-73.50443753940165)
1 (45.61207687432355,-73.47592304867455)
1 (45.584348708426184,-73.58417707301095)
1 (45.54068771515303,-73.3188005131245)
1 (45.50072608006333,-73.34015595879964)
1 (45.49272255818758,-73.30103813857302)
1 (45.546960737960624,-73.70305388499679)
1 (45.360189435099656,-73.37863378961009)
1 (45.57334531502366,-73.27939392929531)
1 (45.29828069423638,-73.61843115175326)
1 (45.333573721842356,-73.3114874612065)
1 (45.56583510828905,-73.52286403580227)
1 (45.63517244799565,-73.43429558783156)
1 (45.583367902484525,-73.53619185778157)
1 (45.31541752425685,-73.51288324986461)
1 (45.711735711261156,-73.55862740974261)
1 (45.68472028874739,-73.67568497467043)
1 (45.69249180465751,-73.55598795744478)
1 (45.40026568340902,-73.72471959633802)
1 (45.51960003655482,-73.59810631900844)
1 (45.69411265614612,-73.40418373680497)
1 (45.7314146005313,-73.38921921603259)
1 (45.48201713511436,-73.543522258361)
1 (45.72169546450197,-73.5679054654147)
1 (45.6219136694244,-73.36011664419982)
1 (45.66891817007704,-73.25287713695022)
1 (45.4742926792786,-73.71015015975865)
1 (45.57424949266746,-73.4940321544369)
1 (45.44063603024075,-73.31400187217956)
1 (45.68029903703532,-73.45565755505953)
1 (45.32062450486677,-73.45468933133043)
1 (45.71512006519264,-73.3105277151059)
1 (45.634006332670225,-73.35442279280376)
1 (45.468921054569954,-73.45987267046779)
1 (45.4988169120115,-73.3752518813847)
1 (45.664562783415796,-73.31479690406475)
1 (45.74406562638765,-73.36507832913027)
1 (45.427154174702665,-73.47970952590825)
1 (45.66205620785999,-73.3799768440035)
1 (45.39292315551139,-73.2676822103186)
1 (45.67318328880559,-73.6578085369751)
1 (45.62302730746497,-73.55138183213654)
1 (45.68434806754638,-73.59652984811113)
1 (45.50408214161011,-73.5113299082914)
1 (45.57106233829728,-73.60339253140006)
1 (45.72392340422596,-73.38572195449719)
1 (45.50286037041657,-73.52839839209585)
1 (45.70848279078827,-73.35289466768671)
1 (45.261814374651955,-73.47691540391016)
1 (45.59364489406676,-73.68875996135893)
1 (45.2747497321117,-73.61227969313525)
1 (45.384566498334884,-73.33712978010776)
1 (45.29118215595814,-73.60950113955835)
1 (45.42417760393526,-73.5108366183538)
1 (45.49104970165915,-73.70585789969986)
1 (45.65244670576202,-73.40590964329611)
1 (45.29898807629335,-73.31320845188613)
1 (45.38848137713342,-73.55979718814035)
1 (45.31519899691419,-73.41026763266068)
1 (45.50864830002043,-73.31773157412013)
1 (45.54688654224016,-73.42088612393948)
1 (45.42563525637511,-73.28881288609827)
1 (45.538787639467685,-73.50654062484799)
1 (45.69574080633244,-73.5752436768541)
1 (45.556498456727404,-73.65778523895014)
1 (45.394665725363744,-73.44437698206026)
1 (45.672099246879014,-73.66033241331189)
1 (45.60569352307046,-73.48384578945027)
1 (45.43800592370066,-73.43672459462356)
1 (45.45838572239055,-73.63502220104782)
1 (45.3120276525487,-73.424225984517)
1 (45.64078065956563,-73.33941023061979)
1 (45.614285214482734,-73.54360665109611)
1 (45.6835730353869,-73.35630661055691)
1 (45.55494588384716,-73.44190909202797)
1 (45.58086474820962,-73.61816934434746)
1 (45.27065630676858,-73.55508060080086)
1 (45.46881563919453,-73.2826144871733)
1 (45.34710563528657,-73.63352235180997)
1 (45.63088620174406,-73.41681660563448)
1 (45.48532687692791,-73.70514958620389)
1 (45.53635259566298,-73.51131945064596)
1 (45.29014540518782,-73.51647474901853)
1 (45.44738744728823,-73.26586831017123)
1 (45.62060907518645,-73.29251880638782)
1 (45.34923840143843,-73.31985636192348)
1 (45.54428543635506,-73.69102363532605)
1 (45.56789949682368,-73.31433257075619)
1 (45.67998712454659,-73.59548157197183)
1 (45.44015887133654,-73.37124918015026)
1 (45.59678745412094,-73.39491599594595)
1 (45.292019300004625,-73.25873258728348)
1 (45.461113823423744,-73.63613997111386)
1 (45.26322685567097,-73.67864134590712)
1 (45.288257532265035,-73.40638778600447)
1 (45.68800572783697,-73.26453104350021)
1 (45.459814220102096,-73.51075720980951)
1 (45.305085756495295,-73.51437587451782)
1 (45.61437003173969,-73.44981843952174)
1 (45.52372269328229,-73.5030024669713)
1 (45.60517436389735,-73.37803837491505)
1 (45.316649047997984,-73.32417178258544)
1 (45.44559079741944,-73.6333371457611)
1 (45.54575714929609,-73.30160053583788)
1 (45.53079356131752,-73.57213652292154)
1 (45.6518039038439,-73.58194390119444)
1 (45.432477844655764,-73.32267797758183)
1 (45.65554033997172,-73.28086702352056)
1 (45.71227786702095,-73.6821810626997)
1 (45.32440708827292,-73.39581279952587)
1 (45.48913740420332,-73.73058070124745)
1 (45.65630034704771,-73.72592949533903)
1 (45.42605338314868,-73.31512513780197)
1 (45.519901157870144,-73.55085179409012)
1 (45.37241379199302,-73.37603399842212)
1 (45.36967401315176,-73.31563439231988)
1 (45.6095770931052,-73.63370903242082)
1 (45.42287920904923,-73.54911797966608)
1 (45.49939087918576,-73.44265820920451)
1 (45.54580649638094,-73.7073625602845)
1 (45.32802359102326,-73.63633640717278)
1 (45.34692615483327,-73.58251390324877)
1 (45.27078357310268,-73.44052435300824)
1 (45.615766392305055,-73.35057396752269)
1 (45.67752579433966,-73.52066022861939)
1 (45.278064859107225,-73.74902706668874)
1 (45.292797244653386,-73.45070618223568)
1 (45.460104778575285,-73.27712862071506)
1 (45.580047654265876,-73.34767532908008)
1 (45.568135003892806,-73.69789397245745)
1 (45.5150333377693,-73.60686240180888)
1 (45.49238606234596,-73.49143039633249)
1 (45.5499671788232,-73.59811441966976)
1 (45.63943302899564,-73.26423546981357)
1 (45.427019264101716,-73.34314572382257)
1 (45.481518959614405,-73.458440823253)
1 (45.63744769754447,-73.58794442233555)
1 (45.68694114251027,-73.52871061126807)
1 (45.58094060615004,-73.3127357152942)
1 (45.66171560962139,-73.5626095375497)
1 (45.378675589379725,-73.5847600444087)
1 (45.4894735887959,-73.61273557173207)
1 (45.333153936970845,-73.25629232061765)
1 (45.30390701558132,-73.28576841911293)
1 (45.70804267485433,-73.3418714204673)
1 (45.566068272991295,-73.39481460555193)
1 (45.3220582088528,-73.47462684160702)
1 (45.54744287076406,-73.72703620184072)
1 (45.412351199718756,-73.6418827636527)
1 (45.538951850450566,-73.70853006692758)
1 (45.324902963228524,-73.43488742437506)
1 (45.415903979823966,-73.46278047392875)
1 (45.33211971172131,-73.31655882515834)
1 (45.68940644349829,-73.45773808521356)
1 (45.261111384989086,-73.41455577260272)
1 (45.56585530832106,-73.61968387116947)
1 (45.64006791793084,-73.58477607050575)
1 (45.31786614231444,-73.45951705098395)
1 (45.73469641249407,-73.46255196135581)
1 (45.44236784425283,-73.40896148782522)
1 (45.65185852249187,-73.42535543465688)
1 (45.6445712549071,-73.70041559749282)
1 (45.63334798232207,-73.3317444249078)
1 (45.64013743492667,-73.74477617759962)
1 (45.74917438183368,-73.57657361300602)
1 (45.612108660423964,-73.56654703597135)
1 (45.42676951202134,-73.41216167607493)
1 (45.39402858555132,-73.44489884750332)
1 (45.62020894368837,-73.62914960501422)
1 (45.57616619723292,-73.48307708958026)
1 (45.431841830290494,-73.56920294600704)
1 (45.74787150581153,-73.38666036125919)
1 (45.647648102048265,-73.55450353085955)
1 (45.4958293096375,-73.2736518434807)
1 (45.4371925647167,-73.6661443950721)
1 (45.57534038707935,-73.36624221092194)
1 (45.3992216914628,-73.38508452354736)
1 (45.35974807464739,-73.42531269996316)
1 (45.70474920767729,-73.42523788633768)
1 (45.251741192800814,-73.28435254728055)
1 (45.30090267457412,-73.63856456411752)
1 (45.70950271718577,-73.31944534922928)
1 (45.490853956213705,-73.65669913992556)
1 (45.40053689628262,-73.65633469419097)
1 (45.69783212335701,-73.45269522257986)
1 (45.74649564202134,-73.36430944418377)
1 (45.354518408648154,-73.25988222621463)
1 (45.263438474494734,-73.3197548677923)
1 (45.633048208149816,-73.2726240641817)
1 (45.6336983925554,-73.33969609786442)
1 (45.64539633668628,-73.27593710813548)
1 (45.367889655443356,-73.58751599851145)
1 (45.2990972018097,-73.30746762775904)
1 (45.7285812555528,-73.63925980618578)
1 (45.68905250029242,-73.64624732091653)
1 (45.290773604795596,-73.46954458170042)
1 (45.74260476895837,-73.34793794811692)
1 (45.60855400017797,-73.471071866196)
1 (45.312105884268064,-73.70594452560222)
1 (45.44216966479435,-73.46109737657996)
1 (45.52688552157444,-73.41181932429987)
1 (45.37524569766788,-73.45194214956705)
1 (45.47482514873157,-73.31679675275711)
1 (45.41798824546306,-73.27073491286158)
1 (45.68266905501925,-73.5590924062802)
1 (45.34895171884748,-73.40605598486826)
1 (45.40375472830904,-73.41876744147993)
1 (45.59531203701805,-73.73600850178704)
1 (45.40202054633516,-73.59350228329926)
1 (45.389576179919665,-73.55347310147589)
1 (45.7419495622242,-73.65454191505289)
1 (45.26927166211482,-73.54990787114447)
1 (45.555534110276845,-73.7423675979601)
1 (45.70539779589977,-73.64903560846042)
1 (45.35939648404067,-73.59631828286632)
1 (45.25528381391122,-73.29611613217658)
1 (45.73787689433142,-73.2814274698898)
1 (45.635987393500024,-73.50723166700668)
1 (45.59120065185031,-73.4791596446371)
1 (45.50548013640964,-73.66611892599371)
1 (45.67176223112276,-73.44652314503651)
1 (45.520605150867446,-73.72356189303817)
1 (45.296114880023154,-73.72020438912071)
1 (45.413154866984186,-73.606214803859)
1 (45.42542978847769,-73.34891126245246)
1 (45.38840570049662,-73.27795534604124)
1 (45.25299018253207,-73.37803160862168)
1 (45.60405941187333,-73.51747351387019)
1 (45.52371095731807,-73.48600553914471)
1 (45.33177918879785,-73.58078193586955)
1 (45.53772556405628,-73.58147834327106)
1 (45.638371960225534,-73.50668922232781)
1 (45.65775759274536,-73.31434382817424)
1 (45.5491564919721,-73.39700808489779)
1 (45.648295171436345,-73.33220564284808)
1 (45.67217031865428,-73.56137546524931)
1 (45.32351217339286,-73.72657741391515)
1 (45.66860664069491,-73.4590426970975)
1 (45.27043100932309,-73.46031025324704)
1 (45.25223593405435,-73.39684868323003)
1 (45.343997535390436,-73.64927932456624)
1 (45.588554627183846,-73.45382005161163)
1 (45.70153930651593,-73.3872788892895)
1 (45.54301749897717,-73.59844731764962)
1 (45.355504383852825,-73.35336869346453)
1 (45.696947628525095,-73.44466675808253)
1 (45.57542855429367,-73.72558183765267)
1 (45.409581954580375,-73.55693323574346)
1 (45.46275451099339,-73.44394793811728)
1 (45.45519799492239,-73.66349938758451)
1 (45.65542758263028,-73.61920288514197)
1 (45.40538128917442,-73.5701224215594)
1 (45.39311810631375,-73.37134962086378)
1 (45.45823076479784,-73.48389993504225)
1 (45.58847154286165,-73.60440240921083)
1 (45.338663010711564,-73.35879180835259)
1 (45.60496302464127,-73.68018992772178)
1 (45.706964260298555,-73.26061571581042)
1 (45.637734032310746,-73.64501045831751)
1 (45.71635268006413,-73.61990905160314)
1 (45.43021434158542,-73.58822562560451)
1 (45.45455144690784,-73.59603079641619)
1 (45.53638359824088,-73.37154678195674)
1 (45.48923639461315,-73.61523221879236)
1 (45.45620222237249,-73.36181137113297)
1 (45.612710644242284,-73.4691556403713)
1 (45.73004249529131,-73.42846458207656)
1 (45.64727146370806,-73.6683262435507)
1 (45.4768762063869,-73.32975416044926)
1 (45.32947323820583,-73.53768204297815)
1 (45.40052607160069,-73.70881497179515)
1 (45.33885342256353,-73.31804296012606)
1 (45.468464115917946,-73.25236196089352)
1 (45.474676925703065,-73.29865003231153)
1 (45.28844068384962,-73.63062897645803)
1 (45.31286741381264,-73.25151164401663)
1 (45.66965368026423,-73.63748327297206)
1 (45.3945323767759,-73.66827376187148)
1 (45.45721852760368,-73.4843138431582)
1 (45.6073521838652,-73.51468696784868)
1 (45.471374901155464,-73.47033451074236)
1 (45.421591484012694,-73.41647322482581)
1 (45.26616720495702,-73.25536075080485)
1 (45.53360468231232,-73.37350113815671)
1 (45.44626150023826,-73.69891216138407)
1 (45.25144543799671,-73.26665858064464)
1 (45.44511242703386,-73.70166057137882)
1 (45.62955352270186,-73.57366722272893)
1 (45.472869344200575,-73.6917864667954)
1 (45.422480526696674,-73.34631411403518)
1 (45.288211803733134,-73.33972475583438)
1 (45.38122928920061,-73.62218041554864)
1 (45.53473014730314,-73.26007359915988)
1 (45.26002008755623,-73.54892861325366)
1 (45.6095179133826,-73.36910802136238)
1 (45.636160025698885,-73.58856421546749)
1 (45.399318425123525,-73.71038321115863)
1 (45.27118040215144,-73.74281904241666)
1 (45.727868742523384,-73.43932993955129)
1 (45.25751972423531,-73.298908343872)
1 (45.507009980655,-73.27053815768436)
1 (45.601768965898614,-73.63739442527378)
1 (45.37368369221671,-73.53859202393028)
1 (45.69285825733103,-73.67074526944576)
1 (45.52510993754382,-73.60486330326007)
1 (45.29155305306674,-73.49240670703018)
1 (45.53524320756595,-73.65858750211228)
1 (45.25624067169375,-73.31181228822344)
1 (45.64702847122191,-73.51084037965663)
1 (45.68922673763051,-73.73073571657237)
1 (45.38703011136196,-73.26470041199968)
1 (45.54762400103364,-73.38074583704935)
1 (45.34168238310393,-73.26392555831761)
1 (45.513404614318546,-73.39025476099218)
1 (45.56771094813917,-73.47589095022529)
1 (45.55829986190345,-73.58275526058257)
1 (45.38320061272619,-73.45232683247094)
1 (45.67097017550184,-73.72532401574057)
1 (45.700335251912314,-73.73356408109503)
1 (45.6362307183587,-73.54832252742237)
1 (45.616011851622886,-73.518537966668)
1 (45.56910709945295,-73.64345843974661)
1 (45.67233099545256,-73.61371804735788)
1 (45.610108120328505,-73.71797499256132)
1 (45.53539237244353,-73.59942591863964)
1 (45.282341476401314,-73.53771712923883)
1 (45.317874279659236,-73.31166984694849)
1 (45.49596105853781,-73.7311781077964)
1 (45.38855212162318,-73.63166857689173)
1 (45.56092323164066,-73.45036098489058)
1 (45.270211472457135,-73.70365455172153)
1 (45.3351423869692,-73.69239477124894)
1 (45.62633735674728,-73.56433974500675)
1 (45.29187464917927,-73.37832556504846)
1 (45.37651179244556,-73.26459514861833)
1 (45.33752160099126,-73.5623583852618)
1 (45.66062780614222,-73.39543818999667)
1 (45.64903441537655,-73.40605598103883)
1 (45.69282860260866,-73.49634000652733)
1 (45.62871202272446,-73.29760632500025)
1 (45.507506553602404,-73.62415771175101)
1 (45.29342501527604,-73.7262507706417)
1 (45.701747398137115,-73.39566470515855)
1 (45.52516056628764,-73.73632087584934)
1 (45.521280733818244,-73.5856949428918)
1 (45.6102718004957,-73.48406153494625)
1 (45.520298779747925,-73.36633517645646)
1 (45.38592813077079,-73.60352438291251)
1 (45.549431207888354,-73.51039204097019)
1 (45.59400181843046,-73.25529527840257)
1 (45.4907143555741,-73.35452897310272)
1 (45.71498881220353,-73.3836754583622)
1 (45.4635693082056,-73.524010769975)
1 (45.617550464582834,-73.34416633786692)
1 (45.67160381458217,-73.36191156620436)
1 (45.31287606059611,-73.68371331404799)
1 (45.646478803473826,-73.68093521131915)
1 (45.44730408875493,-73.46114468026735)
1 (45.372131326931004,-73.3656645574992)
1 (45.40150383548671,-73.58459681551827)
1 (45.64032114706792,-73.49709972420851)
1 (45.49000679200621,-73.71644761487471)
1 (45.49676924228354,-73.54976267464679)
1 (45.27099100155579,-73.35438546269683)
1 (45.2860822377251,-73.32443916831672)
1 (45.38295942217563,-73.73972155451935)
1 (45.59320736441957,-73.62679640885943)
1 (45.62231696931244,-73.27090880023817)
1 (45.309338707351266,-73.28365820611079)
1 (45.663838896839295,-73.61146097232151)
1 (45.62099582904045,-73.40463718206794)
1 (45.40463675163301,-73.67707148887973)
1 (45.43242198355695,-73.34711653756361)
1 (45.381466081294384,-73.66671119945158)
1 (45.58349982958637,-73.62724195130579)
1 (45.57108366094909,-73.26684064139779)
1 (45.71805813053052,-73.5386270447855)
1 (45.633850197703325,-73.60660206520184)
1 (45.290744132275364,-73.49389401457132)
1 (45.30188753846847,-73.47496248684745)
1 (45.47456159292884,-73.59196359872814)
1 (45.64483807122039,-73.72825924467796)
1 (45.64572565871216,-73.63617707858894)
1 (45.368636915314525,-73.71845507472639)
1 (45.67766117794387,-73.28487546451515)
1 (45.615696118453975,-73.45864014030334)
1 (45.47177223746375,-73.70697926704705)
1 (45.43851301559434,-73.61292405666599)
1 (45.489036068674345,-73.54040520283839)
1 (45.71295346231785,-73.25284120342278)
1 (45.52352556825638,-73.61082405150248)
1 (45.74232384109349,-73.66174829081739)
1 (45.576640297093576,-73.2623068884907)
1 (45.67883397059134,-73.29242354827528)
1 (45.44912663057592,-73.2798250033218)
1 (45.6551664003446,-73.29118221340326)
1 (45.56689357777575,-73.74636153974883)
1 (45.67560575497852,-73.29430381305173)
1 (45.596181524447125,-73.2745611663094)
1 (45.36354529569067,-73.4794218306368)
1 (45.58381680028659,-73.38438668771043)
1 (45.600175827403525,-73.6157570122735)
1 (45.67908609810828,-73.36416994466767)
1 (45.41777566776029,-73.60268116744498)
1 (45.455190159631954,-73.25273680421036)
1 (45.73025839445278,-73.71607833893306)
1 (45.450287205070275,-73.61495442887406)
1 (45.59349871470106,-73.49632621618761)
1 (45.29081218169201,-73.55209172976188)
1 (45.68844465433935,-73.41045082082015)
1 (45.643058904298606,-73.39180199824057)
1 (45.61113792342409,-73.60411297221451)
1 (45.26293763421039,-73.74032968231211)
1 (45.33550240966196,-73.72656562928724)
1 (45.57837172540405,-73.5517110519601)
1 (45.38712402531484,-73.46357667768362)
1 (45.54397256909013,-73.57528188767427)
1 (45.32923349816989,-73.54954193370183)
1 (45.453432951227256,-73.48372274838341)
1 (45.61571693659788,-73.65061908027468)
1 (45.4815045573463,-73.65916576632908)
1 (45.71021720951972,-73.61569321532323)
1 (45.45447636380341,-73.52455475706806)
1 (45.60525269953606,-73.68134051902163)
1 (45.71574625443372,-73.45149331885156)
1 (45.50076783552162,-73.29068688542277)
1 (45.4613791415965,-73.6542336611991)
1 (45.417643666025164,-73.74416376683362)
1 (45.56947039082727,-73.5922518495464)
1 (45.428434436179494,-73.44264411765978)
1 (45.7366845141769,-73.25102309315409)
1 (45.484959898786464,-73.51029654251012)
1 (45.665514418705484,-73.25215371152672)
1 (45.51037098764891,-73.59572664639992)
1 (45.61660785850637,-73.55994435629619)
1 (45.50192006524575,-73.64557941692921)
1 (45.35193274942738,-73.60175204518099)
1 (45.35990499069216,-73.42475763097805)
1 (45.34660469026744,-73.40418650773431)
1 (45.51811981047719,-73.52176622365509)
1 (45.63987492813724,-73.36621936090117)
1 (45.7016327243805,-73.52642326681175)
1 (45.32907852869922,-73.54370261415629)
1 (45.27882589547646,-73.50028364276434)
1 (45.48426772861617,-73.30758581508229)
1 (45.706369204996754,-73.27760200122378)
1 (45.67580670467148,-73.46028933056218)
1 (45.48816403871266,-73.53651686324596)
1 (45.36237928002171,-73.35123411594792)
1 (45.38228098645938,-73.46636848563973)
1 (45.5826623996584,-73.72344631656365)
1 (45.29352875839943,-73.7276683690292)
1 (45.73034347313001,-73.44844787468453)
1 (45.38353005221093,-73.25621882772111)
1 (45.66921091456322,-73.46631268105472)
1 (45.41504319441293,-73.3022364969492)
1 (45.562722642237844,-73.64181025275738)
1 (45.72275667039673,-73.41906417451752)
1 (45.55075831821933,-73.37597721951397)
1 (45.46889716631881,-73.42416075582491)
1 (45.30518674426193,-73.67524994813336)
1 (45.49872960756257,-73.64753954410044)
1 (45.53543066450905,-73.47745918398378)
1 (45.65839150231537,-73.55968081200439)
1 (45.69538707962165,-73.36553112168939)
1 (45.37549162112632,-73.6321746350141)
1 (45.463861767738024,-73.36565670388892)
1 (45.63151678752149,-73.52995592566118)
1 (45.532102720563195,-73.32698442946624)
1 (45.67432850291767,-73.46397363158844)
1 (45.33406781833871,-73.41455957166325)
1 (45.428894666999405,-73.74749182142786)
1 (45.59773782934701,-73.51627579557376)
1 (45.564889679722356,-73.29795079032927)
1 (45.479086876969774,-73.36802325430175)
1 (45.57090981841326,-73.50942169941902)
1 (45.56424784196686,-73.43900993122028)
1 (45.466788602147155,-73.58816874719942)
1 (45.68996137634792,-73.59140119125864)
1 (45.45786074088945,-73.59568850061551)
1 (45.337572785503845,-73.7349654917169)
1 (45.39801093146713,-73.57982629747835)
1 (45.30164174710996,-73.63833194551088)
1 (45.381957456353206,-73.29517507678256)
1 (45.42065581281731,-73.7337586273351)
1 (45.63145875949677,-73.61894274820159)
1 (45.384389315668294,-73.66197839859291)
1 (45.574994228929185,-73.35782926340947)
1 (45.5001250103344,-73.44773192045128)
1 (45.64595897172931,-73.71518543467988)
1 (45.30825668348974,-73.57501567190594)
1 (45.34052552161519,-73.74583068838304)
1 (45.58671673027811,-73.34386555053815)
1 (45.48306371683963,-73.66838755697887)
1 (45.573223448913474,-73.73766473041462)
1 (45.44437320268451,-73.4318462590028)
1 (45.66451844721644,-73.61150749689774)
1 (45.74597142434607,-73.44430296138671)
1 (45.422565752884445,-73.32806842926503)
1 (45.562293180047675,-73.3674210594674)
1 (45.429109364195284,-73.51771975853111)
1 (45.601896113734135,-73.36014494451938)
1 (45.38203746873954,-73.4243070972728)
1 (45.708629636216806,-73.61955167222105)
1 (45.31967676461259,-73.31703739731464)
1 (45.274213477815834,-73.51545579822343)
1 (45.49244134233444,-73.70235027997981)
1 (45.69478482231112,-73.5484887707729)
1 (45.675186472931905,-73.55743732054822)
1 (45.63571160656218,-73.27885411704645)
1 (45.62816812989103,-73.5292417176013)
1 (45.29133281098944,-73.27481576268526)
1 (45.46968523040323,-73.49931358296762)
1 (45.63927460693971,-73.5162065901603)
1 (45.41928188711647,-73.60581431094738)
1 (45.39260501401146,-73.55885051288283)
1 (45.70681336751569,-73.73925626212258)
1 (45.447327197330374,-73.62077128088109)
1 (45.41972951285311,-73.68823201280503)
1 (45.60757586803879,-73.5904168924508)
1 (45.67860582149376,-73.50543057172868)
1 (45.74636840913093,-73.28085916409941)
1 (45.289252704535606,-73.29265546119429)
1 (45.32587663221347,-73.5620330228872)
1 (45.418659504307364,-73.46635327061988)
1 (45.35792256724335,-73.29556095084232)
1 (45.38158041753871,-73.66232834041358)
1 (45.43276550368433,-73.27356332232985)
1 (45.30474540105823,-73.2698631548444)
1 (45.382235536766196,-73.62408583989485)
1 (45.25647995961479,-73.65138117825465)
1 (45.47188213245483,-73.39138080276578)
1 (45.39094323657497,-73.40408241858457)
1 (45.73604459758834,-73.72925930393407)
1 (45.258244898186526,-73.55464962118117)
1 (45.67961472309623,-73.36008698178864)
1 (45.67437703419978,-73.34716603279655)
1 (45.57074978890842,-73.65072662833452)
1 (45.428197788759014,-73.28780395173095)
1 (45.43990781587558,-73.33983584673582)
1 (45.626629676545406,-73.34763564040304)
1 (45.682315051854054,-73.6184091946137)
1 (45.643785965546826,-73.69708678935291)
1 (45.333338804457284,-73.41730906713298)
1 (45.444914415951025,-73.55209522496862)
1 (45.64922729162076,-73.39176029000681)
1 (45.501848488261864,-73.65295577991708)
1 (45.57929142056336,-73.71338914287175)
1 (45.603081753614795,-73.57212511502044)
1 (45.55984131105043,-73.3853672973034)
1 (45.58863231106886,-73.4569282262845)
1 (45.29505430608119,-73.38557746425687)
1 (45.407539460042955,-73.45715141330592)
1 (45.31543890470736,-73.51644731093094)
1 (45.40413587568791,-73.46592446145004)
1 (45.62067266831058,-73.39820410173307)
1 (45.38816427127736,-73.41508758823902)
1 (45.620330262811976,-73.58478285087853)
1 (45.33335824307958,-73.7134069427222)
1 (45.383381299026325,-73.30847617849348)
1 (45.47928294785961,-73.49754517899076)
1 (45.39532558293486,-73.37064467201701)
1 (45.68203177570213,-73.68161176786974)
1 (45.60044700147693,-73.69141184122059)
1 (45.5708012049166,-73.34141048186086)
1 (45.475905325658495,-73.51124849314596)
1 (45.41941671201917,-73.25416972208471)
1 (45.74424858306116,-73.70170649217144)
1 (45.63455836796374,-73.43358405390204)
1 (45.581416978581856,-73.59129258744392)
1 (45.39573555956572,-73.25341348591101)
1 (45.318422468978824,-73.64557836118807)
1 (45.2559860504691,-73.740679927511)
1 (45.66662659723704,-73.25812292081693)
1 (45.42682547316205,-73.34166810926277)
1 (45.41890219518043,-73.31064011437248)
1 (45.52614886051167,-73.42048148744165)
1 (45.3919531996347,-73.5470730443174)
1 (45.263586913387265,-73.44082138540712)
1 (45.57867971297733,-73.67684355938086)
1 (45.37424534689534,-73.7069506767118)
1 (45.57371411536942,-73.47752528929239)
1 (45.588806375647636,-73.69947127101364)
1 (45.320116886571874,-73.50654412544966)
1 (45.545647262832155,-73.43558771010156)
1 (45.600709563442145,-73.3552402888943)
1 (45.30893168239198,-73.41194696751867)
1 (45.4636350450884,-73.68673215203134)
1 (45.55555527932552,-73.55093784623081)
1 (45.42847425798227,-73.59150171361435)
1 (45.533377721941356,-73.66850074657695)
1 (45.36661085488072,-73.57147781688926)
1 (45.57334929714737,-73.31304240063918)
1 (45.38752460287392,-73.72462308428454)
1 (45.25894081728634,-73.39096720562912)
1 (45.39130671269839,-73.44763647303402)
1 (45.31771145601235,-73.29463058438346)
1 (45.666929218589644,-73.70436344962533)
1 (45.40189988771582,-73.28318705498413)
1 (45.5256634970788,-73.62186147494495)
1 (45.66759991906251,-73.63584930959787)
1 (45.459531142443886,-73.37479895942302)
1 (45.44538248604788,-73.60049205166447)
1 (45.705784232450306,-73.50197113307412)
1 (45.319151758508255,-73.3983276024113)
1 (45.3801497249663,-73.46619704218307)
1 (45.59457388550243,-73.51754818513864)
1 (45.513936335675076,-73.42071691805461)
1 (45.443592711340024,-73.73537268643585)
1 (45.393090463024365,-73.2814402295189)
1 (45.457347280359755,-73.7488538605739)
1 (45.55090092128589,-73.32499954243463)
1 (45.42623235074848,-73.47009453740839)
1 (45.61029072161488,-73.63754633984794)
1 (45.39289322601599,-73.45118996494159)
1 (45.406497099641236,-73.32858000783165)
1 (45.3916224533436,-73.54825566300026)
1 (45.44642966318495,-73.49783200032444)
1 (45.295926557668125,-73.31231873669674)
1 (45.27710947230662,-73.5013323459108)
1 (45.34495683586428,-73.70764326227948)
1 (45.74233033267662,-73.60526637976824)
1 (45.70904876050274,-73.6052283057376)
1 (45.404046881821145,-73.64308498834494)
1 (45.38479083262428,-73.58076038100484)
1 (45.59298212402363,-73.30256194388123)
1 (45.28084395239009,-73.36221970143275)
1 (45.63156066113537,-73.6650976841504)
1 (45.56715845269282,-73.32263301979572)
1 (45.74151181843827,-73.5995491464885)
1 (45.71228675370609,-73.69813333325648)
1 (45.50835039890131,-73.57722070956615)
1 (45.626165272571754,-73.7305301578093)
1 (45.52543105886367,-73.42338199103065)
1 (45.459039910985865,-73.687011708293)
1 (45.481385290812085,-73.45378339690353)
1 (45.3811354796218,-73.6973934291765)
1 (45.48648875267795,-73.3621211786041)
1 (45.58222002726275,-73.57149532682004)
1 (45.355869484327364,-73.62625873125978)
1 (45.28539080535021,-73.71577341110343)
1 (45.38045621859688,-73.58724191461114)
1 (45.26520944088482,-73.45924860591398)
1 (45.32017911072792,-73.72575101544543)
1 (45.69673976008708,-73.52406940617566)
1 (45.448173312816465,-73.51561309404238)
1 (45.63909225921084,-73.53571266425402)
1 (45.45959957202288,-73.57335331849124)
1 (45.57475519500981,-73.36186951013416)
1 (45.43418374894795,-73.6464947921666)
1 (45.68429295778164,-73.69748194100158)
1 (45.307690907038165,-73.29142171926054)
1 (45.434918278942966,-73.67618793334209)
1 (45.46428758974192,-73.38410099299234)
1 (45.600995353928276,-73.38560147075698)
1 (45.609109420504794,-73.3838132281706)
1 (45.51470710588271,-73.49539643799142)
1 (45.518339121428596,-73.53127429973716)
1 (45.66592027228065,-73.27308162728202)
1 (45.59271382043335,-73.40813408189953)
1 (45.73170794989243,-73.56264669163076)
1 (45.35961819670426,-73.51481966770211)
1 (45.718039997985535,-73.33592732562843)
1 (45.67878385760346,-73.73804552877543)
1 (45.63882741684659,-73.69558045494276)
1 (45.40710322366351,-73.27804389261156)
1 (45.54080762275596,-73.7119784916356)
1 (45.6691796416741,-73.28867377364712)
1 (45.70668348359221,-73.71412457944092)
1 (45.66197384572904,-73.65104777933193)
1 (45.53347934603332,-73.62685868785492)
1 (45.59426976557933,-73.45317112170237)
1 (45.38825365537858,-73.65316747596927)
1 (45.424671538307294,-73.38431790656882)
1 (45.689107981670446,-73.54132873094076)
1 (45.515456327033526,-73.3734750533627)
1 (45.54585836250984,-73.35191414515879)
1 (45.6638461485954,-73.4061648193234)
1 (45.52178572124125,-73.5493422901486)
1 (45.70712506449248,-73.54331225109429)
1 (45.44555757747657,-73.38671647915258)
1 (45.523516526036545,-73.7395545013782)
1 (45.71071430380232,-73.43110018649632)
1 (45.26684858091035,-73.61649424693412)
1 (45.649039015664805,-73.68917583262174)
1 (45.57977348219073,-73.3888800452745)
1 (45.35368063203599,-73.64040039340473)
1 (45.32767093596883,-73.66855184940658)
1 (45.25807583011816,-73.56631465806538)
1 (45.58335300772607,-73.38222044283191)
1 (45.347516100084576,-73.38058054405539)
1 (45.67130162109671,-73.53475496275036)
1 (45.59163203306639,-73.71461411773508)
1 (45.549408041176676,-73.52963320133105)
1 (45.538117699082186,-73.29834986059994)
1 (45.666047097373266,-73.7225647820422)
1 (45.50069378193866,-73.69471454540846)
1 (45.680806817755446,-73.33302785369601)
1 (45.40760893845099,-73.69980735888778)
1 (45.57830801866723,-73.27156530868828)
1 (45.65090455768393,-73.70857556976912)
1 (45.7362859624824,-73.3581671385782)
1 (45.69121887621124,-73.56794318051644)
1 (45.43147021952181,-73.30892089792334)
1 (45.72808245879844,-73.39589294770651)
1 (45.579786456499725,-73.25434272123772)
1 (45.44145722559134,-73.53592002135535)
1 (45.711017683269844,-73.4234068982725)
1 (45.64669774691607,-73.74156869950069)
1 (45.27230056260335,-73.48227236150917)
1 (45.68216373060441,-73.34543134816002)
1 (45.33969549165836,-73.35606005363782)
1 (45.46638861776711,-73.5610317916458)
1 (45.69255790964231,-73.68576539602262)
1 (45.42001002002146,-73.69443354006538)
1 (45.47155100499435,-73.38049578384357)
1 (45.34659349354878,-73.40520579163957)
1 (45.29787876593669,-73.5177033850873)
1 (45.40603183065921,-73.25354855344285)
1 (45.2786813001681,-73.62093895097262)
1 (45.494377903645194,-73.60192084107513)
1 (45.26152267528826,-73.60588287709064)
1 (45.66477002175425,-73.50543420593202)
1 (45.52951504478513,-73.43101524595426)
1 (45.68553406720085,-73.52556647194537)
1 (45.34786062357035,-73.71926701043463)
1 (45.43359825271488,-73.43641883831872)
1 (45.3824569725991,-73.33134985116457)
1 (45.564031218408516,-73.56178227349476)
1 (45.51169876418471,-73.57019302134661)
1 (45.27981563053857,-73.48469719302528)
1 (45.44372291868446,-73.37902043526866)
1 (45.54989504506038,-73.60898331078329)
1 (45.33308192625126,-73.56308239621258)
1 (45.28808230721977,-73.52438458453491)
1 (45.26319377698163,-73.71691117704401)
1 (45.31059406888193,-73.3335171272086)
1 (45.52390493754395,-73.6752005914838)
1 (45.33577624030364,-73.53972594347039)
1 (45.56711629022469,-73.42601490794203)
1 (45.37601131212038,-73.27024918372217)
1 (45.36765998976361,-73.53001316038798)
1 (45.59884926454855,-73.51875687297908)
1 (45.65147891940039,-73.67873000679678)
1 (45.602079246545074,-73.73537366756884)
1 (45.57864805208418,-73.59868524302304)
1 (45.55576049041257,-73.47071345933237)
1 (45.484890944892314,-73.56619909546004)
1 (45.31315620914438,-73.39324651955974)
1 (45.69198254938739,-73.34027120318545)
1 (45.38206528536018,-73.34648771834597)
1 (45.69479273725991,-73.34773640346506)
1 (45.578222418512155,-73.69403755682886)
1 (45.72071345640835,-73.46614131263203)
1 (45.2532378127262,-73.51642556481568)
1 (45.73582558449956,-73.74539052639761)
1 (45.70097369797704,-73.27399851400637)
1 (45.44139976716237,-73.38919244121566)
1 (45.698305447463206,-73.33476419775104)
1 (45.6641889802097,-73.28168965096779)
1 (45.62889099103921,-73.28514398779194)
1 (45.29445865851338,-73.29338949340618)
1 (45.27187297272881,-73.69500582957966)
1 (45.56681363657267,-73.5336159975383)
1 (45.611363845948134,-73.49614208178461)
1 (45.5106193705841,-73.63418453101085)
1 (45.437114887814936,-73.35552443976287)
1 (45.31917824950978,-73.55085634821161)
1 (45.56194602576645,-73.38121159871646)
1 (45.69980994032947,-73.25536046789165)
1 (45.677313817057275,-73.68970264118319)
1 (45.47059824639483,-73.56137565337559)
1 (45.70482124566513,-73.2888227818376)