300 300
101 (45.5,-73.5)
1 (45.48738176776448,-73.29109555860492)
1 (45.31758448443756,-73.46655186395517)
1 (45.39907572880428,-73.40805806362884)
1 (45.29898678276797,-73.5138866855775)
1 (45.725783438385214,-73.4885598813203)
1 (45.61717166733512,-73.52443900141351)
1 (45.433327685909184,-73.74686300616936)
1 (45.51449382073704,-73.3276825725018)
1 (45.33561615485395,-73.43550881455924)
1 (45.3388769585942,-73.29940669298031)
1 (45.60755745742228,-73.58047125884616)
1 (45.454330160908015,-73.49177046801984)
1 (45.28431328662173,-73.63025378806663)
1 (45.491323783611186,-73.53782779928379)
1 (45.2958523696999,-73.5259949076903)
1 (45.60928131925841,-73.26703143813599)
1 (45.74250974605898,-73.49212759761625)
1 (45.48299439521825,-73.56539208302557)
1 (45.66461856015145,-73.62399334233156)
1 (45.40494409339217,-73.34551182964054)
1 (45.49726954294705,-73.61004202159262)
1 (45.71631225450067,-73.55762881807038)
1 (45.729866809200644,-73.67185441630528)
1 (45.740892480124266,-73.47310344104152)
1 (45.509386836486996,-73.53520431189749)
1 (45.498161131337014,-73.50644378336713)
1 (45.53611079892464,-73.4597330319175)
1 (45.714444496432826,-73.61101157338086)
1 (45.601088572718076,-73.55353944870394)
1 (45.53441913409224,-73.28696750281885)
1 (45.505706218746035,-73.28209390787487)
1 (45.35910794650213,-73.47780774288985)
1 (45.385466893958956,-73.74836526278492)
1 (45.401085723294564,-73.60401174681864)
1 (45.63245848476387,-73.47290550208977)
1 (45.35278322414621,-73.68886405164295)
1 (45.6739693895376,-73.53886686417893)
1 (45.50957992990199,-73.4724309591285)
1 (45.31832751917559,-73.58753194099921)
1 (45.27580140567803,-73.5849659571873)
1 (45.72327533344463,-73.2549177230639)
1 (45.70878774730762,-73.26068558384003)
1 (45.277057531464784,-73.72936981977469)
1 (45.623875621930985,-73.71690044848249)
1 (45.30788601915434,-73.6837939421846)
1 (45.29143701827259,-73.70190428019431)
1 (45.553559953508774,-73.3942767061351)
1 (45.406043819211405,-73.32781641010605)
1 (45.729757378226346,-73.39932875750532)
1 (45.29737771515518,-73.65174167589957)
1 (45.332877682622396,-73.58083834252494)
1 (45.28268124434088,-73.55015404422379)
1 (45.50130290725044,-73.55905408583041)
1 (45.631346035207734,-73.74732872495481)
1 (45.337558795867785,-73.28952126388599)
1 (45.32366055122554,-73.40894031481946)
1 (45.56309510837396,-73.72987601822835)
1 (45.63779007892491,-73.49661240630013)
1 (45.73726773690982,-73.40875788911457)
1 (45.591737689022324,-73.59824722780361)
1 (45.5225935462054,-73.67783110407893)
1 (45.40033554439057,-73.70238177342242)
1 (45.619462231879155,-73.3610107401028)
1 (45.38124186049504,-73.37260978111078)
1 (45.52522759594842,-73.43247035065656)
1 (45.658469410498014,-73.5002770800609)
1 (45.69496400630302,-73.25686290233503)
1 (45.56714747593681,-73.27020054369147)
1 (45.494162138296936,-73.31141776444238)
1 (45.35901971789045,-73.66507904057048)
1 (45.537251347224235,-73.68018136976222)
1 (45.6446063353724,-73.25955771613437)
1 (45.60007415301072,-73.4656503181005)
1 (45.48500968499202,-73.7145748420538)
1 (45.27930186196534,-73.6024003842002)
1 (45.66401815440696,-73.27666347163762)
1 (45.447268470427616,-73.38104625499244)
1 (45.42946416739368,-73.71529809720505)
1 (45.31681322806384,-73.29897138589718)
1 (45.391717528598676,-73.49416959025251)
1 (45.58746074086517,-73.64674856673606)
1 (45.306746656985624,-73.56943935870157)
1 (45.69163040877007,-73.51602674884683)
1 (45.65135547779907,-73.53956712178804)
1 (45.597555795486116,-73.67589051470554)
1 (45.71900493713434,-73.43722414939339)
1 (45.45420718451298,-73.51030382435985)
1 (45.42605371376727,-73.25409708657446)
1 (45.582749469756386,-73.43923010920922)
1 (45.620303452460156,-73.3240554830291)
1 (45.42893028473564,-73.46037655215196)
1 (45.42640971662243,-73.45919888614475)
1 (45.591282007190664,-73.64724040606612)
1 (45.54602062499723,-73.73671756527254)
1 (45.43113415304491,-73.6222411661865)
1 (45.454430774616654,-73.57229363047198)
1 (45.55217127470177,-73.69120243373533)
1 (45.60008916411616,-73.6879377279799)
1 (45.609634559296516,-73.47730310924348)
1 (45.51847511377082,-73.28869884148023)
1 (45.47225376196246,-73.52884777835689)
1 (45.71765753121047,-73.7036033274698)
1 (45.71360911763717,-73.49581190324527)
1 (45.279278193624364,-73.42147179534646)
1 (45.25386162962361,-73.57509750202271)
1 (45.345750669857225,-73.36193063367911)
1 (45.70765282354196,-73.51379093657366)
1 (45.532142411125676,-73.36597808624536)
1 (45.619463842127196,-73.5334444551638)
1 (45.3095080842219,-73.26888236270577)
1 (45.283836799253955,-73.59650895638701)
1 (45.5553681585288,-73.53098252876828)
1 (45.25459950467188,-73.47852567699876)
1 (45.256577514253465,-73.74913101001661)
1 (45.44459831968589,-73.63654015639153)
1 (45.28000456300487,-73.45305900029499)
1 (45.405431630059326,-73.37543199335853)
1 (45.69724222710985,-73.40686464054681)
1 (45.45529030446576,-73.30945990512042)
1 (45.36099785010872,-73.68611637407666)
1 (45.29224932459381,-73.59630142760153)
1 (45.282859990820576,-73.585732050825)
1 (45.59021827740567,-73.38522265127246)
1 (45.35481557312721,-73.43283725979293)
1 (45.3252466448405,-73.36974344825202)
1 (45.59019208117768,-73.63222431325319)
1 (45.72099307220773,-73.26826922625223)
1 (45.333624803186986,-73.25982641549427)
1 (45.7339061330412,-73.47364097082468)
1 (45.304200220223336,-73.74178933082835)
1 (45.42102730431325,-73.51441021829952)
1 (45.39110237686151,-73.61326585689112)
1 (45.34631527181721,-73.35687684317041)
1 (45.31688964458862,-73.54197658752345)
1 (45.385003787125825,-73.44753229934845)
1 (45.61995538928748,-73.72687325595545)
1 (45.379743862232694,-73.25053181003703)
1 (45.38477651125099,-73.44190865928459)
1 (45.58714396094349,-73.37417452545611)
1 (45.26622995129955,-73.38896088948918)
1 (45.72881057702422,-73.70410074951015)
1 (45.612557626623214,-73.6523765702794)
1 (45.72710453145704,-73.26902129450065)
1 (45.3904864693737,-73.41039168119609)
1 (45.36256671169618,-73.35727410624727)
1 (45.65556071771717,-73.65585583129975)
1 (45.63733040477591,-73.67935896336219)
1 (45.490919478064185,-73.51022932596597)
1 (45.56682529960611,-73.63283145200616)
1 (45.658553406384065,-73.28073991340254)
1 (45.45069200035505,-73.47154298337544)
1 (45.668500138438176,-73.71087943106289)
1 (45.3930636994214,-73.41119388603889)
1 (45.57348878872469,-73.40908824328659)
1 (45.45223520387255,-73.41752236627704)
1 (45.5392196594355,-73.70951852509042)
1 (45.300227862049404,-73.62218228408383)
1 (45.62376614947503,-73.7221853803569)
1 (45.66387188869465,-73.49446843256919)
1 (45.72351158801971,-73.56760764963384)
1 (45.600766247586925,-73.56452825381334)
1 (45.30758443406411,-73.26320838374323)
1 (45.33583928660444,-73.64555463589616)
1 (45.36793119152027,-73.43528773090411)
1 (45.4472216478197,-73.63868461547935)
1 (45.457967056578106,-73.47129925646705)
1 (45.64375633387103,-73.62493448613536)
1 (45.279170112725275,-73.40245327864532)
1 (45.72070900030193,-73.55348232894487)
1 (45.50203587121858,-73.71633919562682)
1 (45.515104941784934,-73.42496418226072)
1 (45.37548427898073,-73.44330143454214)
1 (45.30760728935891,-73.44218078642632)
1 (45.68711262844393,-73.73872171088465)
1 (45.63396456733072,-73.65871720492275)
1 (45.285613264482144,-73.29615334579708)
1 (45.375793690823514,-73.69845817979302)
1 (45.666225784359945,-73.27342132149762)
1 (45.29782800704565,-73.6458373121646)
1 (45.55026932170787,-73.49534451731046)
1 (45.386748119179295,-73.71788899958469)
1 (45.46060119689028,-73.51265489045147)
1 (45.42532662954799,-73.32477717704305)
1 (45.50627403903602,-73.6469811442099)
1 (45.70485615883243,-73.60545551987956)
1 (45.441714320247584,-73.43643222025833)
1 (45.638693182125124,-73.48946938997038)
1 (45.558420814417346,-73.41535937991078)
1 (45.29023875797745,-73.28463995737016)
1 (45.60048251691776,-73.41529305465802)
1 (45.46979023412832,-73.72347663613749)
1 (45.66914133683919,-73.56184419500246)
1 (45.586436491690165,-73.31864442327495)
1 (45.49617525886572,-73.36452715921321)
1 (45.3635324409931,-73.27966803533008)
1 (45.5210541425184,-73.25300491252675)
1 (45.339276836042885,-73.629285419773)
1 (45.402620475821806,-73.60417446485039)
1 (45.27753074751129,-73.5284685252786)