2100 2100
101 (45.5,-73.5)
1 (45.263804941358224,-73.68284625041674)
1 (45.47852313788539,-73.38989547012936)
1 (45.68081453995708,-73.46236040972137)
1 (45.71055732417983,-73.65699832221466)
1 (45.61896225829093,-73.53105027160797)
1 (45.45093211940017,-73.52951789394155)
1 (45.256710425626785,-73.469578865963)
1 (45.651226694294564,-73.61701161506376)
1 (45.34037726108098,-73.33225899605132)
1 (45.481511454945874,-73.26255299242864)
1 (45.46298490299929,-73.67320485730605)
1 (45.729971602060665,-73.70227912716659)
1 (45.463782143091045,-73.47464768136801)
1 (45.43551753594277,-73.31477772260435)
1 (45.40561024202106,-73.62315203804737)
1 (45.3650918976389,-73.25424364614884)
1 (45.30651889638506,-73.30944997587295)
1 (45.54943341377761,-73.29600297325965)
1 (45.41190226456366,-73.44196562255222)
1 (45.33373379490162,-73.49204553071483)
1 (45.29391381096274,-73.36283337880087)
1 (45.28292471878671,-73.73762503871029)
1 (45.456031202966834,-73.33831824380366)
1 (45.30525740389989,-73.58777851282534)
1 (45.402381766505805,-73.46302734645217)
1 (45.52238853155782,-73.63478512510464)
1 (45.30380134917214,-73.26915708074836)
1 (45.71936152781651,-73.46412715973662)
1 (45.45558834864915,-73.46825101201242)
1 (45.65367348676137,-73.64743397765247)
1 (45.67552772483181,-73.3735488077544)
1 (45.58904353243513,-73.40618284118564)
1 (45.63499797266452,-73.65598724651827)
1 (45.64654906375895,-73.48959832039108)
1 (45.350837684265635,-73.67626958073555)
1 (45.433472627009486,-73.45423498553912)
1 (45.691136087548124,-73.709150151658)
1 (45.41850226596871,-73.41114618567337)
1 (45.264225766332494,-73.43418666168577)
1 (45.67085455455281,-73.419334540972)
1 (45.46689365457557,-73.60969264854982)
1 (45.37043991518166,-73.5513477840162)
1 (45.265189822573205,-73.37347873599136)
1 (45.42636587024386,-73.73842659313102)
1 (45.469201977040875,-73.62520113025154)
1 (45.61187446851054,-73.31852899521876)
1 (45.34177655515204,-73.44074168445181)
1 (45.33523594380547,-73.26084888771094)
1 (45.35040599701188,-73.44902413644236)
1 (45.51817166239643,-73.3251142245217)
1 (45.73136462978938,-73.5660267190906)
1 (45.54605476396914,-73.43299325037717)
1 (45.28566423640156,-73.4294816939306)
1 (45.38743809624571,-73.28235549982584)
1 (45.46751344133354,-73.31085784212718)
1 (45.25438471440923,-73.72292663383607)
1 (45.357703412505934,-73.6987025235716)
1 (45.58962671367057,-73.6340448331378)
1 (45.536705685988245,-73.64927531739936)
1 (45.72175445513961,-73.50176887761893)
1 (45.685256020792146,-73.38663560451292)
1 (45.7254385285989,-73.58350645776571)
1 (45.4438118662727,-73.50495222909149)
1 (45.36011295582181,-73.47362382469899)
1 (45.656508777251524,-73.48078336713155)
1 (45.43759858775442,-73.54316614697186)
1 (45.6101048417525,-73.54243088038723)
1 (45.586821870856774,-73.62086086188127)
1 (45.253890268980655,-73.2672030614595)
1 (45.64208430443136,-73.4109941250224)
1 (45.65265252554115,-73.58552596161636)
1 (45.2802644330944,-73.50654361376627)
1 (45.58152582078926,-73.66332336012114)
1 (45.571884337603656,-73.45311878751684)
1 (45.71891692529234,-73.41094125914064)
1 (45.29114883624113,-73.65080277899604)
1 (45.331687662002246,-73.62812304432693)
1 (45.65086610286442,-73.44690787977319)
1 (45.67538755790214,-73.54014700963687)
1 (45.58958437593161,-73.57294989446318)
1 (45.55156865829984,-73.71021856745158)
1 (45.34033005570776,-73.61381408565599)
1 (45.57407748506996,-73.52756446613122)
1 (45.25300842012783,-73.46612897521304)
1 (45.69670765178494,-73.66940748257673)
1 (45.72582885227537,-73.7462818656127)
1 (45.44570992070636,-73.61810483632232)
1 (45.62504231862415,-73.34630284924718)
1 (45.5823944394282,-73.48221455460343)
1 (45.73682955415695,-73.30801254473468)
1 (45.593423743018455,-73.52210927503116)
1 (45.60035437820101,-73.39237106417808)
1 (45.469382742279286,-73.41698736077521)
1 (45.51679694138858,-73.6618843145194)
1 (45.68582585853535,-73.43073690132552)
1 (45.61560809143681,-73.56921630787755)
1 (45.64523908011069,-73.73908842745969)
1 (45.58627614121646,-73.45482423483179)
1 (45.57321864287115,-73.2698477121468)
1 (45.55157368239086,-73.50047616418944)
1 (45.48765577349737,-73.48173061389738)
1 (45.5665525734401,-73.5639289407199)
1 (45.37583055077437,-73.56542715064533)
1 (45.37648101188056,-73.43283704526648)
1 (45.62105617798843,-73.59300269018266)
1 (45.35646751303464,-73.38313104744996)
1 (45.5178780196782,-73.66859942084422)
1 (45.48569225201758,-73.50864722963516)
1 (45.40282035374767,-73.64463198782367)
1 (45.279967207536444,-73.6047080664499)
1 (45.506286815180076,-73.46327622860679)
1 (45.31777206352734,-73.43864592577931)
1 (45.60045904807658,-73.66303099191515)
1 (45.34696380891357,-73.52493075474565)
1 (45.377900901686594,-73.55448788034005)
1 (45.45203374884632,-73.5416050556536)
1 (45.74606449594493,-73.51817471229252)
1 (45.39508619524083,-73.27814769195295)
1 (45.36400699037764,-73.31044369135553)
1 (45.51763929706072,-73.4926809126103)
1 (45.2793658079093,-73.68085578093252)
1 (45.504898774263005,-73.27860306328841)
1 (45.446002911055714,-73.50636846023129)
1 (45.36933150683377,-73.49727225776564)
1 (45.71571729035715,-73.53386408689165)
1 (45.70616647455129,-73.52428442403571)
1 (45.60103789670431,-73.69316200952508)
1 (45.60987634552899,-73.48218199066281)
1 (45.700347709600585,-73.29763781781656)
1 (45.617743990259214,-73.29209743510712)
1 (45.66145284909028,-73.28892848585271)
1 (45.66429360774211,-73.27087911844502)
1 (45.43519872927356,-73.50593289440639)
1 (45.28866739950164,-73.62866429670703)
1 (45.33684893872962,-73.26642252026436)
1 (45.73595404262491,-73.58465790980162)
1 (45.58968049157834,-73.342057514124)
1 (45.6330263452976,-73.41604287346311)
1 (45.572612328154875,-73.68445899036153)
1 (45.59962106909289,-73.58649126709946)
1 (45.43167265751668,-73.52121876445958)
1 (45.476194768715324,-73.66666340566992)
1 (45.543723412781866,-73.68633319078978)
1 (45.31151516261853,-73.55937486396131)
1 (45.540098887827476,-73.27952823438477)
1 (45.354998528446785,-73.57677949081132)
1 (45.70767860300697,-73.46329850745207)
1 (45.541479133284774,-73.68595932384737)
1 (45.58540289722707,-73.40521332725565)
1 (45.339397825669316,-73.74273049450223)
1 (45.46535277733731,-73.55614826424245)
1 (45.35732230056944,-73.27126696827501)
1 (45.28925431326839,-73.62258140124341)
1 (45.268262705091814,-73.31931201168616)
1 (45.603630486064404,-73.74294867745748)
1 (45.41642175845817,-73.62529027984789)
1 (45.299812364381715,-73.5142833176163)
1 (45.41681959202136,-73.27455138449227)
1 (45.31863418056975,-73.63596984372968)
1 (45.6446588890934,-73.69726870931223)
1 (45.34387557253398,-73.54242352667718)
1 (45.738347281634,-73.27018517698467)
1 (45.74337737268449,-73.48586164076173)
1 (45.60776913601797,-73.42844090848166)
1 (45.642245508596794,-73.60406346912025)
1 (45.447700120493295,-73.57213529655866)
1 (45.52867107742259,-73.56612126926468)
1 (45.40518330325418,-73.66506917098516)
1 (45.699632819387936,-73.43166507615955)
1 (45.33923683747878,-73.27028094161317)
1 (45.65111143978444,-73.3858995053691)
1 (45.541438387551366,-73.34853292798611)
1 (45.70543365525698,-73.5240213957875)
1 (45.35673299141058,-73.46182294231924)
1 (45.746976939928544,-73.35419241053886)
1 (45.35523613181217,-73.57428823356423)
1 (45.40670450228862,-73.66822119929599)
1 (45.55785513117904,-73.42753760333373)
1 (45.39586294702288,-73.39346546022273)
1 (45.71122739271192,-73.48649009808399)
1 (45.43966367837983,-73.48819425641729)
1 (45.740774929963706,-73.70521670840995)
1 (45.40288214645891,-73.37575684199926)
1 (45.2846005142466,-73.35007453346088)
1 (45.73104756059417,-73.3303844349659)
1 (45.625501281317014,-73.33959080693062)
1 (45.25325862936632,-73.62930696268076)
1 (45.39355171454237,-73.51709717982494)
1 (45.705649650312466,-73.67209730216226)
1 (45.607508518114216,-73.46303246839169)
1 (45.53814394931919,-73.63876088160458)
1 (45.459715703738894,-73.37912540357007)
1 (45.66137065161674,-73.61306914882663)
1 (45.7262390140911,-73.73633640507035)
1 (45.27548326672251,-73.43699067604967)
1 (45.30163466321422,-73.27248076981593)
1 (45.29810766570112,-73.3858043557678)
1 (45.61605801977189,-73.55387345810477)
1 (45.67475958402139,-73.56158448953443)
1 (45.591343636325206,-73.67812864888603)
1 (45.511810583614505,-73.69522793787294)
1 (45.3322391228941,-73.29241517213036)
1 (45.519444367310435,-73.32404929501064)
1 (45.42915050936018,-73.43301202001625)
1 (45.69003385835983,-73.57320012189386)
1 (45.56955833786958,-73.25792593507371)
1 (45.46598250905679,-73.51477406037968)
1 (45.616688718559445,-73.54462616856718)
1 (45.37031179453389,-73.30843990146897)
1 (45.416074942442386,-73.35961947157872)
1 (45.6831399312397,-73.54180032971942)
1 (45.333320761317495,-73.57563122447092)
1 (45.74768539869695,-73.38740436949709)
1 (45.40967718901727,-73.41557670764439)
1 (45.380541764993616,-73.37644709018711)
1 (45.5459706734995,-73.44029948778004)
1 (45.642709006887266,-73.25667075277583)
1 (45.28997106469876,-73.36922170181657)
1 (45.40022940233242,-73.55383668094167)
1 (45.60746360686537,-73.32959424690519)
1 (45.66626474364541,-73.59236801235063)
1 (45.46309020888816,-73.57095261208434)
1 (45.6700644640752,-73.3513687369852)
1 (45.62345057540173,-73.35667715834411)
1 (45.44251301033727,-73.63720484135516)
1 (45.32200506189569,-73.65422466576938)
1 (45.44280772995667,-73.64318906955363)
1 (45.29299652318144,-73.389640889763)
1 (45.37630698636002,-73.54064105417383)
1 (45.6899093943932,-73.41038177000839)
1 (45.3697013916924,-73.30370018165831)
1 (45.552909935288,-73.41326403935349)
1 (45.57639951610849,-73.51274903106956)
1 (45.27926243645102,-73.44153386050189)
1 (45.58238247754153,-73.40816047314514)
1 (45.480891902280575,-73.63658509665636)
1 (45.67077024235184,-73.47731237974538)
1 (45.684064521291134,-73.74577678631704)
1 (45.581955760708354,-73.35341894935738)
1 (45.53758299012213,-73.4380924242476)
1 (45.37540123596327,-73.28470842955424)
1 (45.54794463013821,-73.26405154157038)
1 (45.35905419011528,-73.39683228287757)
1 (45.35258590427752,-73.61532703665375)
1 (45.30282929185169,-73.42012151493462)
1 (45.67563774957549,-73.29293981686693)
1 (45.29371504040452,-73.48641109831416)
1 (45.38454206521069,-73.2806950851116)
1 (45.62180292869674,-73.51763406984307)
1 (45.48043022289609,-73.54269271484904)
1 (45.508899778722856,-73.63024243019107)
1 (45.410340378285866,-73.62028703688068)
1 (45.304372251160075,-73.36574212840806)
1 (45.285151345858,-73.49478946489552)
1 (45.47648596808138,-73.42823518292741)
1 (45.42353607315795,-73.60750015597537)
1 (45.321739782954765,-73.46484238396133)
1 (45.619289131288475,-73.58832305210538)
1 (45.29955909681118,-73.26423537532791)
1 (45.64705795153627,-73.63826147891572)
1 (45.275200433171186,-73.5722375022541)
1 (45.279808533924296,-73.63950962168349)
1 (45.71983266508273,-73.53155824816548)
1 (45.490282123298094,-73.42964790353979)
1 (45.57349870051581,-73.5452065988704)
1 (45.548250115812685,-73.273618570137)
1 (45.52402456329617,-73.63998392414409)
1 (45.40555018613093,-73.39870044664096)
1 (45.392931244333795,-73.66768784114052)
1 (45.58168745483559,-73.52362011361973)
1 (45.64801783116659,-73.42726356843848)
1 (45.72421029748389,-73.61322938905568)
1 (45.28152287864283,-73.52111996163215)
1 (45.62012122825314,-73.62484729326192)
1 (45.40263401485049,-73.47318298124269)
1 (45.67725890401731,-73.2814073453388)
1 (45.393604315489696,-73.33498952058784)
1 (45.27788826265312,-73.40996926370183)
1 (45.369847155058345,-73.68923032837992)
1 (45.43066153635264,-73.6219469729266)
1 (45.46611944936131,-73.62763093907935)
1 (45.31166353063108,-73.58357272407389)
1 (45.64326660487292,-73.43191513884624)
1 (45.5904306243017,-73.33166034674875)
1 (45.27299069895145,-73.32282605456618)
1 (45.38263334460973,-73.53064835629637)
1 (45.711716758647,-73.26278514495542)
1 (45.25753858018985,-73.74219672536536)
1 (45.41887020919102,-73.40275012749635)
1 (45.455417828705116,-73.68827920814418)
1 (45.409741842271565,-73.35318814983677)
1 (45.33774413897962,-73.6327557383154)
1 (45.45860518024829,-73.53281113631839)
1 (45.60132068435483,-73.38482785987284)
1 (45.48386384991314,-73.40682550912922)
1 (45.436410184183025,-73.54057270212627)
1 (45.45374552501329,-73.4689292485646)
1 (45.59848463236438,-73.4259191889448)
1 (45.44842179613798,-73.34814431104053)
1 (45.293391186104905,-73.28597312074814)
1 (45.702421745518365,-73.43280340595726)
1 (45.346530304943,-73.58151570200894)
1 (45.52982040204938,-73.39961504650593)
1 (45.33806829141557,-73.3037930666864)
1 (45.503921382545975,-73.51571179571383)
1 (45.73825712312204,-73.5033822971136)
1 (45.62301632847639,-73.54594163382296)
1 (45.56961026882623,-73.74796249487096)
1 (45.444292126316185,-73.54639314972808)
1 (45.25598386234658,-73.47723725021518)
1 (45.30907007111491,-73.25825069007959)
1 (45.59253844299785,-73.71104815200823)
1 (45.31429949919526,-73.73355574438622)
1 (45.685107378303606,-73.28888638954531)
1 (45.607591619483685,-73.72630696218125)
1 (45.26267360166464,-73.27555321913566)
1 (45.39606758202286,-73.26856090485907)
1 (45.46245738576705,-73.35863728542651)
1 (45.262908139882434,-73.72180171666142)
1 (45.523543280049026,-73.48877030914696)
1 (45.479730579515184,-73.44882803191561)
1 (45.302025587434514,-73.6732903632199)
1 (45.48778160912587,-73.59076100480695)
1 (45.63832716540562,-73.72798486387562)
1 (45.59642363301161,-73.25750784706564)
1 (45.365647116316424,-73.42000376326955)
1 (45.71350465551577,-73.7481206730631)
1 (45.64741915615596,-73.29782574014251)
1 (45.57894072445094,-73.70997091505512)
1 (45.37121254022367,-73.60132891140636)
1 (45.52020273126518,-73.42251508367822)
1 (45.50668387433101,-73.47655990642097)
1 (45.68638808357015,-73.65265815069772)
1 (45.65598847759621,-73.28571354564502)
1 (45.546170645593975,-73.27432615850817)
1 (45.48648591618876,-73.60312808795385)
1 (45.65416096083818,-73.57484029083496)
1 (45.337625069493306,-73.52276918126351)
1 (45.30007171309538,-73.38503996798542)
1 (45.536569948922974,-73.67171829315173)
1 (45.65557208498535,-73.36883317624438)
1 (45.340428159547585,-73.32759989773413)
1 (45.424827498163665,-73.4909574595462)
1 (45.44686973343942,-73.2756739883263)
1 (45.28645985018026,-73.3492157386064)
1 (45.679474758254315,-73.51348918755187)
1 (45.58702645851142,-73.70930637988296)
1 (45.259324281698554,-73.61753394672043)
1 (45.30910431702136,-73.71659751872285)
1 (45.520149356550874,-73.52724195532011)
1 (45.29067942013794,-73.37980113060176)
1 (45.51077913546872,-73.6770004755588)
1 (45.516779284736714,-73.52648262227355)
1 (45.65567972838766,-73.31647826930354)
1 (45.53915014579883,-73.51969753342038)
1 (45.51205106067038,-73.50363306570723)
1 (45.705268351121035,-73.5987769951835)
1 (45.67025005919156,-73.63317603949014)
1 (45.39408906717415,-73.26538937487237)
1 (45.4932341255292,-73.47606421609356)
1 (45.36267336288971,-73.67848589881004)
1 (45.68026952955854,-73.552759250449)
1 (45.605198342202364,-73.54859346450887)
1 (45.57032542319076,-73.74453434709247)
1 (45.313843064945694,-73.5331484036923)
1 (45.67137462693547,-73.36302878519017)
1 (45.609656281700445,-73.6301703485094)
1 (45.613248433091734,-73.4485427003139)
1 (45.68075040711821,-73.54755590500721)
1 (45.57374317679188,-73.3522325986985)
1 (45.325029362616604,-73.48962725250615)
1 (45.72035227801508,-73.67641107566753)
1 (45.64514626098983,-73.25130129593501)
1 (45.34329828036012,-73.40057223636944)
1 (45.28449994281663,-73.44335033965366)
1 (45.629464889750494,-73.50855724726328)
1 (45.62481809850303,-73.58970599206829)
1 (45.44138028828052,-73.65444241504035)
1 (45.28823766005702,-73.73961311479319)
1 (45.520578262056645,-73.3612750692081)
1 (45.599781336534164,-73.62367144679304)
1 (45.73046487429519,-73.43770075497797)
1 (45.36974293924494,-73.25340776644603)
1 (45.29024393423149,-73.72281790051727)
1 (45.44973178364192,-73.7190020415763)
1 (45.42850540910771,-73.42926427993255)
1 (45.50099035594487,-73.2791464078702)
1 (45.50275676105268,-73.74858252038803)
1 (45.289087157673706,-73.66074638969512)
1 (45.38947773208008,-73.51132983694902)
1 (45.585200328660875,-73.29427910949725)
1 (45.348205212977206,-73.55719018168027)
1 (45.410945816139176,-73.50310379950584)
1 (45.60270539049873,-73.56751502696898)
1 (45.41106696608531,-73.4418754567413)
1 (45.56246614687825,-73.44426173170824)
1 (45.57629094743117,-73.34044270854534)
1 (45.42854361171921,-73.38521679418854)
1 (45.36727050831535,-73.35521671548682)
1 (45.389222384340655,-73.60568378718911)
1 (45.50976808540641,-73.55997819591671)
1 (45.71299991773395,-73.69148431363438)
1 (45.341102147250034,-73.3224452759171)
1 (45.28908106387008,-73.33716265775955)
1 (45.58836442264895,-73.51165519426115)
1 (45.548869792758865,-73.72670326904391)
1 (45.35002963164143,-73.66431843091303)
1 (45.72587094384964,-73.5518630533346)
1 (45.33431767689539,-73.40578443053725)
1 (45.57596519044862,-73.63538816423714)
1 (45.58003163945317,-73.57311320066233)
1 (45.48519684984195,-73.33292837030285)
1 (45.44858298966995,-73.62397795160304)
1 (45.3380143323147,-73.3283797414395)
1 (45.62952905105363,-73.53572918147786)
1 (45.60532923817931,-73.61267940184267)
1 (45.74618563768573,-73.50393101422726)
1 (45.3388106696376,-73.34574428757938)
1 (45.38274131078808,-73.33903631300406)
1 (45.62550714767105,-73.4452884424417)
1 (45.47978803233469,-73.5335973482623)
1 (45.56518934496336,-73.6246717418316)
1 (45.56129594712711,-73.53051432201835)
1 (45.481732611953674,-73.71472559092653)
1 (45.66279882880104,-73.26530459868235)
1 (45.369409029200995,-73.45166935935411)
1 (45.627919360704475,-73.58223083758928)
1 (45.50513456961948,-73.49477410660077)
1 (45.628352415229514,-73.63535680248185)
1 (45.72851754119162,-73.25334808663251)
1 (45.341037073376405,-73.38120499912806)
1 (45.60298062404607,-73.65291182768905)
1 (45.68548698718816,-73.74967081417196)
1 (45.523279151842914,-73.25509811653264)
1 (45.38411155879126,-73.54420336955621)
1 (45.327414485171474,-73.66485534649802)
1 (45.35884904199822,-73.57099352469369)
1 (45.604241789709675,-73.41195092376213)
1 (45.61854561290833,-73.4300152396215)
1 (45.66199747121437,-73.481563902063)
1 (45.32325285207309,-73.31824681356247)
1 (45.537522307159406,-73.39092434197323)
1 (45.63397970160433,-73.59725391579276)
1 (45.48113200316686,-73.66549988958238)
1 (45.26942256184945,-73.26354702318378)
1 (45.54788781911263,-73.25914766655832)
1 (45.394811128322495,-73.33073106658992)
1 (45.26244542908118,-73.3879429213312)
1 (45.562245448825855,-73.48744584672556)
1 (45.30171140388192,-73.4070637429764)
1 (45.406763194407,-73.73445094702257)
1 (45.25721201039497,-73.2541540142559)
1 (45.67786418328169,-73.52793960102643)
1 (45.29738009241783,-73.61100476016645)
1 (45.45233271289312,-73.26427134129996)
1 (45.448891530251004,-73.29818723009727)
1 (45.530936422301025,-73.73379360828707)
1 (45.255733454112104,-73.51443869770979)
1 (45.56894364233921,-73.44827818132181)
1 (45.254862359781306,-73.36414524266043)
1 (45.428389658355705,-73.50772866920008)
1 (45.5281107836974,-73.6821833958923)
1 (45.56863524244902,-73.41792059543076)
1 (45.551427297025306,-73.4656759680893)
1 (45.510999624544695,-73.50001648910116)
1 (45.66458505955821,-73.25688486577722)
1 (45.523112722961535,-73.74795337101311)
1 (45.72717019699107,-73.59050697490835)
1 (45.669120322030466,-73.68803090196111)
1 (45.40996182327854,-73.62205706548484)
1 (45.26298865717147,-73.47823367856094)
1 (45.59474159204534,-73.29181464950123)
1 (45.54389371472413,-73.6523017500765)
1 (45.52012106505933,-73.3509796666574)
1 (45.565043083129105,-73.56541885824299)
1 (45.61615137702078,-73.28322491947112)
1 (45.350267346750144,-73.73461836486105)
1 (45.41628018660008,-73.5957509739754)
1 (45.32633055270655,-73.38761228423535)
1 (45.52164667254439,-73.62924250682704)
1 (45.38314793146755,-73.63872946561749)
1 (45.31975636077101,-73.44579266699037)
1 (45.64896234587702,-73.30000405198011)
1 (45.52725305645965,-73.49790542030836)
1 (45.69301902974273,-73.40918638816446)
1 (45.634806169680324,-73.66010335205124)
1 (45.38439167453545,-73.61455341049087)
1 (45.48105725821969,-73.31746178917747)
1 (45.54235099663589,-73.5988764639232)
1 (45.472120799484756,-73.55255779103)
1 (45.31103036515301,-73.25175982270869)
1 (45.393309375739086,-73.5538656844626)
1 (45.37913126576743,-73.31079347996537)
1 (45.33055490824127,-73.68454862698559)
1 (45.74402477381341,-73.68756957975287)
1 (45.43042283996665,-73.70088893684826)
1 (45.688843124449434,-73.67459205925304)
1 (45.579667203004206,-73.39426749209828)
1 (45.50101944900065,-73.69346466953102)
1 (45.57795022764496,-73.44964585424084)
1 (45.71122112707952,-73.69347291019855)
1 (45.51065095794981,-73.56692248565152)
1 (45.27273635156537,-73.74278104534466)
1 (45.3026129947822,-73.37932755390864)
1 (45.63311116949701,-73.27194567674213)
1 (45.348232528358686,-73.42518868015058)
1 (45.57219785294155,-73.33130287202044)
1 (45.66846327228017,-73.38594298731232)
1 (45.49376354688754,-73.61001637905287)
1 (45.74111600655668,-73.49418878864171)
1 (45.561421741998544,-73.33517984677447)
1 (45.48725594153042,-73.44086333899786)
1 (45.6638868726495,-73.52434635859034)
1 (45.37355215287575,-73.27030063269433)
1 (45.679416234357454,-73.40421440703281)
1 (45.70810894143247,-73.64596685159054)
1 (45.384791177083265,-73.63192940098286)
1 (45.465609729108756,-73.49808841372493)
1 (45.620303151226935,-73.26356565792054)
1 (45.37653012522902,-73.42718082904301)
1 (45.47894826075703,-73.70683417025151)
1 (45.554727289288806,-73.33465469907152)
1 (45.33539742177485,-73.67191688007075)
1 (45.61788863723849,-73.58321770998806)
1 (45.46829733456271,-73.3955586390121)
1 (45.576123737806164,-73.55570987590255)
1 (45.35807095315637,-73.65915364045588)
1 (45.725409004945234,-73.28130210863554)
1 (45.461624203855145,-73.35154344329302)
1 (45.38464550480255,-73.33265597319361)
1 (45.37522914514949,-73.54159916945241)
1 (45.557766076715254,-73.46668579329562)
1 (45.29734205476483,-73.72439110364634)
1 (45.48562871963624,-73.48498190660418)
1 (45.5942279929356,-73.5878540752699)
1 (45.5763588925643,-73.52774723547152)
1 (45.5530019845937,-73.31433788100253)
1 (45.36735437019347,-73.48726671493672)
1 (45.579060006547586,-73.58328708503284)
1 (45.4773416964774,-73.43347285979173)
1 (45.65786133810931,-73.57752522757254)
1 (45.4526745941465,-73.38508792869257)
1 (45.35463710286434,-73.41622390227212)
1 (45.49849000261791,-73.43511672085741)
1 (45.46983812203215,-73.54261761987432)
1 (45.31238826502226,-73.64913176979148)
1 (45.70299848633276,-73.68388080678521)
1 (45.605980210772515,-73.298835502581)
1 (45.30317945149796,-73.5743137900666)
1 (45.40794393350031,-73.37180225963974)
1 (45.700271722724956,-73.69109013505043)
1 (45.39116050083118,-73.4110957784339)
1 (45.518172252361104,-73.29429806443599)
1 (45.25604829052949,-73.58562579677786)
1 (45.668215137595574,-73.58986425597836)
1 (45.632391348911405,-73.47365034249734)
1 (45.40922437801181,-73.34517876934102)
1 (45.53275833561627,-73.35774839677671)
1 (45.339169605911316,-73.28284516155966)
1 (45.60203383823543,-73.37988046405239)
1 (45.252644114978736,-73.55796064815227)
1 (45.25963524178577,-73.68982235305364)
1 (45.65824788314404,-73.58868632071972)
1 (45.32366363425781,-73.73930108794532)
1 (45.500446411078656,-73.45859799244725)
1 (45.339538134096095,-73.62757901581348)
1 (45.271589682135215,-73.54241388241175)
1 (45.609589083999474,-73.39202566582573)
1 (45.73151373705437,-73.42417550177976)
1 (45.33463586633896,-73.35938492834893)
1 (45.37451044858268,-73.57881393213839)
1 (45.33375129045906,-73.62998758461438)
1 (45.59643986703412,-73.67426374292026)
1 (45.504215009082216,-73.45807786516797)
1 (45.718372102787555,-73.7218927798997)
1 (45.52008442461742,-73.71671508963995)
1 (45.61738464894116,-73.65799593604)
1 (45.74486203310431,-73.2953797988413)
1 (45.70000387560078,-73.27845707689)
1 (45.45141436804994,-73.67245655331732)
1 (45.32926786764725,-73.27241318832944)
1 (45.70059791255214,-73.53318365668723)
1 (45.5825012417115,-73.4088607948209)
1 (45.62897380337602,-73.66645293837806)
1 (45.37363035023007,-73.72262480194115)
1 (45.43554323245522,-73.4710107563512)
1 (45.521231223503264,-73.32296563049931)
1 (45.53761190144009,-73.73315436240506)
1 (45.28149038260066,-73.7093307059672)
1 (45.68669199885056,-73.40393568826512)
1 (45.69387203509246,-73.72436214893523)
1 (45.29677667402442,-73.40417761640704)
1 (45.306523739597665,-73.5042527846274)
1 (45.339372075963745,-73.52027572403344)
1 (45.458315373302575,-73.50089807487045)
1 (45.40234821921935,-73.72280157026223)
1 (45.29489519292369,-73.34902206569684)
1 (45.39297070574553,-73.74334139579675)
1 (45.587259299111864,-73.53456099012391)
1 (45.38940085747062,-73.4827972320851)
1 (45.70306982509748,-73.48806851527213)
1 (45.309502903824416,-73.29654526974029)
1 (45.25331993809669,-73.3787620887891)
1 (45.37097239660533,-73.40838942787308)
1 (45.499932196336424,-73.52106050348739)
1 (45.262601026986914,-73.64616580094211)
1 (45.56349017810151,-73.4260679384795)
1 (45.532918572285,-73.36714698397105)
1 (45.31454146530052,-73.6354405866967)
1 (45.42950365269809,-73.35106295372682)
1 (45.56677329090932,-73.56442708219704)
1 (45.2899308090549,-73.58259818127047)
1 (45.31585067079965,-73.6546046819101)
1 (45.59362180872896,-73.72364279881984)
1 (45.283819831231995,-73.69493847744835)
1 (45.432795508625794,-73.68836847916448)
1 (45.43571823441712,-73.71227141683521)
1 (45.45026072693096,-73.58136757402798)
1 (45.43239577332215,-73.35920846934793)
1 (45.72197282056725,-73.34063729680256)
1 (45.671539783118085,-73.7385885040691)
1 (45.633075237455216,-73.74310837131222)
1 (45.64751010814068,-73.59934328315725)
1 (45.50757315047756,-73.48071080868804)
1 (45.32982850453241,-73.31852305317773)
1 (45.60383698863263,-73.29963726107881)
1 (45.62002997686564,-73.54862393788969)
1 (45.58080958805211,-73.7145075309858)
1 (45.69707210790372,-73.35808276233952)
1 (45.67309144117453,-73.56255559559686)
1 (45.702611440742025,-73.62591033918778)
1 (45.58700410405862,-73.6507536518583)
1 (45.7491945102621,-73.3689147207515)
1 (45.544282982097265,-73.47095552961119)
1 (45.6567741530479,-73.58182154623506)
1 (45.45522603764243,-73.4146849157251)
1 (45.635950376691156,-73.5568287895514)
1 (45.39892617781118,-73.6101115931909)
1 (45.339947813384434,-73.51973901188671)
1 (45.42464060748631,-73.42905208554438)
1 (45.301580660324284,-73.27479243028988)
1 (45.66540119512748,-73.37149907548554)
1 (45.25631879299965,-73.38967970510006)
1 (45.37264588256635,-73.42922657321927)
1 (45.72805728211656,-73.27594383322244)
1 (45.73895173372379,-73.65843632637576)
1 (45.52030486723303,-73.32808595582735)
1 (45.27487614346871,-73.55420344476705)
1 (45.412244958191366,-73.57717027033443)
1 (45.54546342059085,-73.41664755960144)
1 (45.40648627615256,-73.5915789947812)
1 (45.252149827864876,-73.73029842388166)
1 (45.313308474995765,-73.61879842478584)
1 (45.4666008498136,-73.64404329788181)
1 (45.284821172405984,-73.70772288294962)
1 (45.284440225803635,-73.43933590308686)
1 (45.63169342378882,-73.28094372227208)
1 (45.268881363495396,-73.4090151963478)
1 (45.364973666182024,-73.34084593365569)
1 (45.29694690607577,-73.338124783551)
1 (45.40600855686131,-73.69206550912001)
1 (45.304263813058064,-73.28154209050268)
1 (45.29858253002856,-73.7459662512581)
1 (45.44834625165122,-73.57101903727718)
1 (45.53913784034096,-73.64027477851471)
1 (45.37483023653897,-73.45640427697785)
1 (45.313298650489024,-73.55886854516771)
1 (45.57629888800442,-73.49235983136546)
1 (45.4899103995091,-73.27294160632623)
1 (45.27913871719488,-73.7228027876179)
1 (45.677419501645424,-73.5453787873962)
1 (45.380292497811396,-73.39059618629247)
1 (45.49165645010949,-73.64514892715133)
1 (45.68282557137532,-73.30968052732612)
1 (45.41894858224303,-73.3078838536859)
1 (45.54689783936214,-73.68088089987172)
1 (45.2839773556958,-73.55253967420342)
1 (45.581034784523176,-73.51104228579928)
1 (45.34790802070469,-73.32214289152557)
1 (45.647516272181925,-73.40793875726837)
1 (45.46905787097087,-73.45910405895229)
1 (45.745253130112744,-73.37057031104315)
1 (45.55573262126046,-73.55243723100078)
1 (45.263696841898344,-73.27600376245738)
1 (45.72884880429651,-73.70545395826748)
1 (45.67212880470109,-73.57983247342442)
1 (45.69057310474043,-73.26810594313693)
1 (45.4201011198144,-73.297622377971)
1 (45.26444811834872,-73.55813119614254)
1 (45.67685192077077,-73.61937979383208)
1 (45.432337104104015,-73.55951361953953)
1 (45.53019378589442,-73.52811962380868)
1 (45.44400868347073,-73.5354966914795)
1 (45.39867479112268,-73.54703028647278)
1 (45.716295716682055,-73.4264974817154)
1 (45.684737251206045,-73.72752486216771)
1 (45.270500736226296,-73.32074719568085)
1 (45.611150357672834,-73.71263591595017)
1 (45.37908389380837,-73.68734061367121)
1 (45.738168312250274,-73.6667541747471)
1 (45.405657224178064,-73.4476066697595)
1 (45.35466664998311,-73.55362963032884)
1 (45.52592276411508,-73.33131818402924)
1 (45.272935017738824,-73.66984619281057)
1 (45.61143007821749,-73.31923913274713)
1 (45.53385556304988,-73.50064925120628)
1 (45.54289196627726,-73.31286348478451)
1 (45.64687187063604,-73.35904835009123)
1 (45.595285716405805,-73.49592967720923)
1 (45.74745404457142,-73.39753519366917)
1 (45.303080210415956,-73.6604008354823)
1 (45.45369151249687,-73.44455022128344)
1 (45.37066766791562,-73.56208081519792)
1 (45.74319574652485,-73.71499877108084)
1 (45.740442080615054,-73.64789198249974)
1 (45.351670927236526,-73.27566107639153)
1 (45.368954572603755,-73.25807080947237)
1 (45.51531136910913,-73.71225811345514)
1 (45.59018930148642,-73.65214309808995)
1 (45.340610382143936,-73.74522833230787)
1 (45.66424174655355,-73.43752094097704)
1 (45.68721574815968,-73.57593841338549)
1 (45.71954455946986,-73.69391907220248)
1 (45.69214323640669,-73.51409385680101)
1 (45.29727429717099,-73.28551865425409)
1 (45.44695983585999,-73.44053353200975)
1 (45.59768592671371,-73.53591215330935)
1 (45.36347463006878,-73.3973850037267)
1 (45.30985992974406,-73.60834328963693)
1 (45.42802570408681,-73.56972564545204)
1 (45.57871022781695,-73.58561156792098)
1 (45.349627343876264,-73.6294372266094)
1 (45.72608973824886,-73.3802414295828)
1 (45.553042701588,-73.35286004245303)
1 (45.29644311788203,-73.72612129795549)
1 (45.55427270509635,-73.59914516803329)
1 (45.34169489506921,-73.60779869092555)
1 (45.48300282354904,-73.64587176480597)
1 (45.5949244468525,-73.5729725674148)
1 (45.384225079359624,-73.52253908316622)
1 (45.3078674318303,-73.44745482276909)
1 (45.439553592385295,-73.36096098896844)
1 (45.543396615254686,-73.52997827341044)
1 (45.3976775367634,-73.39438348368)
1 (45.620873365014596,-73.38670893062631)
1 (45.29294628852392,-73.58431416456695)
1 (45.70962432122888,-73.39217581240929)
1 (45.46125730306655,-73.43559489391788)
1 (45.25378604936153,-73.67456189141502)
1 (45.43321800510124,-73.37616758837281)
1 (45.49037368336612,-73.61890562242422)
1 (45.495978833808195,-73.62827550498974)
1 (45.2916680909502,-73.56174251542022)
1 (45.56718530200945,-73.28251046299361)
1 (45.42287895669672,-73.27507193299789)
1 (45.517172701222826,-73.30515977883361)
1 (45.556529915308246,-73.28626472472511)
1 (45.70882788478971,-73.46272410023236)
1 (45.526124882225965,-73.51363283881365)
1 (45.29846846333506,-73.63527067989023)
1 (45.33339296109276,-73.61486225579151)
1 (45.25564022164131,-73.71245447854625)
1 (45.34577288363795,-73.34736650543157)
1 (45.61490967157899,-73.72258250819846)
1 (45.43378582192937,-73.6258480178561)
1 (45.668529334054014,-73.53601463201765)
1 (45.50155911058469,-73.33296036593858)
1 (45.64527894418147,-73.40948726860321)
1 (45.45800131813109,-73.29394483461547)
1 (45.39783685687266,-73.29761409889598)
1 (45.660992635313775,-73.6654701132852)
1 (45.73871149634755,-73.25186127793748)
1 (45.74244275755311,-73.31263452577782)
1 (45.32306348036642,-73.3557120300575)
1 (45.48818170891942,-73.55619556689027)
1 (45.3756750582128,-73.50752909760703)
1 (45.60338731887643,-73.46457214163576)
1 (45.59887389618887,-73.45979103270473)
1 (45.741616410047236,-73.64202008790078)
1 (45.27839441886372,-73.35492146736229)
1 (45.61349492460987,-73.72561234821634)
1 (45.42496043058183,-73.56384850984013)
1 (45.319735670568626,-73.54926047640198)
1 (45.25079862052319,-73.43372424200454)
1 (45.27239047377348,-73.66299457127195)
1 (45.382343393576754,-73.58590239574713)
1 (45.678106858318344,-73.61007430436167)
1 (45.453069037477064,-73.67431518934985)
1 (45.55764778292634,-73.56323417606465)
1 (45.603686368524954,-73.51780822310157)
1 (45.66704603179615,-73.60447146486688)
1 (45.44086635266285,-73.25778548355989)
1 (45.46750324333762,-73.60026611611922)
1 (45.67020445953451,-73.66468424685833)
1 (45.463506998497316,-73.27597679830458)
1 (45.42431470002416,-73.42334277824024)
1 (45.291627278468205,-73.72938831672153)
1 (45.25274376212331,-73.66824170582221)
1 (45.396067317850125,-73.74399078838633)
1 (45.32682087751857,-73.71489277909696)
1 (45.47128186660685,-73.36755138652501)
1 (45.63961003368791,-73.34331690606977)
1 (45.58683929474328,-73.31089514769)
1 (45.34880707397111,-73.63359610741958)
1 (45.535192142047556,-73.29554167344733)
1 (45.41872476576778,-73.73190215125206)
1 (45.45913420520418,-73.53695001367267)
1 (45.36643484702306,-73.53819747476433)
1 (45.72246021671763,-73.59260451526502)
1 (45.70668679489198,-73.6539722449226)
1 (45.28470780393643,-73.3310299361807)
1 (45.62039885124755,-73.50992382227004)
1 (45.52884938092948,-73.28905452599984)
1 (45.442317583207426,-73.4094036085476)
1 (45.56941522489225,-73.68024525447656)
1 (45.27486817661623,-73.27374851576087)
1 (45.537766821440194,-73.2974198616364)
1 (45.38726819019178,-73.66028275896892)
1 (45.701103477325105,-73.51649589952228)
1 (45.551653554244695,-73.64281838045352)
1 (45.522272832952794,-73.5576672578364)
1 (45.601266189584635,-73.39790103623967)
1 (45.40856960751996,-73.59300440952862)
1 (45.269678479590645,-73.32784039447708)
1 (45.42944498534354,-73.70705472730972)
1 (45.284580593818234,-73.27373257519794)
1 (45.70541259826146,-73.61887507157546)
1 (45.74483246160377,-73.32822505226562)
1 (45.483424883747624,-73.46015890694768)
1 (45.5052829320481,-73.44869222170823)
1 (45.617607303480035,-73.27472613004929)
1 (45.630284474078366,-73.49678310899839)
1 (45.268476114172884,-73.25962376729045)
1 (45.45388257759228,-73.48997035340865)
1 (45.61862832994869,-73.60744173255956)
1 (45.40233468732245,-73.74477274322464)
1 (45.278381261368295,-73.63317763345563)
1 (45.49291446715437,-73.7197415703893)
1 (45.32095210014079,-73.67709078132238)
1 (45.321882709131316,-73.72909390472759)
1 (45.543506058900334,-73.56746544244142)
1 (45.39405734116655,-73.29504395859448)
1 (45.597765339672115,-73.70405926754094)
1 (45.32659036475058,-73.73842671712615)
1 (45.57185905362769,-73.58424300339242)
1 (45.28036066625433,-73.67312584294545)
1 (45.43370779502939,-73.3394432083427)
1 (45.4338172336407,-73.37011092206113)
1 (45.465474624735116,-73.57948023416988)
1 (45.416158231323585,-73.49155711668162)
1 (45.42847766715227,-73.55674890163829)
1 (45.35940696155217,-73.46456313388195)
1 (45.69844772089057,-73.36092019669411)
1 (45.61224675335997,-73.26740163550821)
1 (45.50212761499978,-73.53794741357098)
1 (45.68240253219584,-73.63902876129504)
1 (45.667948248818675,-73.69464080381806)
1 (45.638907398759784,-73.6947479306862)
1 (45.4758796097773,-73.3019302784177)
1 (45.510768692106055,-73.63746558468235)
1 (45.25454336137065,-73.54616610588114)
1 (45.66434850785366,-73.69489484513706)
1 (45.327286691395386,-73.69841306856512)
1 (45.72819948573852,-73.58835579712236)
1 (45.253155738571174,-73.57667399617485)
1 (45.361147581178884,-73.74848917905949)
1 (45.54356977745145,-73.26533396715874)
1 (45.52708915027982,-73.6372433525356)
1 (45.66098597933722,-73.32984723229362)
1 (45.44827060282028,-73.41391199755986)
1 (45.62195765453658,-73.32279396752108)
1 (45.557744517200334,-73.29579352956976)
1 (45.433727193624044,-73.41991469083324)
1 (45.561246994068746,-73.31121064581527)
1 (45.39085825372986,-73.55158578350779)
1 (45.64891690553194,-73.72417165522968)
1 (45.44639999092442,-73.40642955496995)
1 (45.46807808272754,-73.7258733440627)
1 (45.45068937360996,-73.67935825508555)
1 (45.67973182154017,-73.53853769942657)
1 (45.520135980953356,-73.41633160197708)
1 (45.273457414843016,-73.36174313598767)
1 (45.65819691166833,-73.272463031552)
1 (45.308094393892986,-73.61045376268281)
1 (45.50123777755344,-73.44884017472837)
1 (45.37888095437744,-73.64736803672817)
1 (45.70308883078351,-73.50653066313342)
1 (45.385648795665844,-73.70000130600265)
1 (45.50384390104979,-73.67372489621135)
1 (45.59122527780844,-73.37508454522306)
1 (45.450812835959354,-73.66382261888505)
1 (45.514369802077354,-73.63940488809999)
1 (45.55252638755051,-73.4085009159908)
1 (45.397371917205994,-73.32713094616315)
1 (45.35030608111892,-73.48040649201464)
1 (45.32486446334897,-73.65895949368688)
1 (45.48614947434467,-73.33509565451355)
1 (45.54745598484884,-73.41808770410924)
1 (45.33054484017851,-73.34120096643368)
1 (45.68146217941886,-73.32205808762876)
1 (45.60931737478467,-73.39153376341415)
1 (45.714317191952794,-73.25794152032226)
1 (45.73472239141329,-73.69593755606245)
1 (45.64417116707916,-73.41111639298838)
1 (45.70273928456218,-73.64918735339423)
1 (45.62173133124289,-73.41507009782465)
1 (45.465883194625164,-73.44408595518878)
1 (45.642579580189754,-73.48119190401874)
1 (45.62883974824857,-73.36113819665924)
1 (45.65900049612952,-73.53344444228281)
1 (45.642841464838,-73.41178994062629)
1 (45.44177927726316,-73.67309367391634)
1 (45.39394253173454,-73.7421989964636)
1 (45.624479990736326,-73.33334551698735)
1 (45.69021235986668,-73.41886057829034)
1 (45.60539041139183,-73.25278004113198)
1 (45.653356066109524,-73.41614034506627)
1 (45.36562015511125,-73.39989221735675)
1 (45.41138378490228,-73.3088737084649)
1 (45.28576507150587,-73.71884110599649)
1 (45.27068867194577,-73.34067037696612)
1 (45.708101227506674,-73.53867750186745)
1 (45.71825697558036,-73.69041857786284)
1 (45.29644785563449,-73.69486273030316)
1 (45.66772160345067,-73.3957140851711)
1 (45.69163930042189,-73.3528095517037)
1 (45.31658411226922,-73.5125443953122)
1 (45.54697177279727,-73.69846899453904)
1 (45.32616814752908,-73.69553895346795)
1 (45.25504161522838,-73.57065477740392)
1 (45.2707308476483,-73.47245188406204)
1 (45.54506742497906,-73.25384011264937)
1 (45.42764673153773,-73.56027399538107)
1 (45.63808920364254,-73.52857969753366)
1 (45.49669211579763,-73.62847644735297)
1 (45.29636363857191,-73.68950240002584)
1 (45.74319634555383,-73.45736885651267)
1 (45.392825035184465,-73.58798841452973)
1 (45.3571891681983,-73.46641003142169)
1 (45.55665768672761,-73.33818746969189)
1 (45.50866231117112,-73.5985401491837)
1 (45.5218258018221,-73.64095262706384)
1 (45.65767608193048,-73.54220850002528)
1 (45.51683320867436,-73.73055730825479)
1 (45.647280535007496,-73.25275153823215)
1 (45.38603558462106,-73.73373102700488)
1 (45.46708378605166,-73.69913130290577)
1 (45.62550401586991,-73.74959225386091)
1 (45.32578833481663,-73.7107748102181)
1 (45.649739224400314,-73.71247504640534)
1 (45.31212977321047,-73.73236053912817)
1 (45.37946172340652,-73.58743864320807)
1 (45.45539008442125,-73.7118784933208)
1 (45.65525386100608,-73.67041767965644)
1 (45.41902162816071,-73.74914591086535)
1 (45.53700560143126,-73.72151309397184)
1 (45.37390560517312,-73.51819105528632)
1 (45.74491654888598,-73.3508423723142)
1 (45.30138243219725,-73.34752295541001)
1 (45.334232566370375,-73.50166019342488)
1 (45.57042967309169,-73.69728567511929)
1 (45.67294614908006,-73.53512882467597)
1 (45.61822627576136,-73.61165090570094)
1 (45.40936546457735,-73.31516060058478)
1 (45.43883052840846,-73.5485331278643)
1 (45.374757647454565,-73.32017252652078)
1 (45.3508118898084,-73.29681744420922)
1 (45.26519792954673,-73.67138632894375)
1 (45.67141569333914,-73.48376998306162)
1 (45.48630689440426,-73.5644750089288)
1 (45.47220260210836,-73.45215703947306)
1 (45.72473367101526,-73.42290010163198)
1 (45.529093122646266,-73.54782883131118)
1 (45.631044128190545,-73.65720158116468)
1 (45.408360759457395,-73.60412978367471)
1 (45.46009857022464,-73.71479570625522)
1 (45.34935580282447,-73.6394774303304)
1 (45.6170541765585,-73.63950349756158)
1 (45.71460460217855,-73.49880755093349)
1 (45.299803599855025,-73.6290761928297)
1 (45.27841806661518,-73.36831368238055)
1 (45.31196150135956,-73.58240137081961)
1 (45.516255884626915,-73.27601451764302)
1 (45.64443665605624,-73.36586676382416)
1 (45.3388315263413,-73.35816330091914)
1 (45.58817840923151,-73.500526758029)
1 (45.38730628395676,-73.32336868943776)
1 (45.445861466372,-73.67825924816032)
1 (45.568908926296075,-73.68252700757274)
1 (45.35607428386317,-73.456018828964)
1 (45.465930715777,-73.43327149474365)
1 (45.33000178391883,-73.65258510876485)
1 (45.59528401511736,-73.49262419551897)
1 (45.32764411446694,-73.38187283806688)
1 (45.73067573678857,-73.26089221988306)
1 (45.56828879692164,-73.30091370043533)
1 (45.624935458984545,-73.27357987429464)
1 (45.27825444793267,-73.52903742515191)
1 (45.486151030095385,-73.45619424510589)
1 (45.72785010925399,-73.30757282074559)
1 (45.46800300460286,-73.53930185819621)
1 (45.69904481949371,-73.31655759663391)
1 (45.732052306019234,-73.71804980063787)
1 (45.45551816520564,-73.6464882968299)
1 (45.327724065549155,-73.6515949201571)
1 (45.35756285270894,-73.73906020742048)
1 (45.7143435656817,-73.39349032505234)
1 (45.47573656725757,-73.66113957254025)
1 (45.7188187360529,-73.32405895894954)
1 (45.409211094767144,-73.36087882879973)
1 (45.58242687764415,-73.62013915623238)
1 (45.507442014800965,-73.57392814684987)
1 (45.50065141696249,-73.74631799472822)
1 (45.32708380399467,-73.30111494539757)
1 (45.70112794641968,-73.38487343978943)
1 (45.43000033120662,-73.2667556603588)
1 (45.63649718835563,-73.63912673901437)
1 (45.54277170714405,-73.48893225105215)
1 (45.29132532139965,-73.74676221989827)
1 (45.653274549325175,-73.5496086931164)
1 (45.41524107256571,-73.42590183353464)
1 (45.31571286511336,-73.34338102020713)
1 (45.69805166284428,-73.34732748193065)
1 (45.271903183823234,-73.50894690297872)
1 (45.496838266203746,-73.58122448538695)
1 (45.47366790681787,-73.4070493581992)
1 (45.709894999161804,-73.706175093221)
1 (45.70886683552443,-73.40269158634167)
1 (45.26786342161758,-73.59186140295763)
1 (45.291897587324506,-73.3378382437113)
1 (45.47852814998169,-73.67504246722586)
1 (45.6784212598858,-73.44361141340275)
1 (45.61847726125906,-73.34085093515098)
1 (45.403620836838414,-73.53815720774537)
1 (45.71219448393962,-73.29830989368507)
1 (45.42347500380021,-73.68790231175892)
1 (45.37713851226881,-73.60020126992657)
1 (45.25933155840081,-73.5758375437595)
1 (45.44197805529476,-73.70302231161764)
1 (45.30748974658065,-73.62075824676786)
1 (45.2643893143637,-73.69274753137562)
1 (45.27755205403988,-73.42605995665336)
1 (45.284686329275104,-73.51646850128814)
1 (45.465981512647005,-73.4057298762057)
1 (45.35204225597504,-73.25871476916727)
1 (45.45460148252023,-73.4385934744662)
1 (45.25117357379901,-73.68436448315201)
1 (45.34770074648481,-73.63966792823115)
1 (45.63909710604092,-73.43753354921137)
1 (45.32595720235578,-73.30964244478947)
1 (45.27393301198478,-73.43768811109182)
1 (45.60056960738633,-73.3300481796063)
1 (45.480715511884505,-73.65045512819229)
1 (45.29678738460501,-73.71259870425435)
1 (45.25278595838274,-73.53121156227121)
1 (45.38245431435607,-73.68647484220597)
1 (45.73158155549324,-73.54451309590917)
1 (45.48423279009168,-73.61699549350145)
1 (45.54249595511044,-73.25177876679763)
1 (45.30185093221869,-73.6931593800521)
1 (45.58997651686189,-73.53337832279092)
1 (45.33901598008596,-73.69996028422405)
1 (45.431136112199106,-73.56937462480708)
1 (45.318562574597706,-73.30417149412432)
1 (45.253895792593546,-73.74565401829014)
1 (45.43895606743062,-73.6294631689236)
1 (45.28303771676075,-73.67903269280903)
1 (45.55944614285671,-73.47825915189736)
1 (45.62553626999291,-73.56615797221761)
1 (45.471967087157374,-73.37365783468215)
1 (45.64514831900926,-73.55662856315864)
1 (45.62930691567297,-73.64503469315402)
1 (45.42548210857126,-73.33073862453399)
1 (45.55111811965515,-73.5656119019756)
1 (45.74062728896441,-73.5266054806589)
1 (45.62201876933381,-73.56932367668271)
1 (45.70291716586739,-73.61017200213287)
1 (45.62933331621584,-73.32772359395354)
1 (45.398507137553814,-73.71467924507137)
1 (45.66194847381057,-73.4554735329364)
1 (45.35319214243859,-73.3936863283192)
1 (45.40630996374451,-73.3351214836813)
1 (45.59324852516124,-73.63356924528625)
1 (45.430762109196365,-73.50841869098667)
1 (45.37907463449712,-73.35766120568161)
1 (45.74523269003105,-73.27234435555104)
1 (45.39301732956735,-73.52480250629274)
1 (45.2596915371976,-73.54329932308123)
1 (45.257010113167,-73.28004819668885)
1 (45.74186187558954,-73.71259790973079)
1 (45.74051166280372,-73.45463756117266)
1 (45.49233936342084,-73.61043026710502)
1 (45.39472203746286,-73.53605973623681)
1 (45.71357455600163,-73.32388527507761)
1 (45.61516704122815,-73.53715512239043)
1 (45.44810021711181,-73.47741733358315)
1 (45.29147924290036,-73.4856732489049)
1 (45.500935757835634,-73.681308145066)
1 (45.25056800439872,-73.53256234597627)
1 (45.44127675801085,-73.68521754635003)
1 (45.637358593047814,-73.43849733436777)
1 (45.59937853345109,-73.33983552078354)
1 (45.70589397354747,-73.44375758464432)
1 (45.435968203454095,-73.26994047509416)
1 (45.71283124827001,-73.25654680058899)
1 (45.26357070854115,-73.69683673770949)
1 (45.715227760714946,-73.60920255382771)
1 (45.54180988596757,-73.6171873243868)
1 (45.57500042348983,-73.53047362058408)
1 (45.3520465965466,-73.54867587581239)
1 (45.36355477639179,-73.66514871354029)
1 (45.680641600955774,-73.29072478466722)
1 (45.64181898549356,-73.63980052159904)
1 (45.304681652815596,-73.62066428556153)
1 (45.26328091832011,-73.62526478632137)
1 (45.37918314669868,-73.5522904848814)
1 (45.41061482493515,-73.38270412230436)
1 (45.27058832636838,-73.72466812449746)
1 (45.530097535752695,-73.70071227005292)
1 (45.26779498389653,-73.66432685480636)
1 (45.672252245532114,-73.73589450938987)
1 (45.52901114547091,-73.57366783439682)
1 (45.48202129163555,-73.35871578767424)
1 (45.490402301492594,-73.44244038949414)
1 (45.70725752540042,-73.68013818778664)
1 (45.47079922409609,-73.65756637544558)
1 (45.61043735053922,-73.49267530022169)
1 (45.35566047934312,-73.39938308288905)
1 (45.575236598723,-73.40197112081307)
1 (45.53303425155369,-73.4595431064777)
1 (45.49697372598045,-73.45186678307452)
1 (45.684440163684116,-73.69735301187664)
1 (45.7339132101398,-73.55714888015267)
1 (45.604392185895165,-73.66725022827617)
1 (45.475035136728366,-73.55377849986803)
1 (45.43371003164583,-73.50041081174103)
1 (45.34911544907559,-73.65638072999415)
1 (45.543816612791694,-73.4081485933118)
1 (45.45982438082542,-73.57712966394476)
1 (45.30189540488532,-73.69380908761859)
1 (45.282039035020226,-73.50889457210941)
1 (45.58008211342611,-73.41327983244422)
1 (45.495679401828774,-73.60861829025399)
1 (45.6457907997638,-73.3120314172433)
1 (45.36511516784494,-73.53437941601206)
1 (45.48482556211899,-73.38877159823546)
1 (45.694554149134454,-73.49144518030747)
1 (45.66410452571029,-73.39233805290174)
1 (45.70281138495013,-73.62885261762204)
1 (45.536623626449,-73.74937284932311)
1 (45.36447130630717,-73.49866092878293)
1 (45.427713609188245,-73.34561509337655)
1 (45.35869333246044,-73.64499839784209)
1 (45.41869445391767,-73.74331606118531)
1 (45.25177518671856,-73.72938280870207)
1 (45.46170688296033,-73.31132387989446)
1 (45.415075672470365,-73.42252473173455)
1 (45.31780188124862,-73.372803187162)
1 (45.44601270277861,-73.60092837534539)
1 (45.70929463355211,-73.33834774075972)
1 (45.516590171392096,-73.67908545125532)
1 (45.61694003488757,-73.38941230349307)
1 (45.62127065218371,-73.68491270171008)
1 (45.332662866401925,-73.60853276045808)
1 (45.63399928454092,-73.44731433558337)
1 (45.69937661036413,-73.51872174361135)
1 (45.41279744725827,-73.51035611920112)
1 (45.430850123387,-73.29471953772499)
1 (45.4095830249649,-73.61851818474013)
1 (45.50663297847864,-73.44344865917677)
1 (45.35273741532923,-73.3318493279327)
1 (45.37972528101681,-73.52006273874778)
1 (45.57042768124872,-73.52857572131715)
1 (45.61797911912774,-73.44939890622167)
1 (45.41380569562764,-73.735822783858)
1 (45.6241442453573,-73.26043548077652)
1 (45.52094403446255,-73.3965891260168)
1 (45.74402158661108,-73.51352496665069)
1 (45.33473204319587,-73.33296714142261)
1 (45.37736371493196,-73.40671513997137)
1 (45.3509436129088,-73.30183516730838)
1 (45.651962600365444,-73.4883890381588)
1 (45.52630143490942,-73.65985175209188)
1 (45.307790154906044,-73.57874780130062)
1 (45.62060086208039,-73.25956276443183)
1 (45.66510849104534,-73.41232792457967)
1 (45.48181982161955,-73.28778800862354)
1 (45.41814212772288,-73.65778790333897)
1 (45.408629407130164,-73.3311838509196)
1 (45.50420540590681,-73.34961674424409)
1 (45.740833037009644,-73.51198447955625)
1 (45.44710405271812,-73.3792102175491)
1 (45.73500061681602,-73.57940442629705)
1 (45.3631806486998,-73.53992833050415)
1 (45.57992694267598,-73.36904059770859)
1 (45.74854955105668,-73.70229081547882)
1 (45.59453244878088,-73.55384266685773)
1 (45.73686757665215,-73.51138504770532)
1 (45.729437069620246,-73.60582587323623)
1 (45.728412489496414,-73.54885408522601)
1 (45.46267686336319,-73.36768100180021)
1 (45.643292314266645,-73.68650019851057)
1 (45.539895787235665,-73.59779155522885)
1 (45.54428388304859,-73.37758255863699)
1 (45.25983376717074,-73.30089893249023)
1 (45.508100374152235,-73.38530546646182)
1 (45.647045099786595,-73.58976140319609)
1 (45.397812714159876,-73.43578643550158)
1 (45.38551976988807,-73.74063362406994)
1 (45.6037012099177,-73.5049617596726)
1 (45.30924335105803,-73.50724867496292)
1 (45.374988839661725,-73.40542972639842)
1 (45.55871972672615,-73.64421496149619)
1 (45.560709048393626,-73.53014991071329)
1 (45.71609370248138,-73.4613461227088)
1 (45.41438616604644,-73.53520985202476)
1 (45.325749346259386,-73.5854221476579)
1 (45.59425782877077,-73.40353834153768)
1 (45.69212280324886,-73.44523580192282)
1 (45.60844401472146,-73.72548760203789)
1 (45.72195685468496,-73.31950850212765)
1 (45.71276866670123,-73.66062453221706)
1 (45.344337558700985,-73.59536564519642)
1 (45.66786512974716,-73.40786425026425)
1 (45.69859187331512,-73.67754153447173)
1 (45.301747801335516,-73.60824707077978)
1 (45.327488158454486,-73.26533972856069)
1 (45.50420806717073,-73.43620288949094)
1 (45.551169787184676,-73.47560503635543)
1 (45.60019311179125,-73.70106534271476)
1 (45.525865684062424,-73.53556889544217)
1 (45.51075246688993,-73.58089054055161)
1 (45.71065940023121,-73.49941012108185)
1 (45.71218748512668,-73.64530350705151)
1 (45.575462051617,-73.6567289080883)
1 (45.746715016939966,-73.59313831126313)
1 (45.383822389623504,-73.49986202558122)
1 (45.421257096237845,-73.63405583620167)
1 (45.27532082887919,-73.30007275055817)
1 (45.354894495653305,-73.68111611894699)
1 (45.654032373322195,-73.51012971152251)
1 (45.70007257255347,-73.49345015215646)
1 (45.561906700972,-73.36264405568932)
1 (45.667823735113146,-73.61471906210156)
1 (45.27890191345837,-73.6697649129263)
1 (45.4330714652995,-73.39396635799365)
1 (45.345321934231784,-73.4504386042364)
1 (45.5825069770322,-73.55076227905991)
1 (45.54604543725203,-73.61641764832419)
1 (45.49457988472337,-73.65620679356348)
1 (45.63119790655216,-73.53756062644878)
1 (45.40882043840034,-73.54540111470347)
1 (45.67330634217698,-73.38069511679)
1 (45.450011523609646,-73.55541543293332)
1 (45.47708972226432,-73.67442082075523)
1 (45.5216543009878,-73.59557350384668)
1 (45.36477627826982,-73.59471064943578)
1 (45.272722295280786,-73.4040427381423)
1 (45.457202251834474,-73.49302314392274)
1 (45.27187443751109,-73.42626147804481)
1 (45.25893484076204,-73.69986984803991)
1 (45.59409847141314,-73.5666529745042)
1 (45.43427547658626,-73.6323869260049)
1 (45.736181652689396,-73.61536860385705)
1 (45.63023769946041,-73.71444057122389)
1 (45.62945674330257,-73.43647098454903)
1 (45.562457430300306,-73.58215146502951)
1 (45.51094691218594,-73.52301026304244)
1 (45.330481371977775,-73.49645377691087)
1 (45.547334021129075,-73.27786525936905)
1 (45.56999286749316,-73.31740984473056)
1 (45.38010042334397,-73.36701370565528)
1 (45.58127271566814,-73.31248204167007)
1 (45.674745398580185,-73.71406411446998)
1 (45.49555560377576,-73.47281885087767)
1 (45.31215286562304,-73.6614246114291)
1 (45.35393131929112,-73.39784262039326)
1 (45.55598813091011,-73.514401946729)
1 (45.67705294494096,-73.67903192694837)
1 (45.36642675757993,-73.609817198449)
1 (45.69815282828142,-73.56877197494177)
1 (45.507569960662146,-73.71039228642789)
1 (45.41673000489412,-73.55950195901467)
1 (45.713576194969875,-73.42020458097385)
1 (45.505761410725576,-73.32211859423114)
1 (45.436839814219994,-73.44492481095266)
1 (45.37140228809789,-73.2607008417653)
1 (45.60047308464819,-73.38334647128791)
1 (45.32087944635028,-73.73310096361182)
1 (45.31689902087621,-73.33388285158894)
1 (45.34164456388807,-73.26380266396365)
1 (45.71453785925364,-73.43125081940937)
1 (45.4328426120969,-73.33667768855226)
1 (45.335371155814556,-73.4944784743227)
1 (45.25876415873712,-73.60087737958115)
1 (45.527592972441994,-73.26766657866803)
1 (45.61318837580606,-73.55307648519626)
1 (45.35960865496931,-73.26960204233005)
1 (45.29338676460277,-73.47364183643393)
1 (45.32431720808026,-73.53736417235298)
1 (45.48304620942268,-73.59302894221834)
1 (45.48591435158682,-73.55248292010758)
1 (45.6344829453176,-73.64781511424384)
1 (45.74537892063053,-73.3760007712115)
1 (45.622257447563534,-73.65325810555008)
1 (45.56535601912267,-73.49095846162062)
1 (45.612663487585884,-73.3711248986657)
1 (45.30032640777207,-73.55736712463808)
1 (45.65655303952779,-73.5877654439496)
1 (45.72375199206851,-73.72564793869543)
1 (45.466571596004364,-73.43801193633388)
1 (45.43031340955612,-73.3298128653449)
1 (45.68411731058264,-73.61546442207553)
1 (45.518406184035236,-73.69132842164738)
1 (45.676200164354775,-73.3990792937448)
1 (45.32573802827409,-73.40864714583687)
1 (45.52786580551551,-73.49970728001566)
1 (45.49917036234509,-73.38580943600961)
1 (45.411962252970106,-73.28833345385279)
1 (45.32887302235564,-73.46631152275685)
1 (45.424765348911585,-73.51025200378825)
1 (45.56641200963511,-73.38560321736396)
1 (45.273342836784295,-73.61626390241507)
1 (45.3765657125978,-73.33712189899599)
1 (45.388524525533334,-73.35321638751435)
1 (45.64346588131907,-73.26268759302997)
1 (45.61595996504321,-73.25180832364529)
1 (45.56308564403154,-73.52837643590907)
1 (45.60698262212841,-73.6295660786467)
1 (45.30614718335359,-73.43165818967898)
1 (45.39086352767177,-73.6912501726951)
1 (45.52819797723126,-73.5046263237609)
1 (45.36052512600923,-73.2576832573596)
1 (45.6369047958054,-73.3315669472004)
1 (45.54489959418642,-73.58709537571966)
1 (45.50054092001169,-73.58690627431517)
1 (45.57285407132507,-73.67056323264042)
1 (45.6961923958847,-73.72174378317358)
1 (45.655968657983564,-73.28497530130073)
1 (45.451385191944205,-73.68372158271332)
1 (45.730441123479,-73.47318542364795)
1 (45.628635812809506,-73.74589829513987)
1 (45.60200574071734,-73.49162264595006)
1 (45.438853709702336,-73.44558867098365)
1 (45.531991763391055,-73.62060587849334)
1 (45.54657459110042,-73.29379836365506)
1 (45.68751055921203,-73.571967180026)
1 (45.34767959370196,-73.30992594915263)
1 (45.25424847323579,-73.55231801880066)
1 (45.45855597173623,-73.56482251723956)
1 (45.276455892161906,-73.3483983134359)
1 (45.35458068777126,-73.27809193237529)
1 (45.445461274179685,-73.59342865416964)
1 (45.635359398154826,-73.61268297808589)
1 (45.60540218142564,-73.65024122256645)
1 (45.574328539579,-73.64136743888099)
1 (45.68285351402141,-73.30819599587558)
1 (45.4311296261447,-73.52561623846488)
1 (45.57564665045437,-73.73649349408889)
1 (45.466590171392006,-73.7476787065686)
1 (45.255411236633854,-73.36647665059931)
1 (45.70219666009566,-73.27133797865702)
1 (45.44823487407778,-73.58986913511485)
1 (45.70862072672604,-73.2758584504877)
1 (45.258324057187984,-73.35862838685202)
1 (45.591160516422626,-73.61105938869169)
1 (45.49066309336316,-73.45519687182207)
1 (45.36388491640437,-73.35924150905015)
1 (45.71040592348623,-73.36941559900839)
1 (45.56881908506026,-73.361861492379)
1 (45.74909930290403,-73.37021947799238)
1 (45.30168572584264,-73.27539221669242)
1 (45.430823586802546,-73.49646434729468)
1 (45.25151702651219,-73.66172464395085)
1 (45.7449512589669,-73.3118412455711)
1 (45.44787816178776,-73.2937601173058)
1 (45.536461114128265,-73.3738138204139)
1 (45.63649403123177,-73.2665098069714)
1 (45.51960952153457,-73.45587017105198)
1 (45.571746489153895,-73.6480611226267)
1 (45.54624855951857,-73.6361111028803)
1 (45.522810457049644,-73.28318871505314)
1 (45.57619374945503,-73.42330198097272)
1 (45.43912275480943,-73.47518082303701)
1 (45.70378284704208,-73.63399613472333)
1 (45.51042841437965,-73.61861958736891)
1 (45.39213013449154,-73.26119281246923)
1 (45.28682506013396,-73.43739691713068)
1 (45.25456891969848,-73.58622374935844)
1 (45.59502658686467,-73.29816550967162)
1 (45.30138845797862,-73.28116725121578)
1 (45.69849338292462,-73.61971762023325)
1 (45.53920955325859,-73.72906960650467)
1 (45.501126741709975,-73.68345203832814)
1 (45.67020655529683,-73.25360893385464)
1 (45.58690136204172,-73.66913283569164)
1 (45.38887163234677,-73.39856699162792)
1 (45.52111019873922,-73.49356123866211)
1 (45.41513048933162,-73.33058021235145)
1 (45.61282195340678,-73.51757518381403)
1 (45.43435717968671,-73.35612122055868)
1 (45.25270226084941,-73.40895882314523)
1 (45.53719851987774,-73.44551809855571)
1 (45.49552518820335,-73.40538749718841)
1 (45.56510737168944,-73.54304869154386)
1 (45.252502826471066,-73.41245129898357)
1 (45.47109704722003,-73.31275306463385)
1 (45.29498613188379,-73.29709382138026)
1 (45.399467380544465,-73.32458731220528)
1 (45.74814125004015,-73.39647002533162)
1 (45.673116531170166,-73.52489784687367)
1 (45.37088119660121,-73.65627079423395)
1 (45.25254042872973,-73.6589252728842)
1 (45.6766336003072,-73.4409790859553)
1 (45.49673561966974,-73.62115292165987)
1 (45.34845090194435,-73.42131617828215)
1 (45.71295901158543,-73.50179500187802)
1 (45.44152042346853,-73.541303791895)
1 (45.5296615962726,-73.37457558877793)
1 (45.546307165814255,-73.39891157222509)
1 (45.56490156583387,-73.63217912131111)
1 (45.406363201923185,-73.44017669387287)
1 (45.6911551906269,-73.42135963259456)
1 (45.44626336560674,-73.66697594559871)
1 (45.416682550866184,-73.45967545148788)
1 (45.267177470354014,-73.59329802702888)
1 (45.51346801400697,-73.73017229138115)
1 (45.41026524036366,-73.45390722003393)
1 (45.52224416479898,-73.7490677073814)
1 (45.57138097737716,-73.67270742675153)
1 (45.65622060068526,-73.28459546434989)
1 (45.47450063191305,-73.3359083512363)
1 (45.40687782230899,-73.57264896118241)
1 (45.275834709171875,-73.38726381956141)
1 (45.32754929856807,-73.72671810646156)
1 (45.67576644486044,-73.469195146264)
1 (45.533503418808536,-73.67584466729917)
1 (45.36155515215907,-73.27453027193415)
1 (45.41085003086368,-73.5849265729363)
1 (45.49017073776946,-73.44888254217989)
1 (45.37083470541019,-73.3166820294351)
1 (45.64767583093273,-73.49336086865888)
1 (45.72094719083276,-73.58393983744935)
1 (45.589248172657285,-73.26134610009285)
1 (45.34975863905601,-73.51465279298179)
1 (45.57223616696166,-73.5214861912773)
1 (45.43851559825773,-73.41013647632849)
1 (45.743566865528265,-73.6718558914245)
1 (45.31925705088625,-73.51951617157395)
1 (45.332375891706235,-73.53739466563998)
1 (45.39658388026353,-73.68022027940489)
1 (45.32890492840109,-73.26427936277825)
1 (45.73819870956425,-73.68558881595533)
1 (45.40151314534909,-73.64080627089359)
1 (45.51794714179662,-73.73627132395484)
1 (45.515074563013634,-73.72465015880645)
1 (45.464329724026584,-73.31206873889293)
1 (45.566084260091245,-73.44103568894613)
1 (45.32731729957068,-73.26522946551655)
1 (45.34247212704608,-73.33539987315774)
1 (45.62679071627764,-73.38494009311282)
1 (45.749423504499006,-73.41754181513213)
1 (45.58703902301668,-73.61585704849165)
1 (45.516432081475166,-73.5220494349537)
1 (45.69348866026892,-73.53100551855447)
1 (45.51536082138062,-73.33196031051897)
1 (45.73019949585846,-73.56122774933732)
1 (45.374463012657365,-73.66915714930605)
1 (45.46965158278899,-73.36959319061009)
1 (45.26911567549051,-73.34591626186233)
1 (45.3899601392919,-73.62978841858896)
1 (45.60644392460146,-73.29732014030165)
1 (45.38889424219648,-73.32248521486562)
1 (45.298065240980634,-73.37391370043274)
1 (45.44893825334369,-73.50304078609025)
1 (45.43285874543356,-73.56802616653758)
1 (45.58312294739444,-73.31761433982207)
1 (45.41996492196207,-73.5755989600394)
1 (45.657467026586914,-73.35288993664867)
1 (45.571147455856796,-73.45815271037063)
1 (45.34260759935084,-73.6970758901591)
1 (45.63119939511817,-73.26669458449499)
1 (45.494561680799684,-73.36670638696597)
1 (45.445251593618806,-73.32091001666552)
1 (45.70254909148655,-73.51500172438143)
1 (45.27264233537058,-73.40290089523307)
1 (45.57042012996347,-73.58314865988568)
1 (45.71843265727326,-73.42502529140525)
1 (45.51747017731248,-73.28584317528929)
1 (45.35570286080239,-73.66606182873862)
1 (45.49428611017727,-73.53679325013701)
1 (45.35444120422689,-73.43896453105681)
1 (45.50975801986847,-73.61860972123415)
1 (45.31613690626864,-73.55689219548168)
1 (45.256503096554134,-73.58461882173788)
1 (45.537114991269355,-73.70198926383648)
1 (45.40368637115804,-73.54761042483202)
1 (45.58820161777773,-73.27356296628939)
1 (45.298586907797045,-73.66239154241246)
1 (45.40348411276515,-73.49884472219641)
1 (45.381245696714394,-73.74524490572212)
1 (45.51673079453468,-73.5304416223623)
1 (45.5701453107953,-73.59399838400994)
1 (45.670461413924144,-73.42987661219284)
1 (45.721109271723044,-73.6773907238556)
1 (45.7497097948302,-73.34628449897059)
1 (45.496472626521104,-73.4517753725109)
1 (45.36019622001186,-73.34337312944287)
1 (45.607063344044114,-73.63693407773792)
1 (45.3789276085661,-73.70617778278162)
1 (45.40564751173207,-73.34087747877265)
1 (45.45416949127786,-73.67192923459304)
1 (45.71722958054959,-73.46599073508764)
1 (45.721284613183904,-73.37652423069025)
1 (45.58896210774882,-73.35573719692954)
1 (45.43110857484854,-73.38963001309558)
1 (45.330407873492206,-73.65236398485149)
1 (45.258333905777015,-73.52737240048869)
1 (45.29351048866972,-73.33165863943522)
1 (45.268799667088025,-73.68185003163244)
1 (45.3108676003865,-73.36078650941175)
1 (45.37663439660248,-73.69138530851016)
1 (45.57076479028171,-73.38959396096992)
1 (45.61487610179406,-73.2944654601038)
1 (45.45791553705341,-73.3344931112123)
1 (45.676493798916525,-73.46374531575901)
1 (45.52996694830391,-73.6471490333318)
1 (45.45666061126032,-73.40427600935683)
1 (45.331568431627254,-73.47767108460586)
1 (45.74167970407509,-73.72229224334345)
1 (45.67016418507918,-73.3438652617666)
1 (45.74513960479131,-73.72743334553803)
1 (45.29065855466044,-73.30433517832468)
1 (45.38767665703174,-73.52219143304175)
1 (45.58971654215394,-73.50382442387621)
1 (45.553147749537246,-73.45767309457483)
1 (45.60470014744304,-73.314173987806)
1 (45.53106766331769,-73.69442877244445)
1 (45.497104348267094,-73.63362331352742)
1 (45.4728407902015,-73.5011471088456)
1 (45.625844997991,-73.73091462964227)
1 (45.447617956954836,-73.5524295010864)
1 (45.571863938814815,-73.32876516403333)
1 (45.58253487386162,-73.34965297170812)
1 (45.63225527171102,-73.41375263797025)
1 (45.31163935980364,-73.48609760466945)
1 (45.34947960199358,-73.5365147559633)
1 (45.43799046174288,-73.30905756468248)
1 (45.579221703261226,-73.62739391644254)
1 (45.53421325923716,-73.59757283358205)
1 (45.42906006396301,-73.59826390445753)
1 (45.668218889294266,-73.67471169158493)
1 (45.619355257989405,-73.7312555999141)
1 (45.542850344653296,-73.4080020373322)
1 (45.42762733549408,-73.56945444374311)
1 (45.38088985384637,-73.32065241677063)
1 (45.378180402995376,-73.7233727377182)
1 (45.270165267552144,-73.53962183247376)
1 (45.72984645968683,-73.69010533294768)
1 (45.70741772356299,-73.54439021981507)
1 (45.59645813717744,-73.4495576936426)
1 (45.74414430981146,-73.65244942602786)
1 (45.70702387518974,-73.25399100463241)
1 (45.44280505499928,-73.38407771692465)
1 (45.3755668718809,-73.66335906644733)
1 (45.29758412430395,-73.28987842198921)
1 (45.70420279666924,-73.49951763601992)
1 (45.360321253956506,-73.49985680181159)
1 (45.38726927798078,-73.49736703721014)
1 (45.539279889534626,-73.66247659310703)
1 (45.71918360635829,-73.52034432650332)
1 (45.40609456950586,-73.58618122826961)
1 (45.5341932841491,-73.28141209262772)
1 (45.354540685396884,-73.27428235984826)
1 (45.322297446090765,-73.56879598434625)
1 (45.603695538410584,-73.65691128229516)
1 (45.67235527880888,-73.5182038778219)
1 (45.32761053230836,-73.67089701461238)
1 (45.490761081881956,-73.5001149098856)
1 (45.62379001393948,-73.41997764422116)
1 (45.63205366699756,-73.70195709425093)
1 (45.60357299395753,-73.46366939957807)
1 (45.65644122673646,-73.48059777011326)
1 (45.59893995218047,-73.33341118929117)
1 (45.39846098737903,-73.54055140861706)
1 (45.33231755867918,-73.65926999801937)
1 (45.390856367666714,-73.45766507488325)
1 (45.38862991475868,-73.30953562970053)
1 (45.438242498482985,-73.5167720760287)
1 (45.462145912031644,-73.69895135981362)
1 (45.27624429377946,-73.2649097862905)
1 (45.62459766595848,-73.40911983221397)
1 (45.283529659202934,-73.59917835134176)
1 (45.27559628951659,-73.48679161608784)
1 (45.636523434743175,-73.61017210813799)
1 (45.491546685318426,-73.74228681496928)
1 (45.60957635675229,-73.2881463584111)
1 (45.685063832024525,-73.5612180521543)
1 (45.42697609100986,-73.56968727702795)
1 (45.3233190742813,-73.66797611974046)
1 (45.66742618417525,-73.55763349490165)
1 (45.430795375090746,-73.43910759426497)
1 (45.70648172098359,-73.58635319710307)
1 (45.71960662953938,-73.25875661169898)
1 (45.557918803151075,-73.62821103866511)
1 (45.44883649396197,-73.53676107130227)
1 (45.741128444740134,-73.34516483310576)
1 (45.513278461074336,-73.37278640667196)
1 (45.4583635265505,-73.38191205940875)
1 (45.30150915732739,-73.44704808830926)
1 (45.41303079165456,-73.27386225966052)
1 (45.54340317712635,-73.54971695930897)
1 (45.53820831667032,-73.60444128303556)
1 (45.6879979793523,-73.72701950336173)
1 (45.73318188506865,-73.29183918086487)
1 (45.31404374214564,-73.32233808293724)
1 (45.42503221067026,-73.61529396395386)
1 (45.67762324032897,-73.72528423665212)
1 (45.38216816958593,-73.30535876221434)
1 (45.74390319014842,-73.41076085628588)
1 (45.70718938031415,-73.72133052821938)
1 (45.43337880341847,-73.35344742936466)
1 (45.32757487785181,-73.3221238608933)
1 (45.33689931070648,-73.64093513942966)
1 (45.58443294557284,-73.30435394222509)
1 (45.3183130866225,-73.58090669238753)
1 (45.69191020457061,-73.43324820960977)
1 (45.72874638940942,-73.3042988441233)
1 (45.40284664860809,-73.72823657352706)
1 (45.4023311168759,-73.30730340656213)
1 (45.669876433045836,-73.28567574803928)
1 (45.6896221163036,-73.55035552813958)
1 (45.43541244436489,-73.62614356930239)
1 (45.511995888728784,-73.64192598215318)
1 (45.41881616453472,-73.54309469803427)
1 (45.2879979266859,-73.27897737310066)
1 (45.3945423415342,-73.50339949295018)
1 (45.590907080586256,-73.49436175984319)
1 (45.47116163865831,-73.70839349098233)
1 (45.545710690316014,-73.37423045441741)
1 (45.28790229306851,-73.46654513629825)
1 (45.26323537705142,-73.25569474033162)
1 (45.34271541064219,-73.55570522170095)
1 (45.53935405440373,-73.49651897167047)
1 (45.353856645100876,-73.26413146771867)
1 (45.617990312504084,-73.72454572425949)
1 (45.63559041460726,-73.29508774097722)
1 (45.52806745701749,-73.52484554548832)
1 (45.43786091737275,-73.69979740637221)
1 (45.356599955241236,-73.30725184464876)
1 (45.55963764515802,-73.46788593820567)
1 (45.31280097843511,-73.6159843274873)
1 (45.29613130853728,-73.35317849836876)
1 (45.571380485147564,-73.39648252433742)
1 (45.421189393355604,-73.4458234119145)
1 (45.65713411786344,-73.7223638169871)
1 (45.43791881492748,-73.41919322604188)
1 (45.54747377188052,-73.7075883749383)
1 (45.25294639970815,-73.28187021746882)
1 (45.72472674872953,-73.28545628380371)
1 (45.7427163524305,-73.35125393299239)
1 (45.60583106241744,-73.7269803268476)
1 (45.38383687889212,-73.53593361779522)
1 (45.613480127628485,-73.69647062750336)
1 (45.713726751431125,-73.36894908492317)
1 (45.629821037686284,-73.30183550310574)
1 (45.37267555159456,-73.5734186717025)
1 (45.691486362867494,-73.4911456431999)
1 (45.35391989898154,-73.26574394205271)
1 (45.54304011243416,-73.27542700370209)
1 (45.3544509622901,-73.70970564897283)
1 (45.56484429592239,-73.6204404162459)
1 (45.27600715520564,-73.3272464190083)
1 (45.63090342804495,-73.44737422861017)
1 (45.47306896129771,-73.44859096896249)
1 (45.63241992979992,-73.51391889413081)
1 (45.28266109830288,-73.54558486898557)
1 (45.72359431187737,-73.51311082791365)
1 (45.69938076031607,-73.43773873756795)
1 (45.30762962211776,-73.52762536166196)
1 (45.27830871398385,-73.69044496668107)
1 (45.38295064165906,-73.51186700044211)
1 (45.45832336155158,-73.63918956812087)
1 (45.61232400925737,-73.74324780441157)
1 (45.49882626624188,-73.67231232620158)
1 (45.36086601889296,-73.68746304673773)
1 (45.61400081061607,-73.58797372753988)
1 (45.4728510544904,-73.46036592003334)
1 (45.670463894512544,-73.50846779376415)
1 (45.72178401472312,-73.54121118461909)
1 (45.48653416644037,-73.48687532683044)
1 (45.67337600389445,-73.59858082576174)
1 (45.33432802883873,-73.57728236803955)
1 (45.64686349279895,-73.73122226866752)
1 (45.69950847074283,-73.26039460098615)
1 (45.54653661688192,-73.60132316581804)
1 (45.69774981337965,-73.72135840855663)
1 (45.56239331356321,-73.347414477782)
1 (45.2818446289254,-73.5659549713052)
1 (45.60651176435688,-73.30813652920065)
1 (45.49886767085966,-73.63506436441726)
1 (45.36003426431542,-73.46652078721618)
1 (45.572924622772085,-73.63540191654955)
1 (45.454581429772695,-73.63723314607927)
1 (45.495752053008815,-73.34700953845282)
1 (45.60146666476212,-73.26639209180338)
1 (45.60479792584421,-73.69484043909246)
1 (45.412256284336664,-73.29511869503939)
1 (45.31640060272347,-73.48300589182901)
1 (45.7250215557357,-73.3538927930579)
1 (45.26029735940799,-73.58585806680011)
1 (45.462055009470006,-73.60508296960467)
1 (45.530931746921645,-73.37006395184794)
1 (45.39687358179184,-73.33568590684811)
1 (45.63089250938346,-73.5861801358152)
1 (45.70100745208774,-73.42135350822957)
1 (45.43230493464569,-73.41696933249075)
1 (45.274373933577905,-73.53620435904357)
1 (45.62310883411671,-73.30280446262583)
1 (45.63696165542174,-73.47070885050839)
1 (45.63689565487094,-73.58198709063673)
1 (45.57410109932924,-73.64210545505081)
1 (45.48734052013454,-73.38566199785097)
1 (45.28277307074362,-73.33834844556183)
1 (45.741253184077294,-73.61324053553587)
1 (45.46220797392489,-73.42750542533378)
1 (45.56788529391472,-73.68485056640061)
1 (45.62845392193015,-73.68981599083142)
1 (45.39636947743921,-73.62231154683303)
1 (45.40964306368382,-73.58929078323861)
1 (45.69802929525955,-73.34948846898072)
1 (45.696360882941526,-73.69577313411048)
1 (45.28578707545983,-73.4266091863583)
1 (45.27982416769519,-73.59680357975829)
1 (45.289010127173775,-73.74123480000696)
1 (45.50949925249692,-73.50142037292126)
1 (45.61887423501397,-73.47105346154136)
1 (45.54134256816151,-73.33519719097407)
1 (45.28668612450459,-73.41052338728251)
1 (45.42802171523685,-73.45736207289134)
1 (45.375595517978624,-73.51462118585228)
1 (45.62327583115168,-73.69675974888587)
1 (45.29474016113573,-73.25855731653706)
1 (45.433999743271855,-73.70371239826052)
1 (45.664105759568514,-73.64230078295034)
1 (45.55568744023236,-73.64950186254478)
1 (45.288245952311726,-73.38311068168704)
1 (45.56954588014382,-73.57423919165531)
1 (45.67749570543469,-73.53800281975595)
1 (45.662891226538996,-73.68730572902395)
1 (45.466424981894555,-73.48118472135425)
1 (45.358365002077605,-73.66234241372301)
1 (45.36101737747927,-73.3289733796229)
1 (45.70205893323902,-73.44093232211893)
1 (45.41842235013006,-73.55656498622851)
1 (45.66581256385612,-73.2656643324996)
1 (45.526117289806585,-73.68725681868206)
1 (45.46474879971733,-73.60418365028058)
1 (45.40092942958257,-73.55532654507437)
1 (45.577538166340325,-73.3011280842789)
1 (45.27260565299458,-73.74875507986374)
1 (45.48393350716196,-73.70451686480388)
1 (45.651481598738215,-73.42733408630913)
1 (45.501792367285546,-73.65720158351607)
1 (45.70528970673336,-73.28543029020913)
1 (45.61410547146279,-73.622407228402)
1 (45.28625921288126,-73.48678369570968)
1 (45.32547500914582,-73.32518370528128)
1 (45.556399278036615,-73.44119752913055)
1 (45.37703770216675,-73.63875671401331)
1 (45.45621978744622,-73.31983331991188)
1 (45.57900305629801,-73.52630947565251)
1 (45.45013266409436,-73.71705461616548)
1 (45.59077817987464,-73.66464501672779)
1 (45.560389646582315,-73.36236871488688)
1 (45.69007621165221,-73.42647132394899)
1 (45.67065108225935,-73.26599594372013)
1 (45.4244562055163,-73.68272019944082)
1 (45.4401431499687,-73.6459517512222)
1 (45.531418308805435,-73.40535308376498)
1 (45.41984966330079,-73.43325704315964)
1 (45.646478424294976,-73.30452538631701)
1 (45.60329750847327,-73.58499798342527)
1 (45.59257272362806,-73.72177377062852)
1 (45.67623320434079,-73.35243677935584)
1 (45.458693018715614,-73.72305875074899)
1 (45.65185148423256,-73.55323032154973)
1 (45.73082973065961,-73.29203795363026)
1 (45.39122477309118,-73.28304429790838)
1 (45.43409998582952,-73.7148634912907)
1 (45.71219599692154,-73.3724557235383)
1 (45.581364260544696,-73.67308955140615)
1 (45.38423532392668,-73.25001717684077)
1 (45.700685691361706,-73.72094470324868)
1 (45.29162471944917,-73.71171175775781)
1 (45.33166183114903,-73.71726599275412)
1 (45.42282241368689,-73.42075806717459)
1 (45.638959798392456,-73.41081006665354)
1 (45.609972912091315,-73.26982992804378)
1 (45.69031097075038,-73.74044962069698)
1 (45.5992660995119,-73.53023639711792)
1 (45.485772752083626,-73.50893112045945)
1 (45.58021254476923,-73.48946251759759)
1 (45.50524027474831,-73.42041312753496)
1 (45.739890311495024,-73.53970224918278)
1 (45.361991892044216,-73.53792212192488)
1 (45.73683181119887,-73.42562013835145)
1 (45.61147811253887,-73.51715603008527)
1 (45.70845760736869,-73.58955905574786)
1 (45.36661428069334,-73.50773333180281)
1 (45.53582724480676,-73.26676641804427)
1 (45.61351317442696,-73.3820289167726)
1 (45.58996559828189,-73.68194219630453)
1 (45.50489450920509,-73.45515547469955)
1 (45.575136424653664,-73.38151713455795)
1 (45.43233399815725,-73.59744245714165)
1 (45.36617306836902,-73.40355025738644)
1 (45.34306548371168,-73.61293248717634)
1 (45.40933960419638,-73.63899030053786)
1 (45.57222551964966,-73.46395800603837)
1 (45.31918400638813,-73.37427578137547)
1 (45.40723031551355,-73.36277917256744)
1 (45.25745812074369,-73.62585442216519)
1 (45.68740094770824,-73.42655661049176)
1 (45.524417568403116,-73.48218260418584)
1 (45.46900355266623,-73.50160087881483)
1 (45.527677974316234,-73.2581214611823)
1 (45.65354678749698,-73.40688345643393)
1 (45.41929219351309,-73.34037631372126)
1 (45.485479746307426,-73.72521182946859)
1 (45.707826497096164,-73.66073169796127)
1 (45.47435946528836,-73.38326445525692)
1 (45.5589519400323,-73.27631507439331)
1 (45.58610754066536,-73.60884921297725)
1 (45.295430409044194,-73.56297707314589)
1 (45.47815152456477,-73.43529196636548)
1 (45.29536319334329,-73.5391073682221)
1 (45.624047455200426,-73.73877976100022)
1 (45.56618316969401,-73.3328101199755)
1 (45.38460543992153,-73.34477642650518)
1 (45.74110983145314,-73.28534377487317)
1 (45.4345913801832,-73.52429571597558)
1 (45.604649999932604,-73.64808529951418)
1 (45.446753313149785,-73.71986093045373)
1 (45.504215010651315,-73.27900950133898)
1 (45.56822195043556,-73.59439709376385)
1 (45.646038562007874,-73.67777945973832)
1 (45.49826054637694,-73.48409539601899)
1 (45.30531777278304,-73.61602460853017)
1 (45.39089005323122,-73.55845710807338)
1 (45.40286329531748,-73.52123851755329)
1 (45.36109155920225,-73.44726743616276)
1 (45.71353232733753,-73.65895880567284)
1 (45.56908828863041,-73.28516762896076)
1 (45.675331943838046,-73.52849713312109)
1 (45.69363573783759,-73.54978661962267)
1 (45.36231851906416,-73.7424677113478)
1 (45.58229889529014,-73.72906150113315)
1 (45.66928182943928,-73.49971820362356)
1 (45.48437165711406,-73.74741908266358)
1 (45.63169127843652,-73.58499734403485)
1 (45.53039391159587,-73.70890869492902)
1 (45.57049453732702,-73.63679914328326)
1 (45.52114787139777,-73.37816945272783)
1 (45.40809738313821,-73.71730390118557)
1 (45.62856596222156,-73.41728310452861)
1 (45.54921678765218,-73.49519181774491)
1 (45.29115814763745,-73.72810667781178)
1 (45.65828749552848,-73.61333549655531)
1 (45.40736763740422,-73.31559682098371)
1 (45.493715731120965,-73.55898286494633)
1 (45.391689499917106,-73.38793105388898)
1 (45.67851179308546,-73.58402289619133)
1 (45.260437605445595,-73.44389888460829)
1 (45.39669684870016,-73.43728153507699)
1 (45.65672100676993,-73.36707884676694)
1 (45.50536711580722,-73.36952609789674)
1 (45.60749172747546,-73.54973525863784)
1 (45.44341245110888,-73.55496167372013)
1 (45.32945165514247,-73.30716186402779)
1 (45.599623914040485,-73.74048347046659)
1 (45.56515707284543,-73.31536701007225)
1 (45.475289051322896,-73.58580483548997)
1 (45.735835121484925,-73.51153845167093)
1 (45.539361013849685,-73.29381059926439)
1 (45.64322714516591,-73.33764345078644)
1 (45.62790162440941,-73.2510915061627)
1 (45.53919993874749,-73.38281304386516)
1 (45.58373639771453,-73.50359545385274)
1 (45.60891636264135,-73.38982725090005)
1 (45.56712290498366,-73.48168699220422)
1 (45.28103283682399,-73.73506098257249)
1 (45.59372211825132,-73.46263693111385)
1 (45.28669188292445,-73.36966829611717)
1 (45.37227584463888,-73.3166692872443)
1 (45.538003619541115,-73.32257569447253)
1 (45.42113133040509,-73.6251735721129)
1 (45.686261050837565,-73.71302320789532)
1 (45.740117487674155,-73.28654538871841)
1 (45.65030963023006,-73.30193473705911)
1 (45.502265869006536,-73.73634933850211)
1 (45.47629240644525,-73.42731736893465)
1 (45.30848206337172,-73.40410320658874)
1 (45.601417867230396,-73.7191820583828)
1 (45.51751215970053,-73.50896328024601)
1 (45.446448416342065,-73.27414642127587)
1 (45.5234118250942,-73.26094579441099)
1 (45.25428296155045,-73.48892289662935)
1 (45.603213819359745,-73.48305011085077)
1 (45.72530827169628,-73.5053139416619)
1 (45.59860343817867,-73.60275486211867)
1 (45.27411914136395,-73.70712851127095)
1 (45.72714894633169,-73.3788383467897)
1 (45.64675850240635,-73.43160237693563)
1 (45.74099823455669,-73.6313304088255)
1 (45.69280418322565,-73.51444748862983)
1 (45.46394031879684,-73.62863312789048)
1 (45.28242987384541,-73.4785739255027)
1 (45.441344355869,-73.65645332698399)
1 (45.6949936870273,-73.60182047458972)
1 (45.531726542564535,-73.6481703642003)
1 (45.28275846083697,-73.25869836940022)
1 (45.25355893536622,-73.59561790188224)
1 (45.33102358889493,-73.32519526728461)
1 (45.57642232560601,-73.28298928511644)
1 (45.29424922005072,-73.56410467338563)
1 (45.61171852290341,-73.6946810540921)
1 (45.48667917826832,-73.27113914857732)
1 (45.31489600633289,-73.74037012198006)
1 (45.345519951736335,-73.5592532326522)
1 (45.35850569842874,-73.71747520787245)
1 (45.564908656298236,-73.4901453312777)
1 (45.27339239743663,-73.69238385463434)
1 (45.71970398316006,-73.32782565636556)
1 (45.28394022356058,-73.72743165176706)
1 (45.459559453373444,-73.48943024072595)
1 (45.48252915052829,-73.61060089843119)
1 (45.45578963975072,-73.30312896490284)
1 (45.59822263567506,-73.45926127067553)
1 (45.52621530938561,-73.45201880943921)
1 (45.61519474437222,-73.26800562865992)
1 (45.74647451967006,-73.4863110321091)
1 (45.387518615471905,-73.65373955661515)
1 (45.38021238297276,-73.52391438796255)
1 (45.67867614921618,-73.71866355555237)
1 (45.62511290230977,-73.73168421378284)
1 (45.72651211067173,-73.60364266196794)
1 (45.476912374722886,-73.38615025318265)
1 (45.49734443764973,-73.4406880580135)
1 (45.459334161143886,-73.25345402723285)
1 (45.74655531956981,-73.53388156261838)
1 (45.55431088960047,-73.70351963389483)
1 (45.34722630881144,-73.70305357491377)
1 (45.393910582219206,-73.38314965547978)
1 (45.583243841199895,-73.31388102399536)
1 (45.64305914651181,-73.4167810076388)
1 (45.72878976284932,-73.59180211366353)
1 (45.510452484789646,-73.4820533160339)
1 (45.2522449207444,-73.37525027723662)
1 (45.47397707028209,-73.72013566682502)
1 (45.389271985587214,-73.50618991902635)
1 (45.59650888518964,-73.2879252268438)
1 (45.62720701126277,-73.5827924523917)
1 (45.73813607885133,-73.44077439384878)
1 (45.330877631872866,-73.31032118796863)
1 (45.54165183514569,-73.35032113111654)
1 (45.318578785265395,-73.6818993443307)
1 (45.279589440774494,-73.41228997871828)
1 (45.666175556384445,-73.70081578898618)
1 (45.503122448378626,-73.5837992216376)
1 (45.37716561976454,-73.32037869611077)
1 (45.42582858661329,-73.30875280259859)
1 (45.30702219899765,-73.726057711518)
1 (45.608616906883036,-73.34331335551016)
1 (45.3712518708688,-73.51776063879757)
1 (45.28604330518452,-73.28124587434579)
1 (45.59833961016044,-73.26757125976702)
1 (45.588790449560626,-73.30108934406314)
1 (45.51111684606854,-73.3301302825037)
1 (45.47226400336148,-73.61365668126908)
1 (45.63307652081762,-73.66907177986806)
1 (45.35705748185709,-73.27928142118914)
1 (45.61977273439956,-73.33353330998297)
1 (45.323464269592236,-73.48952236412966)
1 (45.609680185287594,-73.57373781923866)
1 (45.67926594691484,-73.56770547742073)
1 (45.373752644776246,-73.42400145950901)
1 (45.3377016329841,-73.3367253205689)
1 (45.71840747241381,-73.4052515852844)
1 (45.70082419747421,-73.63094615928159)
1 (45.36277666622947,-73.30724469994848)
1 (45.64237486615145,-73.59183596676715)
1 (45.66780316063593,-73.3031546730747)
1 (45.723858229638644,-73.48413453670466)
1 (45.64212440953959,-73.4260570927907)
1 (45.45767590621545,-73.60089961623906)
1 (45.587673580752586,-73.69806571681896)
1 (45.25197764067092,-73.3916934194273)
1 (45.57654185086759,-73.44848309561498)