2150 2150
101 (45.5,-73.5)
1 (45.63331432119503,-73.7484643285015)
1 (45.66988376691157,-73.58730709494705)
1 (45.44522837682714,-73.41834698417749)
1 (45.399510761785976,-73.31479132783494)
1 (45.463592772432015,-73.28164660828881)
1 (45.53330620371995,-73.44648736970053)
1 (45.25281033164685,-73.73669167807721)
1 (45.53670881080821,-73.71630244516739)
1 (45.61091137421272,-73.6710317596226)
1 (45.424249281581325,-73.58758648300545)
1 (45.61613793893709,-73.4706253841771)
1 (45.36748847553185,-73.25411825914894)
1 (45.592779069677995,-73.72520595795025)
1 (45.4886936859883,-73.64909041561008)
1 (45.25982200340812,-73.72893144574468)
1 (45.72320284676896,-73.40079883383004)
1 (45.412410330240796,-73.55071662486715)
1 (45.477664709942886,-73.27872239458829)
1 (45.71315066360406,-73.35831475501286)
1 (45.546206519658355,-73.26303437186886)
1 (45.537985100162835,-73.32425830647234)
1 (45.37206869660652,-73.44431733011518)
1 (45.32964791262543,-73.32018654398873)
1 (45.25835964195719,-73.5183589537058)
1 (45.56065019292651,-73.71888062869704)
1 (45.53832174663854,-73.68338645858182)
1 (45.69728744090163,-73.4704948110832)
1 (45.51286325117677,-73.27395287126068)
1 (45.48634034790102,-73.70101544497386)
1 (45.65109869988466,-73.47691904059403)
1 (45.45694034199446,-73.39689733036089)
1 (45.62825404154043,-73.47058037023848)
1 (45.74149688199276,-73.29011992467488)
1 (45.74453074566627,-73.3079680648451)
1 (45.671634352558385,-73.3425740467855)
1 (45.62838668870309,-73.32970994854288)
1 (45.59776226771341,-73.74773243319085)
1 (45.37817951114452,-73.34056660896681)
1 (45.51420318606504,-73.62097571857821)
1 (45.437231854584034,-73.716863678431)
1 (45.34572861333396,-73.53773820167393)
1 (45.52911591868038,-73.52952205794314)
1 (45.66590376925357,-73.30080577025211)
1 (45.40231795182351,-73.66924286009632)
1 (45.672818216370764,-73.27464152928309)
1 (45.44643199321524,-73.3466347753118)
1 (45.44357964661622,-73.31553213920904)
1 (45.445644890797674,-73.71067653764321)
1 (45.32537440076499,-73.25164151222906)
1 (45.32951351943771,-73.68388822284686)
1 (45.297948685981126,-73.52672597142823)
1 (45.265897795570275,-73.4519399206441)
1 (45.260040544505955,-73.51530804618336)
1 (45.31640191975125,-73.36915744059729)
1 (45.450593108357765,-73.6455242806842)
1 (45.640789027199475,-73.3494896035961)
1 (45.614505720401425,-73.32865511497484)
1 (45.3935733086874,-73.60498264828155)
1 (45.56223012039344,-73.29151302076652)
1 (45.50335631078843,-73.37066231726918)
1 (45.452694778514115,-73.73940807115974)
1 (45.463462919690684,-73.51595496559453)
1 (45.44984109437509,-73.3433278676782)
1 (45.591045487237295,-73.68838430170268)
1 (45.36448121473639,-73.34526204432362)
1 (45.431063042459215,-73.36526101615244)
1 (45.49523762255358,-73.61026931402222)
1 (45.59140567490942,-73.40343788210564)
1 (45.62500088126514,-73.72292800761252)
1 (45.2959225363819,-73.37593336420301)
1 (45.51264234974661,-73.72922910805714)
1 (45.33322516472887,-73.66733248270408)
1 (45.74364458170041,-73.36276370913184)
1 (45.36087610668497,-73.46735369411302)
1 (45.4678629445249,-73.56622477001685)
1 (45.696936120769635,-73.45382663371348)
1 (45.357807789068744,-73.3257860769418)
1 (45.29383144980701,-73.59255540236381)
1 (45.56663709431156,-73.27683919954858)
1 (45.54311613045667,-73.60214800158882)
1 (45.55147557792382,-73.71486223350736)
1 (45.40394230932891,-73.73687279891399)
1 (45.35472683627023,-73.55486217764492)
1 (45.58291495583591,-73.62995832928111)
1 (45.30372087844012,-73.42687565755081)
1 (45.61849578367112,-73.51348347217605)
1 (45.59734032165373,-73.47343060183545)
1 (45.73923423573576,-73.68911008195961)
1 (45.39719415482799,-73.52766475209951)
1 (45.27184172944427,-73.66639100329029)
1 (45.33045894178373,-73.69796444800313)
1 (45.67248874732179,-73.41224175570916)
1 (45.74168272401939,-73.46653042000712)
1 (45.442692597940294,-73.66639450571171)
1 (45.601648304488656,-73.72519520445928)
1 (45.26977683903175,-73.2732586260352)
1 (45.69281770891912,-73.72210958164038)
1 (45.701121768442235,-73.4605923657828)
1 (45.54293081408186,-73.6775837381144)
1 (45.52128862476601,-73.45974596446669)
1 (45.571006868248034,-73.34641154520882)
1 (45.251588436443,-73.3109665820772)
1 (45.543298205871345,-73.55742441660966)
1 (45.332779689156325,-73.63036137715484)
1 (45.710671412756845,-73.7488141756055)
1 (45.583317288089454,-73.53259492644987)
1 (45.41344209748223,-73.73993241271914)
1 (45.44793868889712,-73.30525338688983)
1 (45.49486478534154,-73.43681654499336)
1 (45.364361037568464,-73.31703756672286)
1 (45.560280710542926,-73.35961105586533)
1 (45.27947687190822,-73.51255294596152)
1 (45.4553517867852,-73.3053451041375)
1 (45.44067387621212,-73.70144519885366)
1 (45.313859798939134,-73.61919596706842)
1 (45.572767575213206,-73.6889848261974)
1 (45.643225924074294,-73.44141019555381)
1 (45.42652416708373,-73.61893548125191)
1 (45.67420600796703,-73.42547316627223)
1 (45.450863972896514,-73.70764575614301)
1 (45.60014327733269,-73.28590976493494)
1 (45.4975742214803,-73.34078459184909)
1 (45.370710719216454,-73.63126767602553)
1 (45.51472310149605,-73.28099624799282)
1 (45.38525092250891,-73.36937719250699)
1 (45.622955561893605,-73.49598091292808)
1 (45.25162261669112,-73.5378997247801)
1 (45.29746426655633,-73.36211279424704)
1 (45.73788803822175,-73.71347005234898)
1 (45.59766763080009,-73.72868763079008)
1 (45.64622691351269,-73.68740532337874)
1 (45.49649009239207,-73.54224756669217)
1 (45.58113790153785,-73.36499675485626)
1 (45.36162805552393,-73.4291611397814)
1 (45.46728957529874,-73.34881815035622)
1 (45.53229811389642,-73.31774228650481)
1 (45.69630876325075,-73.40427788410508)
1 (45.7167027153906,-73.34867212343946)
1 (45.44634445348422,-73.47780959040739)
1 (45.60781129537831,-73.47434323043846)
1 (45.52342189311651,-73.64463910706844)
1 (45.67804368788788,-73.28397622090694)
1 (45.51940165350066,-73.30398376851281)
1 (45.567055401340184,-73.71196424678391)
1 (45.6677847297361,-73.61483260427619)
1 (45.32106309280888,-73.39188111784571)
1 (45.50565512186324,-73.57512449485668)
1 (45.47701142164115,-73.50794466038118)
1 (45.3177274441662,-73.29118377593487)
1 (45.61037113088603,-73.56945694392275)
1 (45.34676764669483,-73.36269107851162)
1 (45.481471203199796,-73.59184888449437)
1 (45.403580900377364,-73.42126022897969)
1 (45.322006324714934,-73.7104368496268)
1 (45.29931135631988,-73.70785960837513)
1 (45.600724323043536,-73.27985466725592)
1 (45.452974265761654,-73.65585980279943)
1 (45.29528610574,-73.52335464821373)
1 (45.59794188438035,-73.26240696853168)
1 (45.27590446289208,-73.2917768761735)
1 (45.722530206380185,-73.58111460557883)
1 (45.37560591528819,-73.47196642161614)
1 (45.73188428238114,-73.45373413064564)
1 (45.581823279103794,-73.5487736031199)
1 (45.311036050537716,-73.61750786742842)
1 (45.5345149298954,-73.27350289788414)
1 (45.60230882949086,-73.57832576331644)
1 (45.65711992758967,-73.32478155662852)
1 (45.584168851649366,-73.62760047421258)
1 (45.2783964634276,-73.26529951761927)
1 (45.45317486893417,-73.60294297294729)
1 (45.52555444986526,-73.49972752764064)
1 (45.36585245459,-73.44926420058748)
1 (45.58208127917581,-73.32535107519955)
1 (45.59312077237263,-73.32784612292664)
1 (45.60727304946001,-73.53756293650505)
1 (45.4763249099984,-73.44621830126883)
1 (45.708721905405525,-73.4073378336314)
1 (45.55097819513809,-73.44134451959673)
1 (45.343873394074016,-73.68716814679337)
1 (45.32199410603362,-73.54266646786489)
1 (45.4022559677472,-73.62566983118799)
1 (45.43248869763841,-73.36996987083)
1 (45.48609814779011,-73.27917362451227)
1 (45.3671598912751,-73.58383108224133)
1 (45.5637869262065,-73.70109652826451)
1 (45.37080088462367,-73.70357044352376)
1 (45.71798473834628,-73.36674465435273)
1 (45.44268080040766,-73.73918143475147)
1 (45.64820995078412,-73.45242837477409)
1 (45.58832623076493,-73.34962268799788)
1 (45.416299627106156,-73.33337660587617)
1 (45.47166347384389,-73.54015300593696)
1 (45.64241149112201,-73.39491742043771)
1 (45.71253162129918,-73.44605731893593)
1 (45.469085015952054,-73.4657475022556)
1 (45.31725286429868,-73.51915456571389)
1 (45.6113703374957,-73.38084367122663)
1 (45.61324677991777,-73.43689662458)
1 (45.70214635932132,-73.3646749254497)
1 (45.582601444402684,-73.29165995395616)
1 (45.423488449172645,-73.59285415412299)
1 (45.6540647951912,-73.59000003479744)
1 (45.58730855228027,-73.4422239619995)
1 (45.31809551954555,-73.29818150138212)
1 (45.39147964920509,-73.57560154619416)
1 (45.375413675563614,-73.61121457444375)
1 (45.531269136779606,-73.6280131972484)
1 (45.715916655144795,-73.29792189132615)
1 (45.69014432384144,-73.36622920721187)
1 (45.25187729694693,-73.38422729596977)
1 (45.668876512469595,-73.28276559256028)
1 (45.49701651997139,-73.58090137287283)
1 (45.53735816229466,-73.65924958729548)
1 (45.291343602167366,-73.74041653003864)
1 (45.709661304229016,-73.69215104844542)
1 (45.32058315100267,-73.7403571743637)
1 (45.749603212887564,-73.3163627482281)
1 (45.36855844982186,-73.53799871655035)
1 (45.511449085127765,-73.38896764090634)
1 (45.671076796147396,-73.72221202402918)
1 (45.40836929503881,-73.40676199600144)
1 (45.31066301277541,-73.70476780757579)
1 (45.67988247659192,-73.42670837489084)
1 (45.302913440896376,-73.7434086453823)
1 (45.49875379351483,-73.33847341911765)
1 (45.37729300092212,-73.27372404557649)
1 (45.617680798414206,-73.60256022982311)
1 (45.44787425347456,-73.54590707824705)
1 (45.506588220863705,-73.51627625942353)
1 (45.40281773882638,-73.3158890674339)
1 (45.572465420763656,-73.50288254599141)
1 (45.61531885710759,-73.32814171168457)
1 (45.58541942171925,-73.33675095098361)
1 (45.493297287185065,-73.54960410413655)
1 (45.35697891260655,-73.61921144853154)
1 (45.44028077201226,-73.57073492811905)
1 (45.5296736074509,-73.70600174259151)
1 (45.295735702057186,-73.28060826762731)
1 (45.54052604555996,-73.65783737641144)
1 (45.659523051207756,-73.34826421139869)
1 (45.41533148600316,-73.64060069099723)
1 (45.48220854257083,-73.70219368348305)
1 (45.53546495993159,-73.54100235727672)
1 (45.420632218063844,-73.5938795622142)
1 (45.394442396003434,-73.38730009318701)
1 (45.716442799284856,-73.45973444975333)
1 (45.62757645138455,-73.47276412909008)
1 (45.25422865261755,-73.65856818164372)
1 (45.25480575096024,-73.3720599548032)
1 (45.49542729058531,-73.25888624395999)
1 (45.62413948754004,-73.31757383510596)
1 (45.66437163515724,-73.38186323271901)
1 (45.48114778086162,-73.66393761146986)
1 (45.38363179987674,-73.67175342819945)
1 (45.41854125940896,-73.41461422547538)
1 (45.41723698176414,-73.26579351784731)
1 (45.679121843468295,-73.51438629010117)
1 (45.28241285566224,-73.67032058238273)
1 (45.395249746580006,-73.32594527456172)
1 (45.733145588343625,-73.71887110177548)
1 (45.34846025908357,-73.40750941030865)
1 (45.502184505503365,-73.29144532673104)
1 (45.723976896164324,-73.39150394982177)
1 (45.71202094077087,-73.71191351304032)
1 (45.616605952270525,-73.43181765512847)
1 (45.52993204928371,-73.71270927042973)
1 (45.71686071107414,-73.3390052238721)
1 (45.447353591033576,-73.56249766907548)
1 (45.669151880375544,-73.65903550315097)
1 (45.509646930030364,-73.39342403323991)
1 (45.54749412784306,-73.57179096501234)
1 (45.40875101089885,-73.43984220634752)
1 (45.738416565856284,-73.59050433695566)
1 (45.578260937706915,-73.31008908383852)
1 (45.2556290652473,-73.63267382390224)
1 (45.298150640447794,-73.55691511854775)
1 (45.636483566986854,-73.60672871935088)
1 (45.324657689538924,-73.69059848697228)
1 (45.58638361706779,-73.716822747939)
1 (45.70977440516919,-73.39156369341161)
1 (45.44403336412567,-73.73061292624435)
1 (45.264339769528114,-73.52649317281133)
1 (45.33778043125087,-73.48173720005366)
1 (45.5489029250123,-73.65346349100464)
1 (45.591295507294845,-73.38993455488664)
1 (45.34732941248527,-73.51755585411539)
1 (45.515444721919586,-73.27735685875886)
1 (45.28954727558314,-73.5886832907168)
1 (45.692449245211314,-73.73960200946608)
1 (45.64188097740227,-73.47804523812604)
1 (45.71828961004109,-73.29435365637522)
1 (45.27609667762105,-73.58866285038715)
1 (45.61980082052013,-73.47924286533681)
1 (45.46158336743939,-73.60886658801743)
1 (45.30401731743342,-73.50365311480755)
1 (45.39902011277569,-73.44540049048227)
1 (45.42906544647917,-73.47666983562712)
1 (45.32843035450109,-73.41497547080859)
1 (45.50826403285171,-73.63523176501751)
1 (45.599700029479706,-73.4696471418595)
1 (45.372082190823676,-73.38277139738915)
1 (45.289437178017835,-73.4223113852168)
1 (45.31621676994598,-73.3192376132898)
1 (45.28447624497061,-73.56390394081873)
1 (45.358289830488935,-73.29837378986129)
1 (45.72938132002784,-73.72355847515881)
1 (45.51053029287589,-73.38748039945953)
1 (45.35297816627903,-73.71702011800758)
1 (45.351291772534175,-73.42862130416869)
1 (45.447245688340644,-73.2570299068953)
1 (45.44437209782345,-73.70833868097884)
1 (45.670823469764336,-73.26218815684999)
1 (45.31183828003462,-73.53542181172634)
1 (45.38894236692124,-73.5979729553379)
1 (45.713423850289544,-73.30313051406749)
1 (45.441761432795374,-73.61513298668945)
1 (45.423554042405556,-73.37350436498843)
1 (45.553894900781245,-73.41659156750408)
1 (45.525667150931206,-73.36699461308831)
1 (45.55933880756294,-73.58429218259197)
1 (45.46273919108948,-73.67063564272011)
1 (45.7180575315608,-73.63208337785869)
1 (45.69278181748389,-73.6923289195799)
1 (45.64316670256782,-73.71978401523083)
1 (45.29857197515888,-73.58754229322717)
1 (45.74094908659205,-73.66698799940663)
1 (45.29198499138471,-73.36783336895519)
1 (45.5898663282434,-73.54296014770951)
1 (45.63504113443579,-73.46808593654394)
1 (45.34928010526594,-73.58114341998927)
1 (45.67213885058424,-73.5012038719799)
1 (45.59377181521177,-73.3733400201855)
1 (45.73093619585656,-73.56523770392648)
1 (45.414750991174905,-73.73954751763905)
1 (45.602955404800916,-73.5885241239508)
1 (45.71746824847953,-73.3447236185683)
1 (45.459223630100084,-73.30339927309154)
1 (45.368599405049466,-73.54342137170762)
1 (45.491126232936686,-73.52840251573302)
1 (45.717243092544706,-73.577279649528)
1 (45.69213731400007,-73.51261713971263)
1 (45.52047518987544,-73.62877143950153)
1 (45.71220547126991,-73.6539006142898)
1 (45.453528960731155,-73.34740587396705)
1 (45.62331100851694,-73.44523708733921)
1 (45.674220644603736,-73.31174735337197)
1 (45.73207403507876,-73.53030030432481)
1 (45.34141607135991,-73.47215861746629)
1 (45.263281383471565,-73.26054580859152)
1 (45.55813457567518,-73.43509224035432)
1 (45.31681332643173,-73.64175650198)
1 (45.421312340348564,-73.50004810182458)
1 (45.46968943665222,-73.53794633804881)
1 (45.71229802100348,-73.64498244968935)
1 (45.25481641452383,-73.46488215595461)
1 (45.254829322462996,-73.67499681364322)
1 (45.49850850694601,-73.2542143651675)
1 (45.60053993035238,-73.50255358659646)
1 (45.639965004625026,-73.30231251031856)
1 (45.47597211100004,-73.51525737898615)
1 (45.68762710536064,-73.53538221803194)
1 (45.339620834585965,-73.70940967430086)
1 (45.38970004418361,-73.62429557162817)
1 (45.452711329894214,-73.7240872159463)
1 (45.50911449164148,-73.36879741863648)
1 (45.56321263499109,-73.60141232405853)
1 (45.296814434888205,-73.54135545286915)
1 (45.63901533175252,-73.52397654218244)
1 (45.35149740288899,-73.33590262657852)
1 (45.56325276494322,-73.44004687301695)
1 (45.538795643351534,-73.40607565231899)
1 (45.322420642678075,-73.38122676711328)
1 (45.51837570169406,-73.30128398734514)
1 (45.47625055336602,-73.40566222436873)
1 (45.693546563735765,-73.41704913729353)
1 (45.59721902443169,-73.46267605072387)
1 (45.55470540607572,-73.36853455678677)
1 (45.40712432165271,-73.57188144276836)
1 (45.43531266712641,-73.47304189971479)
1 (45.518338975,-73.54136906239656)
1 (45.63707701402491,-73.28847985148795)
1 (45.50814695036746,-73.51547970908467)
1 (45.709643563731845,-73.40041719246634)
1 (45.51599996733869,-73.44296755408322)
1 (45.389317335344515,-73.38031233446462)
1 (45.65557833191064,-73.59102692960225)
1 (45.3112171058477,-73.55186696073599)
1 (45.276217578910355,-73.49969892651767)
1 (45.60974291867788,-73.40118170335865)
1 (45.491562635456084,-73.27459136160105)
1 (45.413354198641436,-73.64949768103759)
1 (45.41723750258641,-73.35363941396062)
1 (45.52139322308613,-73.67478780173474)
1 (45.72386864015671,-73.3558015765045)
1 (45.72305237591578,-73.62031722269462)
1 (45.41697666231303,-73.32612890598867)
1 (45.28157167049528,-73.66452323299232)
1 (45.701051163509504,-73.63256337211936)
1 (45.560366319082185,-73.54716970233343)
1 (45.37154957684758,-73.44511417710599)
1 (45.61202264269171,-73.55171225535344)
1 (45.40561182224973,-73.63772862360742)
1 (45.285963417481305,-73.73316530752186)
1 (45.28995796772265,-73.59721756131665)
1 (45.536072652319376,-73.25449309331859)
1 (45.63273714894005,-73.30201286725095)
1 (45.62568249240212,-73.25265174345161)
1 (45.255021877678864,-73.64632774930413)
1 (45.33406365842496,-73.69789038188742)
1 (45.7471921861405,-73.33245858802583)
1 (45.565923846266784,-73.736774394284)
1 (45.40563040375696,-73.7355097267292)
1 (45.45340684913668,-73.5206246889464)
1 (45.5359477936665,-73.4607410385719)
1 (45.61869868855222,-73.51667197599198)
1 (45.32039005424517,-73.3640306393265)
1 (45.73458480614348,-73.27920598485713)
1 (45.29911970513918,-73.59061339293619)
1 (45.380166207949046,-73.62235447802026)
1 (45.507748964057754,-73.70629855488185)
1 (45.439430384736376,-73.58485788171295)
1 (45.44679744640059,-73.74878824521812)
1 (45.43148618214125,-73.5103104648943)
1 (45.33267510812571,-73.51451089659516)
1 (45.69301022780378,-73.48381963423215)
1 (45.49434127493273,-73.61855229001954)
1 (45.25581549529016,-73.2678904270665)
1 (45.33496654993526,-73.32180949183358)
1 (45.575441236366814,-73.26657258691951)
1 (45.47372531618284,-73.31041092288282)
1 (45.47027651793599,-73.41751316644888)
1 (45.51927190577318,-73.53773906665927)
1 (45.72496795602465,-73.26653816749803)
1 (45.4035048957464,-73.39905983231314)
1 (45.29672558901538,-73.31874200650314)
1 (45.32189912514462,-73.40280609660891)
1 (45.43862908641181,-73.58379414477021)
1 (45.584986328991974,-73.63098036254608)
1 (45.32014961803805,-73.54127783096408)
1 (45.58449077164777,-73.6439349148896)
1 (45.38184129282962,-73.54435606092085)
1 (45.61717716335407,-73.58195551376609)
1 (45.708519021044154,-73.45691567773727)
1 (45.48964384144105,-73.54761779847873)
1 (45.64322826265816,-73.58057073150943)
1 (45.648095108801186,-73.41880343716775)
1 (45.69292505681406,-73.67351184361809)
1 (45.538552277510085,-73.5425561307326)
1 (45.496023353348974,-73.59316870453746)
1 (45.505013744837235,-73.2946254368519)
1 (45.73182972107277,-73.30900837911005)
1 (45.275750377057776,-73.25858940196996)
1 (45.35237380813241,-73.73052248615748)
1 (45.47122305700457,-73.28186511615627)
1 (45.4082563508426,-73.47856182840663)
1 (45.59103509748771,-73.40370882998494)
1 (45.52187466644788,-73.39565751009047)
1 (45.6018830812365,-73.6224758033473)
1 (45.7337489364985,-73.7428230900891)
1 (45.55364540987547,-73.67595264880349)
1 (45.51066068423218,-73.66656261734026)
1 (45.59654858609282,-73.44949291289946)
1 (45.65792849857101,-73.64041523497846)
1 (45.358777007146635,-73.30197989606646)
1 (45.72238398501758,-73.69034696739243)
1 (45.37094312710581,-73.50930827670562)
1 (45.70747432941047,-73.30265629452948)
1 (45.591510117249896,-73.66911944560445)
1 (45.547406125778586,-73.48679031512418)
1 (45.59556042189657,-73.28894318712653)
1 (45.30335858714289,-73.52357371091847)
1 (45.638229007940986,-73.39269134283104)
1 (45.451532138291554,-73.47183344422777)
1 (45.593671272255676,-73.32761719739894)
1 (45.43016208300923,-73.53325739888322)
1 (45.70061088503689,-73.53539716344183)
1 (45.30061508465976,-73.38655560569202)
1 (45.616314134585,-73.3669093207275)
1 (45.45629950737448,-73.59759840476448)
1 (45.49226261056874,-73.57057640461736)
1 (45.282359056571835,-73.69218601664029)
1 (45.63684740470723,-73.36880874436054)
1 (45.52898225214829,-73.44245985576234)
1 (45.32308316248482,-73.5561256627452)
1 (45.41164878069189,-73.36669602592546)
1 (45.432641693528495,-73.30595176330473)
1 (45.592746825308694,-73.37532715877985)
1 (45.401430154298815,-73.36087757333135)
1 (45.73073394973899,-73.4135190800115)
1 (45.3464900217249,-73.50334188979132)
1 (45.70537716800787,-73.35248436165958)
1 (45.30916834005991,-73.66023627829207)
1 (45.440596437928995,-73.26794518867435)
1 (45.7453142062131,-73.68584997353395)
1 (45.45004876191801,-73.61476349834936)
1 (45.72967837461112,-73.29286648197822)
1 (45.32482850916066,-73.66173684151254)
1 (45.31874552676332,-73.26079127771513)
1 (45.36752296023069,-73.38991378237452)
1 (45.63390386254596,-73.44523267113335)
1 (45.45235010583841,-73.38151324243829)
1 (45.48515774807431,-73.73987623025722)
1 (45.45721930703336,-73.5346375707354)
1 (45.25451494720326,-73.50578572032492)
1 (45.27029337514246,-73.73144970510599)
1 (45.297730663899905,-73.57983196295297)
1 (45.42099428220161,-73.36433998868453)
1 (45.30326637252752,-73.30559349157774)
1 (45.323382606320386,-73.3858391621307)
1 (45.36812233912963,-73.59599127978063)
1 (45.44845444887238,-73.29363894751278)
1 (45.51162832501379,-73.33721242995671)
1 (45.46113759052453,-73.69206254537177)
1 (45.450328011521734,-73.47814605149445)
1 (45.46763207183296,-73.28568263578802)
1 (45.69976806679576,-73.41859701342253)
1 (45.51922862519808,-73.3595150013101)
1 (45.45230402643178,-73.31296191995946)
1 (45.409851552694796,-73.48332123480279)
1 (45.70396055906261,-73.64384386871748)
1 (45.586311260215844,-73.3450348142781)
1 (45.26793465820159,-73.39225113423296)
1 (45.66261449314188,-73.2701797188819)
1 (45.61750610548949,-73.3375675568915)
1 (45.5926688922987,-73.62038187863635)
1 (45.44692014312293,-73.46140041303721)
1 (45.509331825254925,-73.38467868874693)
1 (45.425233307999825,-73.60470475454383)
1 (45.58199134588573,-73.38231257402965)
1 (45.34516398998239,-73.43725071895565)
1 (45.47973093568521,-73.58505006506107)
1 (45.736665196905975,-73.44254383811571)
1 (45.652617558159136,-73.64079800775075)
1 (45.52323761370486,-73.49972581292047)
1 (45.65976594328245,-73.7383945493729)
1 (45.447926987934,-73.25677661593595)
1 (45.67957051758155,-73.4959323777619)
1 (45.285500585344934,-73.33650644079586)
1 (45.634859276742745,-73.58182767585762)
1 (45.28747326484923,-73.49836919672839)
1 (45.553712569915774,-73.28907845393016)
1 (45.37745442845966,-73.695047098856)
1 (45.3653027603097,-73.27876138715078)
1 (45.32571299175944,-73.51304886221763)
1 (45.2993491852071,-73.68879697945502)
1 (45.483908243935886,-73.27123215173108)
1 (45.41764609704981,-73.26836796884932)
1 (45.653610261845834,-73.57020365314521)
1 (45.55660934067636,-73.64710685220888)
1 (45.29553423859219,-73.3389682682469)
1 (45.60090119987895,-73.28127324989794)
1 (45.560339078565306,-73.41299184553185)
1 (45.53993066888349,-73.5366230258045)
1 (45.536391182583536,-73.40000996735749)
1 (45.68139014437716,-73.26952588480896)
1 (45.665070146854546,-73.54645787376093)
1 (45.70897739572425,-73.65411897893429)
1 (45.469994105621815,-73.50831524332189)
1 (45.47506521964566,-73.37388967336254)
1 (45.582967907049564,-73.35545178418657)
1 (45.51331940015927,-73.65106055495954)
1 (45.52650824586467,-73.29822808095103)
1 (45.741128869869485,-73.42650578961478)
1 (45.33047588963415,-73.51914901798544)
1 (45.69720021534721,-73.32665819538326)
1 (45.31864531934188,-73.62078471459164)
1 (45.425781939510024,-73.36197164116734)
1 (45.29996857510192,-73.56396744676806)
1 (45.27572238876273,-73.59398432075601)
1 (45.438840395717875,-73.567440557157)
1 (45.42992811537358,-73.28488345031816)
1 (45.25884770666039,-73.2716784335917)
1 (45.41877816625733,-73.30470275226304)
1 (45.555287347676774,-73.53551474600424)
1 (45.699662855545576,-73.31688932647567)
1 (45.45316147475498,-73.53450891367135)
1 (45.604053682950656,-73.49295711753224)
1 (45.44941116345386,-73.36464890786729)
1 (45.563374866074675,-73.72129964950997)
1 (45.52082436095397,-73.62403127115583)
1 (45.525434659437785,-73.47396501842681)
1 (45.26235498921709,-73.44857739884431)
1 (45.36428821795607,-73.67830179046832)
1 (45.54451609369979,-73.71563800254056)
1 (45.36814203579463,-73.6078649006371)
1 (45.34306038081224,-73.60150558067085)
1 (45.56227325097989,-73.4588258514927)
1 (45.69933757424838,-73.38539789465501)
1 (45.686925240118434,-73.41436250341853)
1 (45.715518538443135,-73.33339313968264)
1 (45.60375449482954,-73.62010851469674)
1 (45.57530205021317,-73.67109071897238)
1 (45.74864166937178,-73.59872372870689)
1 (45.30777090321766,-73.56343935615178)
1 (45.483543511852325,-73.72100164086154)
1 (45.37973962972872,-73.66421726331176)
1 (45.32555002338773,-73.42466082658436)
1 (45.710237138725425,-73.67606711060755)
1 (45.54742501482164,-73.43007277103771)
1 (45.34969321621043,-73.4747815275916)
1 (45.55064616293687,-73.74465874750376)
1 (45.35594856737888,-73.69870256835364)
1 (45.70932421999231,-73.27454409368194)
1 (45.32938404985731,-73.2856421095959)
1 (45.57136906193333,-73.37328856196952)
1 (45.640265304475605,-73.25564736232057)
1 (45.38188368073513,-73.65311698943722)
1 (45.592824947050126,-73.58822946212526)
1 (45.36300546880104,-73.36405486141253)
1 (45.62265516343898,-73.32734023409134)
1 (45.54427757322793,-73.61072898813144)
1 (45.61665937536342,-73.56642604376938)
1 (45.68812099236383,-73.6253238882208)
1 (45.57811243735932,-73.71930486755755)
1 (45.4960918173251,-73.74828985894769)
1 (45.633304488871026,-73.47040618250861)
1 (45.313346067093065,-73.68587941669651)
1 (45.29079465636962,-73.52008101287984)
1 (45.47109780664231,-73.5154439328368)
1 (45.41947617578201,-73.69723252164414)
1 (45.71984469561563,-73.29565316642869)
1 (45.60745559361597,-73.70243546757173)
1 (45.40974820920962,-73.50940537440019)
1 (45.400174447977676,-73.67000588589113)
1 (45.66879421097439,-73.42217666926956)
1 (45.393252429367074,-73.39715012041403)
1 (45.314222735664245,-73.27791331232356)
1 (45.27320702704606,-73.48236562712408)
1 (45.608204146533836,-73.57830141238189)
1 (45.6575053422978,-73.74368365854677)
1 (45.734852131445166,-73.49935376538181)
1 (45.48432946011002,-73.65013701566254)
1 (45.53240232563782,-73.2917342046223)
1 (45.74198768708532,-73.59700402796169)
1 (45.56174844269787,-73.28809515016103)
1 (45.50807976533146,-73.68692285952098)
1 (45.53051635949485,-73.40193459245346)
1 (45.589324688351525,-73.74488831107197)
1 (45.42046966706491,-73.74808428144097)
1 (45.51438587705799,-73.59543598829154)
1 (45.38527854246348,-73.74492117206687)
1 (45.73407902243189,-73.66498710785733)
1 (45.59554705886281,-73.27274981902194)
1 (45.626023775010616,-73.74136966114887)
1 (45.7084824710488,-73.66153381389934)
1 (45.28410119837791,-73.7259501550415)
1 (45.5307030023807,-73.46425985214722)
1 (45.59700470531429,-73.45160265112966)
1 (45.72441930500208,-73.63969842643252)
1 (45.284723031442184,-73.61191010216194)
1 (45.57958772652627,-73.42018069078925)
1 (45.36696941874831,-73.55353589753827)
1 (45.43762195585657,-73.2762414281955)
1 (45.48337220613501,-73.62462128702272)
1 (45.30586294964326,-73.51058361828031)
1 (45.571667584423885,-73.4473577058735)
1 (45.54624518462118,-73.61880051388192)
1 (45.637186136419885,-73.39255050017046)
1 (45.25646058243974,-73.64364654417085)
1 (45.71460062091548,-73.67803418223697)
1 (45.587409927492736,-73.3233789095781)
1 (45.631203183466596,-73.39121642069695)
1 (45.256844551774215,-73.39279735277475)
1 (45.3299058907118,-73.34882198965194)
1 (45.42583971582473,-73.43808958753014)
1 (45.299709449705354,-73.55407479869014)
1 (45.40210398872298,-73.73344595706462)
1 (45.59156054844172,-73.59310010207656)
1 (45.32211760979582,-73.49863676583153)
1 (45.468319168622344,-73.6282460852634)
1 (45.542705802697526,-73.51235174534321)
1 (45.44898302226866,-73.69631761746379)
1 (45.441891456136794,-73.49608113738198)
1 (45.359366860611296,-73.30438256685838)
1 (45.68873480680425,-73.64767353093725)
1 (45.49411041518348,-73.33485430192671)
1 (45.29235593033744,-73.6524361348727)
1 (45.628189404706816,-73.52497167122368)
1 (45.381449516798114,-73.43274858430586)
1 (45.390029757160505,-73.27359098969094)
1 (45.697339117812625,-73.31464163517076)
1 (45.422876125733424,-73.2503724905889)
1 (45.70598179254799,-73.69164796584327)
1 (45.31624142843445,-73.73898642521182)
1 (45.54732218758133,-73.65246243593471)
1 (45.48506502061899,-73.33688234962374)
1 (45.744008328881016,-73.40955474249391)
1 (45.51063274819281,-73.55945770566525)
1 (45.685719819805705,-73.7208580233179)
1 (45.43436321223075,-73.55613020665642)
1 (45.39022222805389,-73.33601208666674)
1 (45.61323986640216,-73.53986097351991)
1 (45.41774992211741,-73.32237075870096)
1 (45.503969899768805,-73.66009391318208)
1 (45.58143277620239,-73.43408816466743)
1 (45.641876172855184,-73.41186934231116)
1 (45.253220486068024,-73.48007914114561)
1 (45.620079666832666,-73.27103805680484)
1 (45.61212148837882,-73.42350462314567)
1 (45.55470523822217,-73.57704498472104)
1 (45.61956183923421,-73.70666321763173)
1 (45.34264463598781,-73.25066941636975)
1 (45.3352825631553,-73.54077559195179)
1 (45.47983646021568,-73.73440207178679)
1 (45.40643237155694,-73.63012891325401)
1 (45.31007317821095,-73.57780671345036)
1 (45.672375911985405,-73.51440400072407)
1 (45.31702159729022,-73.35925765252973)
1 (45.32822589086277,-73.41173813364796)
1 (45.455443662315645,-73.63886175972817)
1 (45.481220885675505,-73.62818225053577)
1 (45.541530180446294,-73.37516720380526)
1 (45.71580869732223,-73.26669156455837)
1 (45.38681118743031,-73.71042864345188)
1 (45.45565871042158,-73.62064389263689)
1 (45.66528202653891,-73.73574176457687)
1 (45.47381451316695,-73.27311106924904)
1 (45.44918540737593,-73.2882780656883)
1 (45.35581196065372,-73.54371340404808)
1 (45.435315033649815,-73.50814358185576)
1 (45.56482542820104,-73.5298685229849)
1 (45.61075771411563,-73.29205348072904)
1 (45.49276898801174,-73.57860074556989)
1 (45.474666150372514,-73.42505705957392)
1 (45.506766904296086,-73.59880786235097)
1 (45.44095569913386,-73.54996606568282)
1 (45.516521592716245,-73.68198773608499)
1 (45.69574399386739,-73.74693188920372)
1 (45.49484511488943,-73.54190742333246)
1 (45.57290326795061,-73.34278531145341)
1 (45.68098394233984,-73.31055305165133)
1 (45.44127084834857,-73.65129538808536)
1 (45.38435451738854,-73.73892932729406)
1 (45.66786421114436,-73.66142218935262)
1 (45.384920953462625,-73.34688267092233)
1 (45.43287254493672,-73.74093071193313)
1 (45.39568399783118,-73.54610276154003)
1 (45.524247819430926,-73.70740171162517)
1 (45.41261415984295,-73.72481268342534)
1 (45.73239404767176,-73.63771787435005)
1 (45.527849623540014,-73.73138806632983)
1 (45.59875405932434,-73.54052170229934)
1 (45.423093390621055,-73.62725147967504)
1 (45.546019064080475,-73.5039346309772)
1 (45.291882071175046,-73.4968685681636)
1 (45.33223704966395,-73.65299482388274)
1 (45.36176204004271,-73.50452788575028)
1 (45.32627169508278,-73.70781379975413)
1 (45.50039701551697,-73.27381694082668)
1 (45.29786450082021,-73.62437055338266)
1 (45.59324446456197,-73.53631241404804)
1 (45.251978319697066,-73.7251541307959)
1 (45.474676386197466,-73.35098294087517)
1 (45.31415154766416,-73.38653414199446)
1 (45.67928331488723,-73.53515832322813)
1 (45.291267792658296,-73.74378148735303)
1 (45.655588848489934,-73.27164957099842)
1 (45.290446820652384,-73.50307925566261)
1 (45.35051503708118,-73.66470951377599)
1 (45.67768809452988,-73.31265728372206)
1 (45.729677426552556,-73.31000435775246)
1 (45.6974492494423,-73.74235133458328)
1 (45.34595175633553,-73.72062191866948)
1 (45.254517590654224,-73.25243098255083)
1 (45.50674257680852,-73.71237266671513)
1 (45.68033327575157,-73.59845848433709)
1 (45.418997483233035,-73.59724547890725)
1 (45.26734893794004,-73.41923351917528)
1 (45.41024864848163,-73.26386001350356)
1 (45.4570610108547,-73.28954677653334)
1 (45.43382695670069,-73.43811353102247)
1 (45.3100239113153,-73.2885086603228)
1 (45.56688205759863,-73.61595016331913)
1 (45.269459182068545,-73.63763673067619)
1 (45.60095508954357,-73.34328628283197)
1 (45.2539970584588,-73.70067901953273)
1 (45.60658910030064,-73.6856058843284)
1 (45.2796391838278,-73.60931811217911)
1 (45.525825267433234,-73.38159561805253)
1 (45.616206592475024,-73.4854436807495)
1 (45.40942171314847,-73.31141933753514)
1 (45.42933816338385,-73.67159962079776)
1 (45.369244523119605,-73.53083772349447)
1 (45.445530300739975,-73.5565042455713)
1 (45.66051917704484,-73.72735878591256)
1 (45.404759467903844,-73.49221057087995)
1 (45.54349381811374,-73.5439606937828)
1 (45.43290500996789,-73.44351631148929)
1 (45.69955391972135,-73.28965874328665)
1 (45.47449045378399,-73.38865129789023)
1 (45.49294143498384,-73.61429384200962)
1 (45.57518727024256,-73.60306308111605)
1 (45.27596956615003,-73.26740021221208)
1 (45.593075787513484,-73.30528924732174)
1 (45.73298772368808,-73.5878656514756)
1 (45.347833824140096,-73.72544813581541)
1 (45.446339395552734,-73.38232802329824)
1 (45.287824421442274,-73.47279757358477)
1 (45.44616920881161,-73.34585720495777)
1 (45.46647960936866,-73.62910409980938)
1 (45.47517320908178,-73.6584521226672)
1 (45.47142831790979,-73.2792331938089)
1 (45.55925034210957,-73.35523802293605)
1 (45.44249175301846,-73.70941417229488)
1 (45.72550083762575,-73.51697961511013)
1 (45.44797109391198,-73.25705099376327)
1 (45.35013081409136,-73.26063109133659)
1 (45.26257736917752,-73.28374347343832)
1 (45.650560454001194,-73.42712456236106)
1 (45.50490466348893,-73.46535139532698)
1 (45.258396750025994,-73.26545405865308)
1 (45.647523532324925,-73.54947679062504)
1 (45.62291960233446,-73.29834229562556)
1 (45.60857197177945,-73.42165774057077)
1 (45.698343789785625,-73.42538346123497)
1 (45.470147458049034,-73.74685998003075)
1 (45.46235735103853,-73.67453517100274)
1 (45.345854125167634,-73.61252069815644)
1 (45.29830023907124,-73.35218871446014)
1 (45.53753495430335,-73.49344156891414)
1 (45.648835500815146,-73.665776664774)
1 (45.37951976932374,-73.48724644141309)
1 (45.61507836221806,-73.70098297072484)
1 (45.567645364737324,-73.63191169076265)
1 (45.33188701194354,-73.42810057700932)
1 (45.309855112696816,-73.71404547224581)
1 (45.49738201530072,-73.6889374962865)
1 (45.315361085941284,-73.30813500672441)
1 (45.37274981697924,-73.37690242300374)
1 (45.46015246588784,-73.35289890356601)
1 (45.39699867855976,-73.26850666416716)
1 (45.42805981681276,-73.37117466722727)
1 (45.28057414214596,-73.69449961335698)
1 (45.72863568328482,-73.4744392867404)
1 (45.551604008638314,-73.45321019652677)
1 (45.73578756600404,-73.56210409015208)
1 (45.52903135080738,-73.5673975804396)
1 (45.27440035131176,-73.62914258440617)
1 (45.58800714473936,-73.66901971273558)
1 (45.30611070604347,-73.33340344927416)
1 (45.36465266699496,-73.46380849303706)
1 (45.429947165552164,-73.44612837887499)
1 (45.71966475135662,-73.37939645869895)
1 (45.7187250367603,-73.51573777227442)
1 (45.343225609839266,-73.63696957162884)
1 (45.35788627031847,-73.5158650766605)
1 (45.33729196090884,-73.60702688995899)
1 (45.639900083275734,-73.42391349360535)
1 (45.45557653785944,-73.4148078137317)
1 (45.59439099920293,-73.58607701681301)
1 (45.4163984708769,-73.35030330077579)
1 (45.401836721575116,-73.36881032053515)
1 (45.32906718238682,-73.71149810078649)
1 (45.7469789578192,-73.47515038143152)
1 (45.290577679376604,-73.26759604877832)
1 (45.41701626379163,-73.41708539549089)
1 (45.6161335579015,-73.57146140288499)
1 (45.73919860042298,-73.48233473780593)
1 (45.46437723670118,-73.37736445935408)
1 (45.382619107392316,-73.61544647518852)
1 (45.306195132283285,-73.43135007144276)
1 (45.61979951356701,-73.44903711428474)
1 (45.26457896754695,-73.39715332072097)
1 (45.355091113924416,-73.27129109104376)
1 (45.32226248456815,-73.6605671112032)
1 (45.578964390840774,-73.5005054802992)
1 (45.253716284411084,-73.7195215807386)
1 (45.39993577308417,-73.25650857899)
1 (45.38857162750971,-73.31586619443591)
1 (45.439180990081404,-73.37219853636476)
1 (45.45465745293147,-73.39795039854602)
1 (45.64681038854636,-73.67624181281198)
1 (45.28057307725049,-73.42057942419875)
1 (45.513331993775985,-73.60013857645716)
1 (45.560082416150614,-73.39077732972157)
1 (45.70500427798698,-73.61940552539625)
1 (45.69360364251142,-73.45401961325186)
1 (45.34758111992126,-73.72954449622192)
1 (45.425681743364414,-73.68620345159985)
1 (45.51937724981435,-73.58275807063345)
1 (45.591569436562324,-73.6116039849102)
1 (45.49163345248973,-73.57104158648049)
1 (45.27090552602163,-73.3064203974308)
1 (45.371836308062726,-73.5353236035057)
1 (45.52196774538027,-73.27124629711625)
1 (45.56394815622882,-73.40874522646968)
1 (45.63609049203718,-73.56390413209341)
1 (45.358428911293835,-73.4649613634562)
1 (45.508576363292,-73.47656397191903)
1 (45.50448172003078,-73.43951509020029)
1 (45.2697933435242,-73.31792233746623)
1 (45.29713077793841,-73.62387917640984)
1 (45.25813808538675,-73.62244742908163)
1 (45.53253984517132,-73.59767702135048)
1 (45.7451586526379,-73.35430231094732)
1 (45.64640635903234,-73.56488782701462)
1 (45.54236886741265,-73.40353832893783)
1 (45.45231612637979,-73.29450923850807)
1 (45.729149160348705,-73.38650626385257)
1 (45.639620205472674,-73.43519330098842)
1 (45.741617465377864,-73.4611635395152)
1 (45.57369552655497,-73.47678979893463)
1 (45.45346685381592,-73.55106077044806)
1 (45.46537722781363,-73.36952378383423)
1 (45.66150486067841,-73.53927193165144)
1 (45.64090104268377,-73.28370229931541)
1 (45.560992790113986,-73.64538748158817)
1 (45.44887010925533,-73.69938817366476)
1 (45.35887155492023,-73.33492059732882)
1 (45.28656132163299,-73.4563965293263)
1 (45.62657385944332,-73.73108171587917)
1 (45.31431184376848,-73.57026313968555)
1 (45.33836084281692,-73.6038575912286)
1 (45.653777701602515,-73.52950103040486)
1 (45.275984600864135,-73.600685964109)
1 (45.733531633930674,-73.43350545054997)
1 (45.60596618830897,-73.45674794346712)
1 (45.45376852359182,-73.70888452515109)
1 (45.45189218545415,-73.48100519180932)
1 (45.49081228805557,-73.25478662276191)
1 (45.6908708607147,-73.65658990567947)
1 (45.3516690657336,-73.71496286799639)
1 (45.500652706005596,-73.72101068884298)
1 (45.71904714629965,-73.65584649785517)
1 (45.37190787782757,-73.60286815978617)
1 (45.69806503797855,-73.74584862785282)
1 (45.37876686208542,-73.58737942166356)
1 (45.287294701404846,-73.58136297361438)
1 (45.46996849845175,-73.56299106709285)
1 (45.74883788195178,-73.58964006141444)
1 (45.40282324290403,-73.66571585693228)
1 (45.544809118850466,-73.45773443473622)
1 (45.69268731501602,-73.58655868333275)
1 (45.64089998110297,-73.29014627862372)
1 (45.591757248387644,-73.74050288058811)
1 (45.25162463953332,-73.6855719480084)
1 (45.642732028570315,-73.41300843476313)
1 (45.51639783598088,-73.64534569052577)
1 (45.275253809921495,-73.40182900829907)
1 (45.65077206602437,-73.68269809895612)
1 (45.72602613934405,-73.5581854230692)
1 (45.31296141778779,-73.69287440318745)
1 (45.267122051741765,-73.50193841080767)
1 (45.26220554276339,-73.5694491960318)
1 (45.32123263889629,-73.64038408654842)
1 (45.362577810923774,-73.71184152496973)
1 (45.527469998564015,-73.45965100597785)
1 (45.603517559293735,-73.46307791673846)
1 (45.69682673214541,-73.38140821885663)
1 (45.566667182587786,-73.64526827807298)
1 (45.36250742944801,-73.28569910007836)
1 (45.66752043532767,-73.72305308078415)
1 (45.28708588019957,-73.59319618827266)
1 (45.53993933543185,-73.72244774380768)
1 (45.33580507661881,-73.57702786363724)
1 (45.61177246633859,-73.36405357622915)
1 (45.56332518109978,-73.33555813152032)
1 (45.74060885525816,-73.4355221436863)
1 (45.6898382133647,-73.60310607597364)
1 (45.74012661221638,-73.72845326155898)
1 (45.36170617450575,-73.30557222960006)
1 (45.72954706132668,-73.39957454911881)
1 (45.701642796204275,-73.48229447962132)
1 (45.481380224331936,-73.38509362750116)
1 (45.6539473668333,-73.394186634778)
1 (45.32594884949416,-73.50053180632334)
1 (45.5214122911248,-73.32131816757378)
1 (45.69510354081008,-73.59614128366259)
1 (45.372264410136374,-73.72057420461353)
1 (45.55209250536703,-73.61017569216915)
1 (45.66786330065557,-73.56589025143329)
1 (45.25972533732361,-73.5688269383215)
1 (45.52486816791264,-73.32978670530566)
1 (45.38477068572234,-73.52255904658537)
1 (45.47919808060008,-73.68553344573536)
1 (45.522953832011375,-73.58386292527496)
1 (45.463348753862725,-73.61425555455725)
1 (45.45597073106111,-73.64112381157074)
1 (45.44349216377351,-73.69064652968342)
1 (45.3196108555788,-73.46733603175763)
1 (45.28827375070476,-73.39468575506162)
1 (45.47038225050309,-73.32081791242774)
1 (45.45733512369017,-73.35486262331395)
1 (45.38695744851372,-73.74787251369452)
1 (45.504328534887,-73.4708901074372)
1 (45.73231032442651,-73.64450768401379)
1 (45.68655260241494,-73.39074598973225)
1 (45.63258913861977,-73.7158722944475)
1 (45.661327089388884,-73.32811044684685)
1 (45.2995723070401,-73.28798293782006)
1 (45.327837847865055,-73.70187437867014)
1 (45.33497884845871,-73.47660902097671)
1 (45.342421234178346,-73.55937280958833)
1 (45.406956399202244,-73.50285133914322)
1 (45.69512072458873,-73.70935381299579)
1 (45.48174563002454,-73.46399305180765)
1 (45.485836503779076,-73.43942341172827)
1 (45.4268201264115,-73.62161915663293)
1 (45.679502424680535,-73.62581247952416)
1 (45.57572741093399,-73.25679412150575)
1 (45.651462679746615,-73.46079233489027)
1 (45.25940678424987,-73.36425504975522)
1 (45.25658398814626,-73.42492086790229)
1 (45.36393579671954,-73.41412057350969)
1 (45.46862733789195,-73.51753176774193)
1 (45.67045813148941,-73.60053402723497)
1 (45.340016728992126,-73.62948484499492)
1 (45.569470998025324,-73.42195209601553)
1 (45.62638023551246,-73.2971756498625)
1 (45.71870124785728,-73.59745818613823)
1 (45.40510271732928,-73.41615860365353)
1 (45.331475221590196,-73.71752282668551)
1 (45.39261687239183,-73.31646764476723)
1 (45.54078781804332,-73.65605128642675)
1 (45.43127346219706,-73.40982443779018)
1 (45.68320244108132,-73.63335158578496)
1 (45.27336927807139,-73.41140433719876)
1 (45.38626396383618,-73.41682399043735)
1 (45.337274829912175,-73.41568596598941)
1 (45.52328275627736,-73.47771626370898)
1 (45.548592191516555,-73.36714041382358)
1 (45.42014866618011,-73.48820657997469)
1 (45.707886428328756,-73.71212206477863)
1 (45.660259439203955,-73.34336922308475)
1 (45.54577265215303,-73.7483028826315)
1 (45.435699007071676,-73.42724614810805)
1 (45.73600357749823,-73.40234804810868)
1 (45.63547685709406,-73.61129037260767)
1 (45.63769129878189,-73.3652609523403)
1 (45.74494026191277,-73.47686502248169)
1 (45.428909825167814,-73.69793106731768)
1 (45.65439731489646,-73.49127518630439)
1 (45.57566333201801,-73.68689879474142)
1 (45.63953903126091,-73.33897732409669)
1 (45.252568474058435,-73.38220677104377)
1 (45.58142500347976,-73.31615412794041)
1 (45.39458734362879,-73.38543767345362)
1 (45.43959751337378,-73.6377606530672)
1 (45.512760777612456,-73.57664380820474)
1 (45.57831509998052,-73.68144060897902)
1 (45.251130188209856,-73.57385462849231)
1 (45.27294703570845,-73.60237950356093)
1 (45.396899401537155,-73.30820332154335)
1 (45.59124627722323,-73.39720434586604)
1 (45.68137591058472,-73.6714444720678)
1 (45.352518995200896,-73.37345770117466)
1 (45.72534491586781,-73.2507401079886)
1 (45.516634620232054,-73.59396680918816)
1 (45.38926690809052,-73.70807186406277)
1 (45.64437129195895,-73.71259623026187)
1 (45.58605369508407,-73.38849248529851)
1 (45.50076707637699,-73.69941588007337)
1 (45.30216548642304,-73.2526605690536)
1 (45.443948417369825,-73.26923381524348)
1 (45.65138513628994,-73.72470754495961)
1 (45.45333274637338,-73.37773643990961)
1 (45.254863932323865,-73.52646662234811)
1 (45.50315334458546,-73.43414673145227)
1 (45.6008965245622,-73.53344890158962)
1 (45.4799298707311,-73.39835373680337)
1 (45.28837106434234,-73.63668219770508)
1 (45.47580922219937,-73.68388504935459)
1 (45.698953481554625,-73.52763359274125)
1 (45.56362680769677,-73.27588656405352)
1 (45.674803694154484,-73.74091735496822)
1 (45.57408920161733,-73.69544190318372)
1 (45.7009842705835,-73.69134516857312)
1 (45.45065515903367,-73.39810697857857)
1 (45.404710799483894,-73.32810615108097)
1 (45.4534923058035,-73.38545287234491)
1 (45.38720605446921,-73.39946969606626)
1 (45.32031301558233,-73.73370349398911)
1 (45.498158807579195,-73.67638433369284)
1 (45.46894360657425,-73.403222197011)
1 (45.64765107761109,-73.32270178058212)
1 (45.44415657952954,-73.58664460662938)
1 (45.625905890876,-73.4234852535607)
1 (45.56959683791345,-73.48187288274153)
1 (45.66732118521963,-73.49096714690138)
1 (45.66455819865864,-73.73893958555409)
1 (45.65199352106094,-73.56020101006469)
1 (45.724917440535336,-73.42691732986249)
1 (45.38529852079842,-73.26330900547399)
1 (45.64770903598107,-73.69859326928051)
1 (45.33408347746366,-73.53245564858148)
1 (45.39962428065266,-73.39654556851643)
1 (45.52664066951345,-73.32728486150367)
1 (45.49114442864861,-73.6445519083155)
1 (45.54286818719067,-73.51253728619864)
1 (45.720068235616665,-73.50292791765953)
1 (45.630888427543425,-73.72592063869503)
1 (45.390870044062325,-73.53543680747322)
1 (45.48688279781793,-73.27503604039235)
1 (45.599625446077034,-73.6388288173644)
1 (45.626014111146496,-73.28526912173814)
1 (45.698167024913296,-73.72386271385092)
1 (45.55404691593521,-73.48803466322933)
1 (45.71568387063786,-73.30882896935482)
1 (45.621638782977094,-73.69061952602895)
1 (45.32115417519186,-73.2931377529075)
1 (45.50626428942484,-73.60509871473654)
1 (45.355800730316325,-73.61945234514168)
1 (45.72034638016894,-73.33440501616134)
1 (45.5511854422303,-73.70814189203976)
1 (45.38840835559177,-73.41861320407735)
1 (45.27560934839488,-73.45749523766428)
1 (45.27092279761772,-73.43385511952458)
1 (45.51916058662834,-73.7471806558697)
1 (45.63802202615986,-73.71001250609996)
1 (45.3360534162832,-73.26085400893825)
1 (45.61234827978309,-73.29143991242164)
1 (45.61182746276436,-73.55661119557281)
1 (45.50705958282268,-73.30745047072134)
1 (45.31252665826425,-73.66114848982284)
1 (45.48237102915729,-73.44615277975561)
1 (45.303153738411766,-73.54503729117408)
1 (45.5319990878912,-73.73645762584454)
1 (45.39349624239029,-73.65243798615674)
1 (45.38949023943369,-73.33867872628272)
1 (45.48084643518526,-73.70887043757057)
1 (45.41365310549563,-73.52413224598635)
1 (45.51118786942511,-73.31532659033026)
1 (45.37217674091928,-73.48849502930315)
1 (45.4730972114687,-73.35605373104282)
1 (45.29300618631244,-73.59241233259962)
1 (45.27191088337283,-73.50075483822495)
1 (45.69415921662996,-73.55595111020529)
1 (45.60563165406525,-73.56974546487037)
1 (45.53440699695581,-73.5509751776841)
1 (45.37860123490697,-73.25277450372054)
1 (45.64960429954741,-73.53737461217513)
1 (45.74414062315614,-73.62875931845161)
1 (45.25244334956377,-73.57531153804392)
1 (45.563160741822756,-73.62460341796341)
1 (45.27701861005893,-73.71625041620017)
1 (45.40217182367655,-73.47655805971893)
1 (45.44382820270827,-73.43052125942349)
1 (45.67117050390346,-73.41725716892637)
1 (45.40570071995896,-73.36851952680004)
1 (45.61955969612343,-73.70559751486438)
1 (45.710624758774394,-73.57637719534085)
1 (45.66655677848816,-73.74505467648751)
1 (45.583571448485735,-73.59504471980063)
1 (45.44147174402484,-73.39881778104633)
1 (45.686138874224014,-73.66420426357536)
1 (45.448787334318794,-73.70729424151287)
1 (45.560210331485294,-73.52928982770474)
1 (45.45314946931632,-73.54507858137836)
1 (45.39980670299834,-73.61112066766803)
1 (45.500176474470415,-73.32039735846831)
1 (45.623926583494686,-73.543259513998)
1 (45.45042200677707,-73.62033550317761)
1 (45.442405949662074,-73.31218795130292)
1 (45.505876809272074,-73.73981670005591)
1 (45.71669258382643,-73.4497463858655)
1 (45.45107058034266,-73.30135416406048)
1 (45.41791864881836,-73.42601691665298)
1 (45.71413592159356,-73.67600555222431)
1 (45.37576806115973,-73.57393242704356)
1 (45.37712191342513,-73.65375902078546)
1 (45.293373746814275,-73.54437621984518)
1 (45.429396076186066,-73.2837453278403)
1 (45.67584300399519,-73.44239146989689)
1 (45.3631487272332,-73.51121380210128)
1 (45.38299746559622,-73.43135053679251)
1 (45.65581503722072,-73.6791280983697)
1 (45.47052760186375,-73.71253972197262)
1 (45.270655448047435,-73.63753042578641)
1 (45.327999743361225,-73.39259512372361)
1 (45.53378617924082,-73.6134910959553)
1 (45.35701716641539,-73.34058119650736)
1 (45.61362723136627,-73.6385032060495)
1 (45.558324720687644,-73.71023375133942)
1 (45.337035959396914,-73.70859992034872)
1 (45.412760214343834,-73.3609947603899)
1 (45.72532042015222,-73.46526534931252)
1 (45.34769348110975,-73.4539467437949)
1 (45.4228769324553,-73.53237743661145)
1 (45.37795792576843,-73.525609950804)
1 (45.62137267547948,-73.72596448866668)
1 (45.69826716755644,-73.35379617221642)
1 (45.653194432328455,-73.66947517627358)
1 (45.582722932786574,-73.42531823307617)
1 (45.63931069192116,-73.39755416934153)
1 (45.416258560684035,-73.2953349227763)
1 (45.428744956331606,-73.31598425394172)
1 (45.54272572259856,-73.59246655665464)
1 (45.55953381420865,-73.40449826271983)
1 (45.36482030385334,-73.372546566101)
1 (45.604344476496834,-73.30258234754973)
1 (45.272156680698664,-73.45698035485626)
1 (45.537851597886366,-73.40618497164394)
1 (45.505537812352195,-73.30916294547464)
1 (45.6775248072812,-73.32541404854135)
1 (45.48783195795143,-73.40426239454763)
1 (45.3046534330539,-73.50984757218491)
1 (45.464855092591755,-73.43390634728438)
1 (45.268236056559786,-73.53900111900231)
1 (45.503271242926445,-73.55791490079385)
1 (45.71078839685367,-73.50078847638842)
1 (45.48676152005375,-73.27020301098206)
1 (45.5321733451196,-73.54047968263473)
1 (45.736575574881726,-73.28533135891578)
1 (45.325233420268304,-73.55670375744366)
1 (45.2580677607387,-73.67591508415214)
1 (45.27530596683161,-73.6494612255923)
1 (45.380933379351866,-73.29920513214206)
1 (45.414627923709936,-73.28790480747114)
1 (45.717598858815315,-73.34363761232267)
1 (45.66218704433146,-73.26281419192556)
1 (45.4115827238953,-73.60300173315566)
1 (45.25975299578994,-73.3202341538911)
1 (45.58563278325445,-73.3471077622413)
1 (45.535621781605904,-73.43866312788667)
1 (45.72805807653972,-73.40344154126909)
1 (45.3890333405317,-73.51247215299776)
1 (45.47491237791672,-73.2942728123739)
1 (45.49027257320633,-73.7389023200304)
1 (45.35554955330403,-73.48803991901227)
1 (45.43413999663438,-73.27503165748124)
1 (45.569558966899145,-73.52256406091892)
1 (45.46777893365061,-73.73452053490905)
1 (45.25420288145668,-73.44075156084523)
1 (45.43777202052281,-73.33173726848918)
1 (45.48321566764302,-73.6469233676342)
1 (45.26597045830599,-73.45303409959563)
1 (45.41018815057031,-73.44376600170261)
1 (45.56869530442937,-73.64148623544214)
1 (45.5327486226305,-73.6461293121315)
1 (45.47975094695236,-73.42232485260199)
1 (45.507365432746234,-73.28850107710399)
1 (45.32411651635216,-73.57158786378939)
1 (45.28883411649027,-73.54796972591363)
1 (45.51623182308731,-73.34018015599767)
1 (45.60337556386087,-73.59384127371285)
1 (45.42447043371808,-73.28957818471996)
1 (45.3897599122743,-73.64880755473219)
1 (45.451692819984984,-73.27383150202124)
1 (45.358983999569595,-73.60466784775991)
1 (45.73069871347445,-73.71530691465361)
1 (45.72976876255041,-73.57808692402494)
1 (45.622948368318774,-73.66878898322095)
1 (45.4945060043925,-73.31872753472967)
1 (45.63909822515162,-73.2500934249992)
1 (45.25827230613777,-73.3933262634282)
1 (45.47069743656739,-73.32126807373493)
1 (45.27214128505777,-73.56488679105567)
1 (45.533817090202824,-73.37474877608192)
1 (45.251263406713186,-73.26614532959523)
1 (45.277435314894014,-73.34350602427538)
1 (45.428046121536504,-73.53081835769584)
1 (45.502076617493806,-73.58326051710033)
1 (45.54125516274159,-73.69487310625092)
1 (45.56750516449848,-73.52626437430634)
1 (45.602971237329584,-73.6131671496635)
1 (45.64219705845636,-73.49393722778392)
1 (45.31707464123324,-73.5542833052297)
1 (45.56186763314235,-73.3778147163411)
1 (45.44529342891285,-73.33824216825279)
1 (45.41950561392208,-73.3548096637994)
1 (45.729839419494894,-73.6680044958555)
1 (45.705166630793094,-73.49370440583917)
1 (45.685269087867944,-73.47628152571602)
1 (45.65020449321591,-73.53508534374063)
1 (45.66644519226832,-73.46415164974098)
1 (45.407669309042134,-73.2865992882986)
1 (45.60433787029813,-73.34733723070288)
1 (45.31827737929479,-73.46945352543216)
1 (45.676892435291165,-73.64972599797956)
1 (45.26965852078222,-73.48050009604543)
1 (45.448304404912726,-73.69182680559253)
1 (45.55551234265474,-73.39703730134791)
1 (45.666780304442476,-73.71433005113725)
1 (45.68085571066671,-73.64862956768961)
1 (45.458226454566905,-73.35379849206207)
1 (45.73971934545015,-73.61178992851308)
1 (45.5912959365965,-73.44874471254559)
1 (45.312452538913085,-73.44928705078263)
1 (45.317837359310595,-73.39995694093344)
1 (45.29122038972457,-73.31613199230539)
1 (45.51202721586307,-73.53891530177503)
1 (45.644329162896426,-73.58896755496458)
1 (45.44133110495265,-73.67249631028056)
1 (45.37269060393362,-73.54462647109526)
1 (45.50292711545889,-73.67089342251543)
1 (45.29503754242503,-73.4170420571138)
1 (45.65033807988736,-73.64878758215731)
1 (45.32242814657058,-73.49948855818583)
1 (45.516757839075446,-73.4572814507648)
1 (45.54712760746213,-73.43129593265503)
1 (45.41391954753979,-73.35596704055394)
1 (45.27613131420768,-73.51472696899131)
1 (45.44834278630625,-73.37072667068486)
1 (45.58539473241723,-73.34862251942968)
1 (45.45040914677148,-73.46347267251427)
1 (45.55726079609359,-73.74071381715692)
1 (45.25595451757026,-73.74501177814592)
1 (45.59062634459485,-73.27016842378896)
1 (45.614929361921256,-73.55157555050546)
1 (45.5410652428278,-73.51597976893262)
1 (45.62716678407251,-73.27928873089022)
1 (45.4564260177922,-73.34522778765482)
1 (45.6214111965917,-73.42895283503731)
1 (45.322348370649394,-73.26803148127297)
1 (45.300498898821566,-73.3560027361169)
1 (45.521692994117416,-73.71318203307705)
1 (45.27294514559286,-73.7473495264041)
1 (45.642055496914644,-73.65998801434846)
1 (45.27918035405727,-73.35805338049518)
1 (45.33633545894285,-73.37778230675718)
1 (45.499291628373115,-73.53637563062284)
1 (45.652757992796445,-73.57483335432622)
1 (45.29836398718563,-73.54573963007833)
1 (45.60279548598817,-73.54307116714418)
1 (45.62537884796391,-73.65648572315447)
1 (45.72811332153741,-73.40408166632466)
1 (45.53211576076165,-73.42903564924616)
1 (45.56096389176588,-73.31524070304512)
1 (45.419616518164794,-73.54318777292221)
1 (45.646379241421904,-73.48265232771841)
1 (45.65150925372591,-73.44574432633593)
1 (45.70906321068204,-73.54972363753177)
1 (45.595853165950516,-73.4905280500262)
1 (45.603059994535705,-73.38675150698447)
1 (45.47015300766708,-73.63107534705588)
1 (45.37807663141879,-73.49781466196549)
1 (45.56780556731063,-73.59689912495526)
1 (45.63276267677366,-73.6865572749357)
1 (45.53847890354695,-73.33919469961626)
1 (45.302301355485845,-73.2821184831409)
1 (45.379788071932175,-73.3712175778034)
1 (45.645341978967735,-73.62050495765365)
1 (45.67311961952811,-73.45229251600162)
1 (45.45360429679859,-73.60512178739268)
1 (45.36257022219889,-73.37251863763379)
1 (45.40641140891431,-73.5329698334507)
1 (45.5327033043626,-73.38771604018736)
1 (45.531958273971036,-73.47018577230367)
1 (45.688190552302736,-73.63101433697007)
1 (45.417299023985414,-73.29214380494203)
1 (45.47639366226795,-73.58871475065862)
1 (45.62983684142386,-73.56925625986928)
1 (45.622554917061876,-73.47366215196347)
1 (45.27452591448806,-73.27990307032687)
1 (45.56650346081448,-73.55934432000123)
1 (45.71304598922676,-73.3665881795918)
1 (45.39964732192244,-73.25229109692033)
1 (45.71388553078629,-73.42046374160905)
1 (45.701509743431735,-73.37907643519748)
1 (45.68557057092825,-73.28278136457908)
1 (45.266181413748576,-73.34733199414396)
1 (45.66920188200845,-73.5896219756453)
1 (45.490798664925904,-73.50766129923203)
1 (45.43101391653473,-73.25842447519847)
1 (45.37052080876896,-73.69519892875387)
1 (45.30084496385007,-73.62137588985186)
1 (45.607468280044756,-73.56578972215699)
1 (45.34820844146305,-73.35164395983263)
1 (45.29469630925086,-73.46236859826031)
1 (45.57408120860143,-73.50372585453489)
1 (45.480517281713,-73.65210156634193)
1 (45.52357560804576,-73.39885491571707)
1 (45.65334818899532,-73.36420469694232)
1 (45.59233743784488,-73.73045009467376)
1 (45.3127478140837,-73.63208757699246)
1 (45.3078133149088,-73.64301075568048)
1 (45.30842163275205,-73.50157385481735)
1 (45.51545614447855,-73.65065262898152)
1 (45.5357106215243,-73.70943137383911)
1 (45.689488657293516,-73.60864847298747)
1 (45.37344352827409,-73.46330040163593)
1 (45.51802040197226,-73.53288014007049)
1 (45.43802043144008,-73.46533851959602)
1 (45.48311452479842,-73.37802650323682)
1 (45.306208595527956,-73.31750644216184)
1 (45.36782651435972,-73.43560497118521)
1 (45.32836996243878,-73.42639945226708)
1 (45.474287752369676,-73.29765194198748)
1 (45.513703130010576,-73.48988444239066)
1 (45.32958242547601,-73.35087083960525)
1 (45.719570392409395,-73.59653335708664)
1 (45.28946739159873,-73.51949404628465)
1 (45.51809441546906,-73.40194897315459)
1 (45.72391013132954,-73.46289832434468)
1 (45.64494671154634,-73.26355958263301)
1 (45.38297079952947,-73.65618093894577)
1 (45.35761391533656,-73.61731464312858)
1 (45.59673016254627,-73.73844697529547)
1 (45.34341579861733,-73.26594374768251)
1 (45.65876599654945,-73.70447623888792)
1 (45.5211623615104,-73.61904700552111)
1 (45.579106265291486,-73.44073081459445)
1 (45.674575619429206,-73.2802651545181)
1 (45.36963824016203,-73.26633276359895)
1 (45.34046498762123,-73.71613330282686)
1 (45.64262841838735,-73.53368420029545)
1 (45.250133434218725,-73.56495263663396)
1 (45.561308994267556,-73.47181978489003)
1 (45.388604813078,-73.45212000901311)
1 (45.58041229640504,-73.31837498331407)
1 (45.39300124528455,-73.47083550497875)
1 (45.45408543819115,-73.3832211516701)
1 (45.558762333070796,-73.26396398508828)
1 (45.66879332017502,-73.51836164087909)
1 (45.66038671803942,-73.40405659029385)
1 (45.27961859450212,-73.53460083911096)
1 (45.62198952454178,-73.51414411429234)
1 (45.58979342312073,-73.40579147764531)
1 (45.2922074081927,-73.30189422077785)
1 (45.71534822358797,-73.63613289894198)
1 (45.68784653448201,-73.39408030363799)
1 (45.31943864133166,-73.43503658142775)
1 (45.57115677783677,-73.5570399798968)
1 (45.68421264970972,-73.34749268689295)
1 (45.616728934487405,-73.57190679627338)
1 (45.312005607352155,-73.72566456883185)
1 (45.70574985177375,-73.70087922140706)
1 (45.41220155101747,-73.39960630849642)
1 (45.557713799898224,-73.33264648395476)
1 (45.43527523814135,-73.61154087107003)
1 (45.472676687657156,-73.53132104857478)
1 (45.261329896879296,-73.71905502143221)
1 (45.41075274704975,-73.33383338389231)
1 (45.73687149974007,-73.34785952445878)
1 (45.47979201419901,-73.74572480543911)
1 (45.48061124009123,-73.58443159150494)
1 (45.637039952265305,-73.47462983142148)
1 (45.746763609880624,-73.44289927176557)
1 (45.53606875280633,-73.51446985788378)
1 (45.64260826792454,-73.718945388866)
1 (45.46638344630665,-73.25148551178498)
1 (45.646009616954714,-73.45630189047134)
1 (45.739843944535615,-73.30571552237451)
1 (45.65813896486432,-73.59857312843837)
1 (45.675407599879655,-73.34838511717112)
1 (45.25681960854195,-73.48066966215123)
1 (45.52168498026845,-73.64689811011633)
1 (45.38671638412803,-73.63005225349755)
1 (45.735415090184866,-73.58473140584157)
1 (45.43401658849707,-73.39827866434594)
1 (45.503204264841386,-73.3835118886092)
1 (45.485300205729175,-73.72801354226657)
1 (45.25373643174892,-73.71891076614394)
1 (45.56297321246832,-73.37970512322663)
1 (45.65815064889211,-73.37072084267442)
1 (45.26293815640597,-73.69555013391874)
1 (45.25739514173442,-73.4805879691099)
1 (45.4941024841751,-73.46616126628189)
1 (45.38710536799976,-73.40834810025976)
1 (45.433875458004295,-73.68751969168191)
1 (45.49291670119524,-73.57977700009295)
1 (45.36898048683341,-73.45233792450564)
1 (45.742111042673265,-73.6047899982284)
1 (45.28671045786582,-73.41087648593057)
1 (45.54110946815646,-73.31573493999355)
1 (45.418179382442176,-73.66155049840309)
1 (45.66256160915096,-73.73040147835091)
1 (45.412174477425594,-73.59133056571986)
1 (45.67064566300794,-73.28372576044896)
1 (45.43588866763747,-73.57998532495196)
1 (45.70868126145338,-73.49589987438684)
1 (45.25711405119618,-73.6106305222509)
1 (45.4792704517053,-73.55270073158931)
1 (45.26140295235528,-73.69184324982612)
1 (45.40392079246782,-73.56633385125598)
1 (45.397253715277444,-73.59376703879855)
1 (45.49646737020211,-73.56194260848552)
1 (45.72255429843848,-73.73217728183116)
1 (45.4225991649122,-73.49616440444869)
1 (45.54631746914027,-73.6003938907786)
1 (45.54640820873929,-73.35972021665978)
1 (45.62116723169204,-73.4492212120902)
1 (45.48411862917616,-73.64600483341238)
1 (45.44408685748157,-73.4497634153968)
1 (45.29501537962313,-73.68200042769531)
1 (45.46561460980816,-73.34300608610552)
1 (45.44008145358038,-73.5165664294254)
1 (45.39097416470287,-73.58347320768884)
1 (45.52996498025062,-73.74426441726261)
1 (45.28055247084142,-73.72206136280519)
1 (45.66563637171046,-73.31035697423485)
1 (45.3216884415669,-73.7453209916134)
1 (45.34745869794776,-73.49447501405939)
1 (45.44891189936922,-73.29499773438219)
1 (45.49138289804789,-73.40667868193589)
1 (45.43557274110067,-73.63256452359026)
1 (45.544592578389825,-73.45024204315733)
1 (45.66622615795218,-73.38876834790291)
1 (45.53716162027987,-73.31047269899558)
1 (45.52619066700424,-73.54788339146354)
1 (45.64115086749921,-73.61823257283598)
1 (45.7123711247552,-73.26040536896497)
1 (45.43405863813704,-73.51055679117374)
1 (45.2777402279287,-73.45633959981004)
1 (45.579653034271495,-73.36887288271478)
1 (45.37079715455847,-73.34402879601909)
1 (45.54595218636015,-73.55780327636427)
1 (45.42087329832314,-73.72663381574846)
1 (45.27748209129312,-73.5143890659893)
1 (45.45033057910792,-73.64992437995353)
1 (45.426929667524206,-73.54880406680267)
1 (45.265498623334665,-73.71095410283962)
1 (45.32992230922536,-73.71323311710992)
1 (45.48962290070446,-73.4074874420717)
1 (45.375903121145306,-73.57556950340926)
1 (45.25314670943941,-73.69271414016804)
1 (45.28793454260093,-73.69894142143445)
1 (45.349325734794,-73.4188295903477)
1 (45.574751365974436,-73.5768082070665)
1 (45.296474467508155,-73.60647763871064)
1 (45.55949716262502,-73.70647244976438)
1 (45.522069834854285,-73.46484515316773)
1 (45.42131683072766,-73.40133438745636)
1 (45.29848802076491,-73.30936594090777)
1 (45.60834081805237,-73.34407064507631)
1 (45.61532612495551,-73.48053415535306)
1 (45.29358525427764,-73.26914989013551)
1 (45.369061525715715,-73.55824569063034)
1 (45.748905135316186,-73.53370319632525)
1 (45.58722690565267,-73.59137882331089)
1 (45.606376386039784,-73.69074760501326)
1 (45.38133038497851,-73.72199333221576)
1 (45.461345441144836,-73.5181168021151)
1 (45.44042547523613,-73.47757039567996)
1 (45.64687378189649,-73.2801831779088)
1 (45.63553668891514,-73.63313344125062)
1 (45.27541766727078,-73.30756112283841)
1 (45.70407213455819,-73.40788314808599)
1 (45.30032188227196,-73.27246193519998)
1 (45.522905387931125,-73.35814771655296)
1 (45.39706956144597,-73.31422585644258)
1 (45.6589848211873,-73.65999253875908)
1 (45.402218337315944,-73.43078784030571)
1 (45.707128909409846,-73.54075143114156)
1 (45.37656632338993,-73.29743831896386)
1 (45.38609241933881,-73.41903428304542)
1 (45.5783299706999,-73.40422146279437)
1 (45.46603864291537,-73.34743439143688)
1 (45.74197876380776,-73.61766840910705)
1 (45.34322889820168,-73.62120128964222)
1 (45.558860246401,-73.47129360377208)
1 (45.46104129447798,-73.41956309444774)
1 (45.64686216098351,-73.6723877970339)
1 (45.300356403341134,-73.5841753373689)
1 (45.57809650704308,-73.48012177813523)
1 (45.3268983287059,-73.61134106885852)
1 (45.70595393916341,-73.2618302799681)
1 (45.58829550222542,-73.64119028001723)
1 (45.595865053060635,-73.67057614146161)
1 (45.59942635425072,-73.66792424250787)
1 (45.31771821284906,-73.50770005909816)
1 (45.74104047386336,-73.37052379592879)
1 (45.70212226792527,-73.43904190938774)
1 (45.6236970699761,-73.37298822159063)
1 (45.39756540689676,-73.32287499587038)
1 (45.73673811554715,-73.38721442886474)
1 (45.691009795370654,-73.48132506958838)
1 (45.71031431070776,-73.57004431289852)
1 (45.57057508222494,-73.30515149411931)
1 (45.66740785610415,-73.53880080643086)
1 (45.41570193287729,-73.62424825911704)
1 (45.43234682108995,-73.33680129736547)
1 (45.497550016838076,-73.30307814435913)
1 (45.292481562970444,-73.72188010672305)
1 (45.66037348204629,-73.5314837599604)
1 (45.580494583273925,-73.4668695813423)
1 (45.633229712947575,-73.27692469845252)
1 (45.556240933072814,-73.41128228320206)
1 (45.390615992880875,-73.34417034027922)
1 (45.41906689110468,-73.2881048940544)
1 (45.34049150283237,-73.45283358921128)
1 (45.27423083620544,-73.36865729355124)
1 (45.36863068358299,-73.69186101712314)
1 (45.51035040258798,-73.72188819864473)
1 (45.40936722677939,-73.6432005817719)
1 (45.318726534415546,-73.37227195801013)
1 (45.744526006411256,-73.38434839731144)
1 (45.49994509880843,-73.36263872076076)
1 (45.654703860637625,-73.48133158131029)
1 (45.25833302314974,-73.6848134582442)
1 (45.3600482119883,-73.46991466109128)
1 (45.38064649656454,-73.73185711598984)
1 (45.391295898687915,-73.69342246333584)
1 (45.53179451825813,-73.35099626988186)
1 (45.626072759668986,-73.72055293094733)
1 (45.37745203171579,-73.73599543795801)
1 (45.71031792524146,-73.40590873133696)
1 (45.36109237558615,-73.29176944664681)
1 (45.460184959885346,-73.47970697469013)
1 (45.721269941881076,-73.73245092467135)
1 (45.60588528870263,-73.36123195369967)
1 (45.73390935176713,-73.53692114234867)
1 (45.395677737057696,-73.68307608577986)
1 (45.70390852450533,-73.48298044000339)
1 (45.62557105446409,-73.29006984800154)
1 (45.41053851157204,-73.31287718062717)
1 (45.598294858009794,-73.7380320192326)
1 (45.531924162263785,-73.64883246497338)
1 (45.343707467019435,-73.56307676716214)
1 (45.535314858067565,-73.57749062949298)
1 (45.65204757780737,-73.32219487449439)
1 (45.62190609985395,-73.35689346454282)
1 (45.581299877869256,-73.62018167534447)
1 (45.557647718992605,-73.46861922408796)
1 (45.60043293992434,-73.53671479990474)
1 (45.60477599534108,-73.7411454835971)
1 (45.42138137333108,-73.55049032711008)
1 (45.292732140693076,-73.50828744942206)
1 (45.35438178323902,-73.72480634680534)
1 (45.43168069576848,-73.73873203998316)
1 (45.693636248819004,-73.5708385104799)
1 (45.57701736400341,-73.2792302717954)
1 (45.70326459218183,-73.64108240379461)
1 (45.59905593609819,-73.2949289335771)
1 (45.72712031410884,-73.52604338405322)
1 (45.598510503029225,-73.66561534183916)
1 (45.29028341762536,-73.53223457271152)
1 (45.63543943727047,-73.50631693866966)
1 (45.294906321441125,-73.40889962355021)
1 (45.60699351239565,-73.62474046044302)
1 (45.53857779994729,-73.56460686842077)
1 (45.61761141909713,-73.6064533897989)
1 (45.29948255685708,-73.2729673669525)
1 (45.334231664498525,-73.33150338754793)
1 (45.6393730298906,-73.40920954065263)
1 (45.60864050086314,-73.57333932656968)
1 (45.37273268172878,-73.28619868478299)
1 (45.57925157389418,-73.41244059508239)
1 (45.33849867492613,-73.66972005270635)
1 (45.535413389056394,-73.51297918151198)
1 (45.68932506976977,-73.54844970998566)
1 (45.5387669493869,-73.36113213715285)
1 (45.382605688115575,-73.71401789233616)
1 (45.64822619471485,-73.34832991866176)
1 (45.417339633355105,-73.67092492670405)
1 (45.58783012957601,-73.60176921268976)
1 (45.611410023454646,-73.34480029805728)
1 (45.33001580588799,-73.71793642437716)
1 (45.3549603881622,-73.49060097221097)
1 (45.34078767555431,-73.54268161228606)
1 (45.30729109332086,-73.61982557246563)
1 (45.64780909437187,-73.36355000219415)
1 (45.42706168663165,-73.66767628365044)
1 (45.44761788652966,-73.336621576001)
1 (45.5385730106323,-73.50733103228148)
1 (45.66396841574242,-73.66102699302681)
1 (45.3405165890516,-73.28909394011882)
1 (45.70572867969962,-73.43960125759135)
1 (45.35781685075881,-73.43717233749068)
1 (45.64981131223125,-73.32380424213122)
1 (45.322055038269006,-73.47618431859358)
1 (45.69229368897515,-73.43508047467988)
1 (45.34145202107842,-73.68323117851348)
1 (45.46918258317082,-73.68324831120317)
1 (45.48750042231551,-73.36947447092732)
1 (45.74720490839913,-73.46530166092619)
1 (45.582074872637534,-73.38763811965406)
1 (45.524556941752266,-73.32517544387655)
1 (45.51621228408358,-73.73871115706473)
1 (45.26171979818584,-73.48656894930427)
1 (45.36974262318125,-73.41235750697992)
1 (45.28325024028353,-73.73683899300242)
1 (45.42956353509774,-73.34114434111767)
1 (45.35288120530397,-73.44026820196933)
1 (45.42359087129871,-73.57868130966511)
1 (45.52631753857048,-73.49368120994244)
1 (45.3972801895618,-73.52611812643414)
1 (45.62878808730992,-73.30642488229026)
1 (45.66010261076224,-73.73017879177041)
1 (45.587716008784454,-73.39014645070853)
1 (45.620471793187434,-73.45901585806509)
1 (45.37479514921012,-73.38159662550864)
1 (45.609357043431864,-73.42964885741722)
1 (45.47631085830671,-73.29385237508212)
1 (45.46518064121638,-73.7126064022926)
1 (45.6157195944007,-73.49789745202945)
1 (45.71558623763946,-73.47562191790001)
1 (45.39830242410072,-73.37741630902929)
1 (45.64527785955858,-73.34883842475554)
1 (45.63413308828719,-73.27495037922162)
1 (45.383367785137864,-73.29895829878225)
1 (45.322652534421074,-73.25723340242375)
1 (45.378534670701235,-73.48912948684655)
1 (45.649817020148795,-73.37156546141499)
1 (45.25578155195814,-73.67508981572871)
1 (45.357088242981156,-73.44350367416357)
1 (45.56469670596978,-73.74619695700503)
1 (45.490459254982106,-73.57893994319154)
1 (45.335858642732454,-73.5624516526031)
1 (45.32726107236659,-73.380804610221)
1 (45.65938965226779,-73.26547753050278)
1 (45.7086704199105,-73.47217756683342)
1 (45.68765080421109,-73.25265124881497)
1 (45.57663994259706,-73.73350636573285)
1 (45.54268438917509,-73.49918217180817)
1 (45.72539798022416,-73.71192389411385)
1 (45.578248242244776,-73.39292113200456)
1 (45.629715821040776,-73.44532630000101)
1 (45.30614956552941,-73.71103357487361)
1 (45.70481603415297,-73.46291434429251)
1 (45.54707408913652,-73.3164025483356)
1 (45.48609630311173,-73.47731990668636)
1 (45.50721993900905,-73.58473272073894)
1 (45.490769137316455,-73.27123203574392)
1 (45.51378355151364,-73.49080682275977)
1 (45.438068186030975,-73.50360475258165)
1 (45.56470845391896,-73.68420166877405)
1 (45.55984821633821,-73.6170722336632)
1 (45.66109600170122,-73.27100117858797)
1 (45.42920615940058,-73.71911453567529)
1 (45.59429029501589,-73.38864927643692)
1 (45.571176610622935,-73.7348102044306)
1 (45.45388801667057,-73.51606615362329)
1 (45.59660586486116,-73.28868006588152)
1 (45.60778695590506,-73.30050681623254)
1 (45.717984514124915,-73.66716943181603)
1 (45.28087548970821,-73.50637115220091)
1 (45.26431919153658,-73.341733932697)
1 (45.625078459261125,-73.49928038963995)
1 (45.71104988963372,-73.39528709618754)
1 (45.33021306102288,-73.47121530391738)
1 (45.28057027187841,-73.2919359351052)
1 (45.372471964846284,-73.38936684219699)
1 (45.34908385545974,-73.26147355211323)
1 (45.43533880989674,-73.41258035838446)
1 (45.71632993658023,-73.6360159299555)
1 (45.36635468278616,-73.26488032910468)
1 (45.25613888154106,-73.27646288805957)
1 (45.25239253282949,-73.28554246268962)
1 (45.567827081998445,-73.26113123001761)
1 (45.30595945846151,-73.58953611260621)
1 (45.49111780603005,-73.27795121789399)
1 (45.255535568908,-73.47088980794345)
1 (45.73057485403613,-73.66503507755294)
1 (45.32407089059695,-73.36463872187579)
1 (45.35946173743495,-73.2822197618176)
1 (45.66150038136613,-73.3504929357167)
1 (45.6374898746838,-73.36835352204426)
1 (45.269500389883056,-73.3332211349038)
1 (45.382095102969416,-73.7456395117223)
1 (45.5196979869525,-73.67097461251603)
1 (45.57868257536113,-73.67326705283621)
1 (45.32015808069112,-73.64338207958555)
1 (45.501705874657574,-73.32785432625671)
1 (45.32921140854328,-73.25622615623368)
1 (45.34549689678111,-73.29789442336174)
1 (45.350549770677745,-73.4688680427197)
1 (45.731439133264765,-73.62343937352938)
1 (45.669003194189095,-73.50431701468646)
1 (45.46637722949082,-73.29067496927816)
1 (45.602527051026065,-73.45994722941016)
1 (45.57608209473379,-73.70383185241585)
1 (45.45266518175823,-73.479344603114)
1 (45.42714102989912,-73.50404683856131)
1 (45.33311879309892,-73.27262193864246)
1 (45.680818680965665,-73.68633073530906)
1 (45.54403867529987,-73.28377114487225)
1 (45.39323493006586,-73.28171755136573)
1 (45.738271996217364,-73.2992266087048)
1 (45.28763185275704,-73.42196246700517)
1 (45.5950330073987,-73.27179450356573)
1 (45.576552742535405,-73.38882408790718)
1 (45.576330181559335,-73.59845811370853)
1 (45.70443170850223,-73.26900961215853)
1 (45.591970858535404,-73.53929975457984)
1 (45.514393316324906,-73.58927920157197)
1 (45.540077499233426,-73.39788538978955)
1 (45.616987607450035,-73.29399909915058)
1 (45.72178811773471,-73.50093851033374)
1 (45.65313632870021,-73.64960088356341)
1 (45.551176590785616,-73.41698515478474)
1 (45.69874229504645,-73.61694712358718)
1 (45.29441683060409,-73.73988276584151)
1 (45.25421436000554,-73.42352191098325)
1 (45.275828415172185,-73.63375058762331)
1 (45.5985863301315,-73.49265748220337)
1 (45.582678925912504,-73.69080018576992)
1 (45.26495911638769,-73.54667621466835)
1 (45.28548213633597,-73.49291993611826)
1 (45.51167073564207,-73.59487027000502)
1 (45.56601917368014,-73.5915977150645)
1 (45.42190013650478,-73.64565909181282)
1 (45.411423068077646,-73.4288718635182)
1 (45.66333616141296,-73.3450578343611)
1 (45.689405382578066,-73.51448038590341)
1 (45.479093925291615,-73.34075805557534)
1 (45.467067098459424,-73.45123442427393)
1 (45.66123666326734,-73.50266468418262)
1 (45.3737238761016,-73.66187210991876)
1 (45.57906183224528,-73.69665121631652)
1 (45.63678939199254,-73.41625446075348)
1 (45.295736107592155,-73.60858854965036)
1 (45.638998549614286,-73.4877455258848)
1 (45.408914583775235,-73.65037003509505)
1 (45.45511571361475,-73.48197447154733)
1 (45.493655435974524,-73.74869914534139)
1 (45.32676144714338,-73.57990755397736)
1 (45.40924182805983,-73.32082340739717)
1 (45.425104385050794,-73.6202637095702)
1 (45.2554489518319,-73.47919171673227)
1 (45.53290319355136,-73.61378769327625)
1 (45.42834458332697,-73.47917986929949)
1 (45.449747079726286,-73.4337503408087)
1 (45.53088753206108,-73.63057214272115)
1 (45.48733112783209,-73.56327586635165)
1 (45.33938891447344,-73.33440483561118)
1 (45.37521651525676,-73.40070169386762)
1 (45.61332724973898,-73.58207052886046)
1 (45.741763588640225,-73.72915668741894)
1 (45.263058851874966,-73.66324976277811)
1 (45.56978921615475,-73.54589926352611)
1 (45.25764112091064,-73.47328011982144)
1 (45.65198817917598,-73.52068703613418)
1 (45.663286650058915,-73.68899005296268)
1 (45.58727140205132,-73.41055558413792)
1 (45.35189245032143,-73.69481849185956)
1 (45.26591236940154,-73.30086386194313)
1 (45.708638679488516,-73.48820865541205)
1 (45.58875624485543,-73.56931968451607)
1 (45.59782773872325,-73.37480773831801)
1 (45.35373437819538,-73.4809289930229)
1 (45.41693482188771,-73.57992214800093)
1 (45.32154048681763,-73.31741797564044)
1 (45.280267168401224,-73.45297067971853)
1 (45.44156260028833,-73.42465790825665)
1 (45.72567974058672,-73.7263462960395)
1 (45.57902865919619,-73.52597760692859)
1 (45.33047113246472,-73.30913993441182)
1 (45.33481157646718,-73.59797933196204)
1 (45.25588402670249,-73.34959780790301)
1 (45.69045293447031,-73.53857901947416)
1 (45.51356052280066,-73.28797665409374)
1 (45.74270284267008,-73.27447248687942)
1 (45.66185326853392,-73.34362929574942)
1 (45.71423678846864,-73.35708461650894)
1 (45.6950692012548,-73.3366958979954)
1 (45.740198421766216,-73.4822888986678)
1 (45.58452342124028,-73.43569426146443)
1 (45.633830620841735,-73.73979045458157)
1 (45.266706655786415,-73.3475954239764)
1 (45.42869551343629,-73.2530457103495)
1 (45.35092029694013,-73.62663894846207)
1 (45.47984732025682,-73.70994784218136)
1 (45.436408994215654,-73.67218489640602)
1 (45.281810149671344,-73.60823720251095)
1 (45.68732154112319,-73.61431804711862)
1 (45.42732619468971,-73.34770156676115)
1 (45.712756370441404,-73.64871219592986)
1 (45.28757818131688,-73.59371156338214)
1 (45.3386990906011,-73.47943097153303)
1 (45.54195297379557,-73.61349188648194)
1 (45.53883499202365,-73.35988398374327)
1 (45.623401575521264,-73.54775973498764)
1 (45.61202028889976,-73.28807572891955)
1 (45.474064381964325,-73.32596693685267)
1 (45.65562186733796,-73.71257702292992)
1 (45.725068177173746,-73.66336312244624)
1 (45.48598572509973,-73.64031714775443)
1 (45.524265275889846,-73.29245249859832)
1 (45.39997034061346,-73.30633758457562)
1 (45.73617316378568,-73.28014719750358)
1 (45.554782013005564,-73.56906643010271)
1 (45.62948630509156,-73.46502609357918)
1 (45.26727462894107,-73.43246532573148)
1 (45.449270149459764,-73.71658771259389)
1 (45.6984276250792,-73.5685688054235)
1 (45.443310554879,-73.37024213530235)
1 (45.693891361134746,-73.4204789706622)
1 (45.47508021582979,-73.32801653788887)
1 (45.49728974842396,-73.40679627735624)
1 (45.30939696255977,-73.43555509712303)
1 (45.63939640331296,-73.42376029793715)
1 (45.50108688894548,-73.35097390096011)
1 (45.53335049704654,-73.25104219235764)
1 (45.55182890305154,-73.71048753271026)
1 (45.673755019511844,-73.6111735822611)
1 (45.62584522450106,-73.46945391857787)
1 (45.34580052591429,-73.5110146850221)
1 (45.631215857633244,-73.35558991559974)
1 (45.39948336535009,-73.60645717614146)
1 (45.380333195470755,-73.41359037536175)
1 (45.43353809418809,-73.67872568052611)
1 (45.34037641670951,-73.64723898712204)
1 (45.663879716959435,-73.39218423500233)
1 (45.67267331730706,-73.27632950842086)
1 (45.32215187274249,-73.31947252765598)
1 (45.33843072776414,-73.62132173226595)
1 (45.64140331771682,-73.27008937142543)
1 (45.51755290965603,-73.6086367340723)
1 (45.3379653682648,-73.7432089242331)
1 (45.4471304493868,-73.35385160198473)
1 (45.4912790550024,-73.34455820114962)
1 (45.53667081426144,-73.72878420616095)
1 (45.35672140433103,-73.26060223447315)
1 (45.2582544231314,-73.25156409777938)
1 (45.42040612146554,-73.37107651808071)
1 (45.34153902389139,-73.55626605638771)
1 (45.41948452057462,-73.30307384891728)
1 (45.72589806821126,-73.60053837804537)
1 (45.60664875008839,-73.68643618387749)
1 (45.53496697117861,-73.65588818754259)
1 (45.733339540355956,-73.56111969019706)
1 (45.54248483372392,-73.49589196103854)
1 (45.56258714400173,-73.31249436133241)
1 (45.69255699553817,-73.55257948122576)
1 (45.699464380390175,-73.67020749664519)
1 (45.722327545772586,-73.65059521002335)
1 (45.64480674622185,-73.70028316593714)
1 (45.31053877803185,-73.25247136173354)
1 (45.73615532666439,-73.34854802054082)
1 (45.441568069859,-73.45645261212994)
1 (45.538803936735555,-73.45626651013737)
1 (45.33127110215548,-73.28079252181287)
1 (45.28938273461747,-73.26603676182584)
1 (45.30832313709031,-73.5452977115711)
1 (45.67458636543216,-73.26754106938117)
1 (45.48273892040836,-73.42212569608213)
1 (45.54845544124384,-73.29866330330059)
1 (45.36186467634381,-73.4734484367998)
1 (45.65304593752889,-73.6177781258386)
1 (45.29337396168633,-73.72357338095395)
1 (45.509371917874724,-73.69768503577313)
1 (45.72466274307592,-73.52746995420475)
1 (45.38818265626324,-73.26070337908423)
1 (45.26852687798422,-73.69637939058322)
1 (45.65343628366025,-73.57786212682929)
1 (45.45611895851097,-73.52429159793422)
1 (45.295257402828845,-73.29291139393902)
1 (45.33991919897682,-73.52655303964254)
1 (45.633717420847475,-73.50405068188488)
1 (45.28181894850212,-73.35372507922679)
1 (45.47995179499829,-73.54281161457531)
1 (45.32440310413986,-73.48004295048169)
1 (45.4869291516902,-73.3304509623632)
1 (45.49713150581015,-73.38643058071811)
1 (45.5086133198934,-73.36750295408294)
1 (45.25335718039742,-73.56300727919876)
1 (45.513309721810906,-73.32180741221903)
1 (45.468982998620284,-73.74537776401398)
1 (45.46466366255445,-73.3243736241048)
1 (45.55904635004594,-73.37272717564002)
1 (45.59207865043357,-73.46085755509232)
1 (45.28463479002073,-73.31384856794497)
1 (45.62124864556092,-73.55922318766252)
1 (45.72927392459956,-73.44971056615456)
1 (45.32504915132952,-73.72132650213713)
1 (45.72129203107573,-73.72802853894538)
1 (45.68520757097,-73.62770380897985)
1 (45.666654151846245,-73.31653289158113)
1 (45.52597411411448,-73.46076401732496)
1 (45.33537189396527,-73.47723376841236)
1 (45.69244045805661,-73.34187732207124)
1 (45.613833118627255,-73.26396181851277)
1 (45.69820395032185,-73.46252092869673)
1 (45.59525930607581,-73.60982008535562)
1 (45.259750986747584,-73.60868524464014)
1 (45.63098638035458,-73.31991274630684)
1 (45.26823422310984,-73.53116193294552)
1 (45.6063783893499,-73.41782159036944)
1 (45.523243405540576,-73.60212847453852)
1 (45.73692125801003,-73.71178201240151)
1 (45.467721398555284,-73.42061137691329)
1 (45.60240767695475,-73.34836526491905)
1 (45.71835158260396,-73.48595358299033)
1 (45.45011196874973,-73.50770468173654)
1 (45.381544700721356,-73.7493292831757)
1 (45.501467292951425,-73.2649086190386)
1 (45.48157816455033,-73.27864256476542)
1 (45.590995884760154,-73.49728369990487)
1 (45.304492158857784,-73.43181406546286)
1 (45.45110612604642,-73.55634713750966)
1 (45.579022204119276,-73.32750292597875)
1 (45.33185870278459,-73.74733745602018)
1 (45.67414919772458,-73.53072921226558)
1 (45.41091721663483,-73.46703857329949)
1 (45.39177307597557,-73.73365504793239)
1 (45.605637038758324,-73.6432124119925)
1 (45.4725676023527,-73.30895050730972)
1 (45.44660943664577,-73.39579079244817)
1 (45.61324912008952,-73.44471353258687)
1 (45.609966218795584,-73.60120792242792)
1 (45.614293219408545,-73.63583077840097)
1 (45.53436357336574,-73.28686011115076)
1 (45.73855889523562,-73.60695961336539)
1 (45.26780172508714,-73.51265987576775)
1 (45.46333040156447,-73.2769791419286)
1 (45.299300982432335,-73.61100708626863)
1 (45.5509632995371,-73.64380137785572)
1 (45.63094207167681,-73.35523023245419)
1 (45.74662127019473,-73.47185142533132)
1 (45.736892917448685,-73.30965644297083)
1 (45.43551666038447,-73.40231867377186)
1 (45.337781572401276,-73.28194918387007)
1 (45.25661815670167,-73.578448813045)
1 (45.59113866788342,-73.45020823112509)
1 (45.47496487556711,-73.58468964963113)
1 (45.36162089889583,-73.37355690725714)
1 (45.360527003493715,-73.4394214690161)
1 (45.68834051957422,-73.71554690531495)
1 (45.407978741473634,-73.55629575307995)
1 (45.41086361155373,-73.61469176329474)
1 (45.458800192953206,-73.49887411797012)
1 (45.650303948896585,-73.72579529716829)
1 (45.65480068803576,-73.49730206009313)
1 (45.46742681838693,-73.52947177370787)
1 (45.66045663384463,-73.57417037204706)
1 (45.53579084512384,-73.56536035741264)
1 (45.74038288863342,-73.73950979895784)
1 (45.574694118598714,-73.28701630381742)
1 (45.56780746546773,-73.56203268441011)
1 (45.5840540565558,-73.26331750595779)
1 (45.57009499071277,-73.50527805030062)
1 (45.61133881817793,-73.46245480602795)
1 (45.68816535429236,-73.73323492133039)
1 (45.35928140884482,-73.35018047859661)
1 (45.63807954336835,-73.64031128962826)
1 (45.412345704710575,-73.51396948583613)
1 (45.61511558319219,-73.64518424436447)
1 (45.719777226601096,-73.48910353470173)
1 (45.37333325960764,-73.30710989147657)
1 (45.72355938734494,-73.41141878733319)
1 (45.74692698624515,-73.57668932020437)
1 (45.66070956258517,-73.55456294803678)
1 (45.453592193274474,-73.48088027281379)
1 (45.60108740342416,-73.7270885858616)
1 (45.434680977646465,-73.26421167275129)
1 (45.70425118419601,-73.40656455192729)
1 (45.54209909873471,-73.46470164950625)
1 (45.49188618340429,-73.37411789911751)
1 (45.57769665692173,-73.59389707950885)
1 (45.6359425178374,-73.4834244210977)
1 (45.52733087076155,-73.51574626603247)
1 (45.35685795263709,-73.5531460602389)
1 (45.308830183106494,-73.2786838231218)
1 (45.51110463439846,-73.71116922672599)
1 (45.47076438115251,-73.54934998657131)
1 (45.32278685907597,-73.34272817534648)
1 (45.537226627322475,-73.42478480818929)
1 (45.480130420551816,-73.60260351466084)
1 (45.59275877715355,-73.26273004432073)
1 (45.474442193142806,-73.74406584260487)
1 (45.7411022244707,-73.26684025359609)
1 (45.60648199302825,-73.29409054393538)
1 (45.25163233843027,-73.39514692285434)
1 (45.52317706704516,-73.3655998025346)
1 (45.52813533405458,-73.72603793696284)
1 (45.476222638406824,-73.6430935667186)
1 (45.49601204334334,-73.71630724460317)