2200 2200
101 (45.5,-73.5)
1 (45.713350565067934,-73.30801165682956)
1 (45.606044168688896,-73.32049788399833)
1 (45.52291116049098,-73.38452458544502)
1 (45.39553395989456,-73.70980437577474)
1 (45.452901489985024,-73.68518130678409)
1 (45.430929410317916,-73.33221825956258)
1 (45.6166870630958,-73.71894728572391)
1 (45.47997260837524,-73.29339391709425)
1 (45.27940178789572,-73.59164712564986)
1 (45.42595979877565,-73.50987947615815)
1 (45.59137440933866,-73.58068109508727)
1 (45.741877377556,-73.29290062204223)
1 (45.39791802622571,-73.70211565386239)
1 (45.28797895054723,-73.46180331018644)
1 (45.508432647422836,-73.7088533008713)
1 (45.28279420477936,-73.26155393059985)
1 (45.65200858623965,-73.56356777557798)
1 (45.52461135452862,-73.268363963455)
1 (45.58158248615008,-73.51944594259685)
1 (45.30815046395854,-73.61154868625314)
1 (45.41418520930086,-73.51550816918623)
1 (45.48944582872081,-73.71814776714042)
1 (45.310934964865545,-73.651384579782)
1 (45.3008814841855,-73.3996282354436)
1 (45.50716660665373,-73.54890494926073)
1 (45.30787447033714,-73.44715874508971)
1 (45.50045176009268,-73.43471551271644)
1 (45.32887648276399,-73.48348648839162)
1 (45.39225255217245,-73.28936637829483)
1 (45.71116520072091,-73.63536652132309)
1 (45.457564989045586,-73.40391870986755)
1 (45.56632230184307,-73.64078599519443)
1 (45.486146402544755,-73.66510150980552)
1 (45.421346187146334,-73.28989375509339)
1 (45.29878451874892,-73.3544028965135)
1 (45.73402293735803,-73.61758892532416)
1 (45.592554214739984,-73.6952116523285)
1 (45.354480045459425,-73.5191398081574)
1 (45.41012095527095,-73.31523006199846)
1 (45.28877304456286,-73.44799763562341)
1 (45.55988863247286,-73.70885951216185)
1 (45.53490613170916,-73.57713751096446)
1 (45.73615240748175,-73.68611599294196)
1 (45.31686349454317,-73.26180191981543)
1 (45.401405640731575,-73.68086285595288)
1 (45.73802894220934,-73.33244009377073)
1 (45.69656327807309,-73.66175384020335)
1 (45.71179716971891,-73.67192971030771)
1 (45.73910226694957,-73.7442597037224)
1 (45.504230792345794,-73.69083490724081)
1 (45.653982949009325,-73.44150752437368)
1 (45.34129305409918,-73.70849812786585)
1 (45.55770344337353,-73.31539172578269)
1 (45.29148688670159,-73.37618092031397)
1 (45.48195275943221,-73.59752195406826)
1 (45.533656810024084,-73.64126171326636)
1 (45.38006603097577,-73.64205290257262)
1 (45.65926090238621,-73.34866699615073)
1 (45.40684922887057,-73.34929682826454)
1 (45.33859591578209,-73.40725477748325)
1 (45.600328320046486,-73.46025019909696)
1 (45.50125924657,-73.51478753533134)
1 (45.42259174123856,-73.36777088892535)
1 (45.642557529760985,-73.7354247082429)
1 (45.33613287742888,-73.32012323476229)
1 (45.46962201697767,-73.2583326398587)
1 (45.701962720704564,-73.60696364474664)
1 (45.3436671294437,-73.4350531434245)
1 (45.28625114121425,-73.51656965931846)
1 (45.358128904573256,-73.69668948026924)
1 (45.55336852609021,-73.53622127208187)
1 (45.41634620639128,-73.68976182306365)
1 (45.70493765148659,-73.43512332373137)
1 (45.33699811561905,-73.441751918822)
1 (45.59686915076104,-73.52111365800327)
1 (45.3206869053367,-73.57390006396426)
1 (45.72934216519674,-73.49863193806951)
1 (45.556856421955786,-73.5197350077391)
1 (45.45830481683261,-73.47602946664061)
1 (45.33666201146628,-73.38311068730255)
1 (45.421307838053785,-73.27528121209791)
1 (45.264458435312996,-73.479191560754)
1 (45.405347613983295,-73.28651601866896)
1 (45.528248170287334,-73.74587127989838)
1 (45.509883360160394,-73.68351227124467)
1 (45.697733404486705,-73.59152737596317)
1 (45.47430635737943,-73.37441098802083)
1 (45.6675405914217,-73.35780769776889)
1 (45.44587749277546,-73.60437931010607)
1 (45.65273735179657,-73.42331217785194)
1 (45.26151269206939,-73.65381266471573)
1 (45.57393731071369,-73.5555766293097)
1 (45.50478385940322,-73.58689419792455)
1 (45.740089007847004,-73.4346830539305)
1 (45.678116651879876,-73.50093576925651)
1 (45.448471235915065,-73.32211414534513)
1 (45.29940423370107,-73.70690514349154)
1 (45.473467416883985,-73.63313733836709)
1 (45.59211977095163,-73.73589956375977)
1 (45.40836790504922,-73.69004710182142)
1 (45.688498531308,-73.51505613018445)
1 (45.45774947433148,-73.68701174413125)
1 (45.40647384046365,-73.4894953160504)
1 (45.551907320553006,-73.38506425160392)
1 (45.692789371831424,-73.38437396409411)
1 (45.56936549604196,-73.27794461780297)
1 (45.74707347946368,-73.70297979110718)
1 (45.50866773241888,-73.42604389017401)
1 (45.654649690040614,-73.44303000730496)
1 (45.64645089085525,-73.34661833090243)
1 (45.55947066823367,-73.38394179256171)
1 (45.55522977441414,-73.27373507422601)
1 (45.50280119172395,-73.65282325674526)
1 (45.33137210678049,-73.26107841740027)
1 (45.53813922311782,-73.61628855157208)
1 (45.501418785621674,-73.4947891075746)
1 (45.6083519507189,-73.46893174008676)
1 (45.33320500807735,-73.31192667615419)
1 (45.43711758103414,-73.69739890009211)
1 (45.6771637251043,-73.28293825514197)
1 (45.34350132627702,-73.39147913870535)
1 (45.502743745517634,-73.31368473244784)
1 (45.435857816718,-73.65048998487941)
1 (45.47505051566235,-73.55411857687558)
1 (45.57924012101845,-73.59446346389605)
1 (45.73761824357602,-73.46662530345472)
1 (45.35910902622498,-73.73524462690074)
1 (45.52864822821198,-73.70733369707942)
1 (45.48337431882561,-73.69259461067215)
1 (45.3600984972161,-73.50836774748493)
1 (45.674663375996026,-73.45474589248857)
1 (45.73168606568832,-73.51805641963618)
1 (45.60520035645831,-73.58158781278198)
1 (45.735163746141076,-73.55953496674853)
1 (45.31779273122006,-73.43176600698423)
1 (45.428159189197295,-73.50596506793299)
1 (45.35816021236067,-73.66245969288842)
1 (45.52141464094437,-73.4427683664283)
1 (45.51620415162113,-73.40245637466168)
1 (45.72844179608035,-73.49381144134189)
1 (45.63680428506833,-73.6353739352695)
1 (45.57240662176619,-73.62939801802644)
1 (45.41434225408701,-73.45048557862262)
1 (45.531485280274204,-73.44921718883639)
1 (45.42939033351054,-73.42358340537048)
1 (45.63098245625334,-73.34306450998602)
1 (45.420866629683346,-73.4796722697431)
1 (45.45817977659677,-73.57619556237594)
1 (45.41244641063756,-73.66301547161976)
1 (45.58418228781353,-73.72458979373931)
1 (45.32813252681199,-73.29815981463712)
1 (45.525957146583764,-73.4981953469145)
1 (45.63862620050354,-73.56804768538962)
1 (45.67130911488435,-73.33739345230417)
1 (45.37750267885841,-73.56217952603558)
1 (45.5197135324186,-73.749463948291)
1 (45.55418452259729,-73.35902033982092)
1 (45.66272795162538,-73.66775173310843)
1 (45.569318670626046,-73.70244943867844)
1 (45.639129637163,-73.66652638742966)
1 (45.70740151413392,-73.31203311927217)
1 (45.65197673603988,-73.6491958205922)
1 (45.64135983738656,-73.33125542059105)
1 (45.627466816852696,-73.6465771560307)
1 (45.6342832876275,-73.36657245324426)
1 (45.72876716515405,-73.61534646302536)
1 (45.26461779654583,-73.50326155676485)
1 (45.71191715384144,-73.61458178276206)
1 (45.53286734721485,-73.60151660400211)
1 (45.425453519535075,-73.46048170848685)
1 (45.630214795744514,-73.57809664354288)
1 (45.310585563430124,-73.41588503160546)
1 (45.46246094475556,-73.26506529173433)
1 (45.45454759344579,-73.66213471915668)
1 (45.72629401092067,-73.30776370465286)
1 (45.58618216649427,-73.72612250313587)
1 (45.42914032762766,-73.41914080824098)
1 (45.37985802761075,-73.69501845239496)
1 (45.7287098701197,-73.64691931875963)
1 (45.55150293916836,-73.44523261626749)
1 (45.34383915237598,-73.63380733730897)
1 (45.488831829340555,-73.74057412933016)
1 (45.55434653285394,-73.65906977751308)
1 (45.55677685367382,-73.41736579712439)
1 (45.46435410181465,-73.54225558550199)
1 (45.25867661913303,-73.47144040236535)
1 (45.250892723731745,-73.26673080808395)
1 (45.613957569778044,-73.69348779668957)
1 (45.55759591641065,-73.44189937819459)
1 (45.43384136987181,-73.5651399374337)
1 (45.52190091977315,-73.46859780093286)
1 (45.63803784999292,-73.42847385585735)
1 (45.64341383657159,-73.50213123144508)
1 (45.35743396539924,-73.47628054965467)
1 (45.31095913111025,-73.52177344444246)
1 (45.310464806429046,-73.37949091148892)
1 (45.30632171509367,-73.51428374452662)
1 (45.32415370593741,-73.37156750763954)
1 (45.49380339742379,-73.46209956932286)
1 (45.39473409653488,-73.34746429760024)
1 (45.68645383737095,-73.49434362627092)
1 (45.347316695978705,-73.50692401471215)
1 (45.35219895296698,-73.71064015284871)
1 (45.459241186812704,-73.27842622096406)
1 (45.38607863784145,-73.32396534532998)
1 (45.35755254386814,-73.7010167691412)
1 (45.62841843212235,-73.389362259761)
1 (45.587467857620055,-73.6165425881897)
1 (45.65299833909537,-73.49033119143351)
1 (45.47575019321501,-73.43448338440734)
1 (45.58414510932081,-73.34406192577158)
1 (45.28058200481867,-73.37561522886884)
1 (45.32716276545082,-73.36040461481285)
1 (45.62783119987201,-73.47915856042493)
1 (45.61262924352031,-73.7475817493274)
1 (45.38252888530243,-73.27085632654467)
1 (45.661825376048895,-73.30012382085864)
1 (45.39392851676321,-73.33659599163343)
1 (45.57792582282173,-73.53136713424249)
1 (45.48269198510096,-73.62773190465211)
1 (45.25556962398707,-73.324082341897)
1 (45.60954896246342,-73.64018273523985)
1 (45.680041604330825,-73.26840798238253)
1 (45.37620157885941,-73.65967136917595)
1 (45.456533839279636,-73.33624361903048)
1 (45.36129737993086,-73.55014300690061)
1 (45.269819867778246,-73.50561281253736)
1 (45.2869690960609,-73.5814397577347)
1 (45.725162716087276,-73.39723635690729)
1 (45.64474077677972,-73.54572827986155)
1 (45.66239067742385,-73.4186620934906)
1 (45.68352546337515,-73.39996986447485)
1 (45.56681354612497,-73.32877754652871)
1 (45.576990382713966,-73.39389044995315)
1 (45.623015037229656,-73.53738770409173)
1 (45.6427415049722,-73.59945078990037)
1 (45.27054527496512,-73.3407701089483)
1 (45.681579941586094,-73.44873519950484)
1 (45.32415097597129,-73.66472543872496)
1 (45.34150861116284,-73.31247013345111)
1 (45.31541859392565,-73.74162190223609)
1 (45.388218237032056,-73.3110520357283)
1 (45.69756963807358,-73.48728728844104)
1 (45.38145763427003,-73.4440063593285)
1 (45.43063508092986,-73.6673331004402)
1 (45.51499394935393,-73.25221834897465)
1 (45.73034953977442,-73.2506005614326)
1 (45.27679431522537,-73.5900684826015)
1 (45.420843681259115,-73.63989872044729)
1 (45.62561118160297,-73.68177391798729)
1 (45.37857720423837,-73.74706056939407)
1 (45.56032931527873,-73.46777984823514)
1 (45.49294241119982,-73.64057321234161)
1 (45.27923343588504,-73.31296309952145)
1 (45.39758210798152,-73.73964389501755)
1 (45.58778083966548,-73.4487028110735)
1 (45.44570366863808,-73.25854403445038)
1 (45.315514545478955,-73.55554131944214)
1 (45.512534290064686,-73.31942888148463)
1 (45.745428177213945,-73.66220129430978)
1 (45.708551089482896,-73.35056091633413)
1 (45.442394317712846,-73.54014289778067)
1 (45.478232515438364,-73.5699705119419)
1 (45.39119423586964,-73.51063812015762)
1 (45.340816173783644,-73.5220679805037)
1 (45.51923738201315,-73.55350702230157)
1 (45.70191136252284,-73.28657639060097)
1 (45.48423501441417,-73.31320381830987)
1 (45.72780275080807,-73.61538528828696)
1 (45.5528929868954,-73.53885868326839)
1 (45.72789514503356,-73.37353062464689)
1 (45.48311442935661,-73.67017398098746)
1 (45.33498741381418,-73.2654868576925)
1 (45.54925423658631,-73.69074169315877)
1 (45.50792690029912,-73.41731267249823)
1 (45.717642388846656,-73.5143919632971)
1 (45.506684124167414,-73.45892202789229)
1 (45.48789462653008,-73.54860021286221)
1 (45.50600058132497,-73.30885796132841)
1 (45.564454297893874,-73.6917737406554)
1 (45.420501007503006,-73.4064269462245)
1 (45.312360096522504,-73.36840620240868)
1 (45.31152451721198,-73.66290699293909)
1 (45.38141028534856,-73.28763191943828)
1 (45.433917500606896,-73.41477320507511)
1 (45.453694747572904,-73.42662921403613)
1 (45.55964430525988,-73.6574901171498)
1 (45.28089192342124,-73.29061567908583)
1 (45.684310054254176,-73.31840030395699)
1 (45.52977837045706,-73.28584567369907)
1 (45.582553277596176,-73.29159454650818)
1 (45.44707496488958,-73.56106359339283)
1 (45.42875432343577,-73.40637902002436)
1 (45.488053749522045,-73.42628444508046)
1 (45.34061859017619,-73.43406069835281)
1 (45.32725595445156,-73.4455660756872)
1 (45.73493225510332,-73.65525239586867)
1 (45.584222094596875,-73.52260549810873)
1 (45.30715114777547,-73.41175459076993)
1 (45.65231089292149,-73.25453457816603)
1 (45.25947187447775,-73.45330132725132)
1 (45.71448459809773,-73.52020864368048)
1 (45.605647453798525,-73.26006332259654)
1 (45.36636416463041,-73.69457406284867)
1 (45.47504818377686,-73.3767815825536)
1 (45.74390819078468,-73.5403691975687)
1 (45.323331490491555,-73.63376037518721)
1 (45.67074576889171,-73.72245598244996)
1 (45.33257309734199,-73.45367909876366)
1 (45.59849375775441,-73.51849732287549)
1 (45.54982479661428,-73.25128760590954)
1 (45.51231501746474,-73.66248838921587)
1 (45.469802659380896,-73.72553050871535)
1 (45.51352485459826,-73.35481817105432)
1 (45.31477277737804,-73.62050101753758)
1 (45.471228757503624,-73.30408014552914)
1 (45.70268958379107,-73.29285571832183)
1 (45.45577507727655,-73.73176942557429)
1 (45.72325560369506,-73.66892687175962)
1 (45.62823243466102,-73.57129612627328)
1 (45.66080930640128,-73.40474938793596)
1 (45.36215214426512,-73.62741331237214)
1 (45.71281138164352,-73.27657524214558)
1 (45.61655179133851,-73.73120021912443)
1 (45.553187637524125,-73.52817824461356)
1 (45.46235694510775,-73.42915990095679)
1 (45.48090034034869,-73.58435785418725)
1 (45.68846369729232,-73.48278312079297)
1 (45.67585814182766,-73.70753109058771)
1 (45.5781355655017,-73.42709850326683)
1 (45.25663748449159,-73.32615694640324)
1 (45.25162397836684,-73.64327162735096)
1 (45.39747743400171,-73.39996837140012)
1 (45.41670247226942,-73.34123413943215)
1 (45.71562243356838,-73.30759224226595)
1 (45.455230423914905,-73.52361645019467)
1 (45.48432637939103,-73.34711816527245)
1 (45.50091292422324,-73.41192594832081)
1 (45.46169414370634,-73.5295326961619)
1 (45.531099214931515,-73.4599553861638)
1 (45.251025443950425,-73.41866549069117)
1 (45.503762855605764,-73.45782425497715)
1 (45.624438865356005,-73.32940006961486)
1 (45.71973268896444,-73.34284864612378)
1 (45.64829230562861,-73.73838175281078)
1 (45.37979418262885,-73.68060345222908)
1 (45.74627943127125,-73.28831107176406)
1 (45.73645682166412,-73.3610833456212)
1 (45.52406979644702,-73.27814140818803)
1 (45.31098383567348,-73.37078727818522)
1 (45.257973896546105,-73.52710503464496)
1 (45.35770629260751,-73.55184389858918)
1 (45.41935232090833,-73.48047229964844)
1 (45.6096945086513,-73.54396355376787)
1 (45.46635177785711,-73.38930392059473)
1 (45.33253542212604,-73.62404526928373)
1 (45.38503890568226,-73.34518710215072)
1 (45.346265297705024,-73.41168521159679)
1 (45.60311596210859,-73.38405162115427)
1 (45.449433111267986,-73.39662600596715)
1 (45.43114102992884,-73.29064220851586)
1 (45.59382043309021,-73.46635443822578)
1 (45.60853838634336,-73.63707939321759)
1 (45.71351979967906,-73.56859775447461)
1 (45.34467317886527,-73.47517129099563)
1 (45.30787400446931,-73.33438693613576)
1 (45.44887765224868,-73.47274418690947)
1 (45.714204651762905,-73.41264833536728)
1 (45.73755456423426,-73.63924032575787)
1 (45.48330914795596,-73.4269529002438)
1 (45.39134672554854,-73.62518698288818)
1 (45.38838104923496,-73.35909511633591)
1 (45.31084979409265,-73.4038708431514)
1 (45.35630942005202,-73.29259204688248)
1 (45.28545876812809,-73.45165780787292)
1 (45.50923861160737,-73.31198558101883)
1 (45.44667693185286,-73.3358783808178)
1 (45.543820875243966,-73.45099901061207)
1 (45.524579271808015,-73.39605435610254)
1 (45.35576969233335,-73.41414206059179)
1 (45.364110723270755,-73.46547309995343)
1 (45.63812267298397,-73.36227650269974)
1 (45.486512642197205,-73.32572115002101)
1 (45.64304867273122,-73.3529473765566)
1 (45.70040955424692,-73.31676917298479)
1 (45.39908445142557,-73.56095275896952)
1 (45.37695128605755,-73.73955605241235)
1 (45.41836202749393,-73.67366830520643)
1 (45.50389378029926,-73.38675011530252)
1 (45.311688677344144,-73.35906023499805)
1 (45.52461544374171,-73.72047105955477)
1 (45.25326736841998,-73.44211384688845)
1 (45.74980393469462,-73.38323674009763)
1 (45.4013959376658,-73.3975725569228)
1 (45.30191171210407,-73.38025413918841)
1 (45.6866595556557,-73.47342500565027)
1 (45.61546679509865,-73.40740467425164)
1 (45.32493135595804,-73.70049646604538)
1 (45.46993865218262,-73.41987915089955)
1 (45.498922064458334,-73.71879303631411)
1 (45.37609735752099,-73.64139834901785)
1 (45.37907040850481,-73.26091559785849)
1 (45.371667251963395,-73.3033106164412)
1 (45.52224156638471,-73.27690311415961)
1 (45.40756499171288,-73.47658825815904)
1 (45.69500193961428,-73.56328314287842)
1 (45.52212472420693,-73.4178501950534)
1 (45.31716411035534,-73.3719001123127)
1 (45.40745182306899,-73.3930184233557)
1 (45.510846878024935,-73.32126008462518)
1 (45.26940951768171,-73.46907182874388)
1 (45.67047078426763,-73.51467357240702)
1 (45.5707314252008,-73.27559087817664)
1 (45.539910487585715,-73.58539602860458)
1 (45.325365787090746,-73.73339240141635)
1 (45.494451097321665,-73.43925855734035)
1 (45.58139606567368,-73.727534211009)
1 (45.57724635977793,-73.74994935116204)
1 (45.58974536022389,-73.66632467191599)
1 (45.33265222822799,-73.28114940091211)
1 (45.40636054809684,-73.31670273609544)
1 (45.6121104394654,-73.36314377519469)
1 (45.31668549605064,-73.73945959682595)
1 (45.30218219692157,-73.3393231660989)
1 (45.50297071051901,-73.56525350816433)
1 (45.33888293753793,-73.52015788179924)
1 (45.297330267395125,-73.2542246726989)
1 (45.42764511612705,-73.63876967401721)
1 (45.67644493251814,-73.36824781313071)
1 (45.58403639575764,-73.49314488463453)
1 (45.357424029546216,-73.25546528317254)
1 (45.44678668098269,-73.38532499356168)
1 (45.448576476244796,-73.40172411566029)
1 (45.291728118826256,-73.62757912019687)
1 (45.59370489412584,-73.54289598985201)
1 (45.29292794503434,-73.27960533944926)
1 (45.42402507713733,-73.4557893307678)
1 (45.33559488508042,-73.40922645785218)
1 (45.397926233709796,-73.65346849536324)
1 (45.58426557433466,-73.53183807121754)
1 (45.265525635645574,-73.50327523260388)
1 (45.54932823651479,-73.48103525791218)
1 (45.4423347735486,-73.56270325843832)
1 (45.57511667638758,-73.29438691599614)
1 (45.514342384702985,-73.68950702778908)
1 (45.49360838992517,-73.26424492886142)
1 (45.425432800419095,-73.72803162727261)
1 (45.649186354695104,-73.60376806662141)
1 (45.61729649231739,-73.30373071645957)
1 (45.60197494693673,-73.71300884985807)
1 (45.501853123185455,-73.47219530337668)
1 (45.559936052118815,-73.2989541251762)
1 (45.646695246777504,-73.6677463987683)
1 (45.473212426083215,-73.60682857923051)
1 (45.445174639200545,-73.57975009529498)
1 (45.748130874791386,-73.2577628303723)
1 (45.32449104089052,-73.25229419098427)
1 (45.70282891018631,-73.66009626037837)
1 (45.717506697816816,-73.35472076323865)
1 (45.691644015669794,-73.66812729671386)
1 (45.58699818726382,-73.70673973384503)
1 (45.2712057465191,-73.60304197816254)
1 (45.7446704019849,-73.26245387302589)
1 (45.36759633908033,-73.42604476718864)
1 (45.55149572516671,-73.3626061025915)
1 (45.630996581827134,-73.26338310012713)
1 (45.32080493117582,-73.65371553860857)
1 (45.53190931612776,-73.62700072290994)
1 (45.37104429941424,-73.64649907526305)
1 (45.2613537181198,-73.55297231465963)
1 (45.69122706758303,-73.44408088589688)
1 (45.64634942819793,-73.49266513911445)
1 (45.58884533513871,-73.71297255750626)
1 (45.58156008993186,-73.63874139670715)
1 (45.48737202001618,-73.49666216558936)
1 (45.40814212784344,-73.44965789857653)
1 (45.72847057771517,-73.48288104224397)
1 (45.74164476328629,-73.45223749883657)
1 (45.312643656662274,-73.33122232909358)
1 (45.462233545062155,-73.45218015557002)
1 (45.481290024266066,-73.64776608499734)
1 (45.43256029803633,-73.56704877101373)
1 (45.40300229700545,-73.65772102877267)
1 (45.501277957477605,-73.51530854595372)
1 (45.47742659540814,-73.57582350556963)
1 (45.48349995204917,-73.34841631923113)
1 (45.411118140553405,-73.6073398007235)
1 (45.58342924595878,-73.30074908494039)
1 (45.25156542838046,-73.42999830806012)
1 (45.638932945974474,-73.6543293547881)
1 (45.48791859069526,-73.409033462102)
1 (45.623014484573446,-73.47184765185102)
1 (45.63994614394191,-73.68375417520319)
1 (45.53293577078541,-73.74240028730749)
1 (45.460357368799464,-73.63465437316844)
1 (45.634167651719196,-73.4096540412496)
1 (45.46986597190234,-73.59506437626413)
1 (45.503397924473596,-73.41181675857973)
1 (45.52923381471239,-73.51069672645292)
1 (45.43250170445866,-73.25683621526473)
1 (45.5280221137527,-73.57417102271786)
1 (45.513679884996904,-73.28466747835147)
1 (45.535890242689234,-73.66970746478538)
1 (45.624897140738796,-73.6312418668785)
1 (45.41902123098372,-73.25565943271098)
1 (45.57430170958682,-73.50593870641244)
1 (45.471615655785456,-73.58941087510625)
1 (45.34248507172859,-73.72590402957158)
1 (45.55038439658023,-73.46039464656664)
1 (45.68224019044888,-73.51647822347182)
1 (45.52858387773033,-73.34259366469306)
1 (45.296903066790826,-73.38728770526956)
1 (45.605375454159976,-73.6078668133546)
1 (45.42041287128125,-73.42822373576041)
1 (45.616154282376186,-73.65579744378445)
1 (45.364901811948634,-73.63857424225378)
1 (45.489981021661265,-73.51449242000555)
1 (45.484926850919585,-73.40599261172892)
1 (45.391363049359775,-73.64986538770953)
1 (45.53138067672448,-73.48978054301543)
1 (45.36537021443351,-73.38841819102508)
1 (45.53267073441275,-73.3351296387341)
1 (45.47743339056493,-73.51039008818547)
1 (45.64593040530104,-73.25150978528738)
1 (45.50216229110722,-73.70637456695688)
1 (45.36682754980393,-73.42930997747966)
1 (45.669132582890725,-73.71110938551773)
1 (45.572961045507824,-73.44413062074825)
1 (45.31783017416303,-73.53312559337566)
1 (45.60288715855988,-73.30779384936656)
1 (45.54880415133144,-73.28829703862917)
1 (45.44049309688995,-73.26918175442555)
1 (45.583568171510976,-73.71906213228453)
1 (45.582735825186,-73.4464301680476)
1 (45.56190307140017,-73.53919520719133)
1 (45.31769024840785,-73.4847986942036)
1 (45.41195195158231,-73.28648527612644)
1 (45.4294014702445,-73.2817056764177)
1 (45.72586244293579,-73.39253546494854)
1 (45.27621160134261,-73.40195961444157)
1 (45.26171872944134,-73.69012677570119)
1 (45.260032514457436,-73.6221367295542)
1 (45.271119485698684,-73.57419543399224)
1 (45.41546161757066,-73.59334718643682)
1 (45.32099615972922,-73.51245347768187)
1 (45.699688469307986,-73.3963004226746)
1 (45.63812911880508,-73.56603768084497)
1 (45.55681593837686,-73.28162325640919)
1 (45.25530767415501,-73.52930247498884)
1 (45.46352040906451,-73.64180198483379)
1 (45.37919317184588,-73.73097789333077)
1 (45.43690109417766,-73.74891320511514)
1 (45.43168258425721,-73.45639405884717)
1 (45.39991957277301,-73.51447538702246)
1 (45.63893344876155,-73.3523292510379)
1 (45.35500635835674,-73.48429696289928)
1 (45.355199115559586,-73.56226910500523)
1 (45.51221192194348,-73.47211391775103)
1 (45.5122367034949,-73.71046966934908)
1 (45.35470573205719,-73.66110342861067)
1 (45.679288362293605,-73.70819800901747)
1 (45.60147715207018,-73.66202770830813)
1 (45.70349964791047,-73.69487900493371)
1 (45.64476836901207,-73.41080528481817)
1 (45.27612735488828,-73.25060785149775)
1 (45.298069942733015,-73.41672500920684)
1 (45.53600211433213,-73.32459299580974)
1 (45.58943532667446,-73.73531092422404)
1 (45.478449441741425,-73.61657481511405)
1 (45.37442185873866,-73.63701411432609)
1 (45.48523656396841,-73.42512081897846)
1 (45.7231410011577,-73.27445066970033)
1 (45.72909988317503,-73.73792858265966)
1 (45.35670180998292,-73.71682288699719)
1 (45.5350220151482,-73.58487310206992)
1 (45.369757188126265,-73.52045373090097)
1 (45.49966509378212,-73.40451574169688)
1 (45.57791325525036,-73.53903256475098)
1 (45.28023047460293,-73.38914738748636)
1 (45.571438056367434,-73.44621315810492)
1 (45.46450339008967,-73.47216898098804)
1 (45.44000642643646,-73.44662294971225)
1 (45.32495407610308,-73.30471781470064)
1 (45.657143979909485,-73.38913544113481)
1 (45.541505519557305,-73.73592893657131)
1 (45.277583397055146,-73.4684256948846)
1 (45.64994100595979,-73.46307584410847)
1 (45.4059225563948,-73.40737173460903)
1 (45.5359130327275,-73.6540656552357)
1 (45.340774454056174,-73.45378267782854)
1 (45.74812839362249,-73.46536913454351)
1 (45.385024738947195,-73.70022753991131)
1 (45.74852264416177,-73.48344645502154)
1 (45.5398636154416,-73.64540622040457)
1 (45.45210017610269,-73.70708515571025)
1 (45.66793433846122,-73.55954771710245)
1 (45.534604729660096,-73.26179708717069)
1 (45.71924164467259,-73.594738067853)
1 (45.50229820013656,-73.59552663646772)
1 (45.262389006092064,-73.69387373538878)
1 (45.42486401226616,-73.44740313934072)
1 (45.35326448258669,-73.69910415782856)
1 (45.52981458199232,-73.40812557550552)
1 (45.70347071818054,-73.64216998694381)
1 (45.54477064043469,-73.4017984243193)
1 (45.68159537703637,-73.5149617164071)
1 (45.252593525505176,-73.41464277750923)
1 (45.39184407083212,-73.36891608387333)
1 (45.69358977419344,-73.27598737228436)
1 (45.42660879115651,-73.37653594637572)
1 (45.3088706666745,-73.26129977919254)
1 (45.38222029835103,-73.50736201154899)
1 (45.569437715038305,-73.73574818202242)
1 (45.36043416558057,-73.72414290070311)
1 (45.276678111878496,-73.48988999790804)
1 (45.45212534882555,-73.59274297986981)
1 (45.251692855581254,-73.33656370072137)
1 (45.61421772354659,-73.42149546004937)
1 (45.55324320451332,-73.43991601564277)
1 (45.40604993479067,-73.50225087175357)
1 (45.677089421359874,-73.73372683617904)
1 (45.74718042774036,-73.71628951012612)
1 (45.39310934729942,-73.65679984973679)
1 (45.6950598736379,-73.69355911179106)
1 (45.47082222494873,-73.28816737791193)
1 (45.7180501548824,-73.37336683170989)
1 (45.5288067623253,-73.30421309705402)
1 (45.55694474373177,-73.70869802200313)
1 (45.61899055751826,-73.50354722099478)
1 (45.52644633474162,-73.38475188480102)
1 (45.422901437840075,-73.45357383647112)
1 (45.50698295111061,-73.28507718588527)
1 (45.59370927034344,-73.60517067912565)
1 (45.41679503390088,-73.53585922697363)
1 (45.3252504530644,-73.49875717268839)
1 (45.6344013854682,-73.2904520925703)
1 (45.6672152347377,-73.44625689937395)
1 (45.662352757034206,-73.48216842330908)
1 (45.43429159102962,-73.31906622799735)
1 (45.28460786087667,-73.57363159347)
1 (45.2762973111456,-73.30212122529322)
1 (45.57191693484501,-73.36566343755251)
1 (45.586195665407985,-73.6885105506907)
1 (45.33227427035264,-73.69772337989622)
1 (45.4233779078362,-73.4878123383169)
1 (45.48680137515044,-73.37533319424702)
1 (45.520709385662094,-73.30443873557343)
1 (45.37534878011234,-73.39771395814297)
1 (45.72557426365597,-73.6097520948997)
1 (45.6606546946899,-73.53103039461732)
1 (45.39751706354191,-73.68357222898598)
1 (45.30507507084876,-73.47918039386)
1 (45.348067620964905,-73.6369249452019)
1 (45.53969989265891,-73.34498533183667)
1 (45.36194928700598,-73.54848704301796)
1 (45.33209676933718,-73.74993045493622)
1 (45.68310838223635,-73.35216379489975)
1 (45.58597321393148,-73.39027155375581)
1 (45.583866555396035,-73.70259040720228)
1 (45.673725252790994,-73.45136810807375)
1 (45.2609853307627,-73.61907908043574)
1 (45.41114037729055,-73.68052037577259)
1 (45.31854619938217,-73.26663917550083)
1 (45.73244887614183,-73.53138119571149)
1 (45.504287176585464,-73.27517819123761)
1 (45.613468350157206,-73.64018105094287)
1 (45.66340050872703,-73.5248468119805)
1 (45.72076179348992,-73.47554824475365)
1 (45.56178435535485,-73.33672181177971)
1 (45.33553074141296,-73.31962341002152)
1 (45.309354298254156,-73.5036258884745)
1 (45.31239044252533,-73.2884612672896)
1 (45.583259397116926,-73.57586425368572)
1 (45.68522496772879,-73.3843799238206)
1 (45.7107100697621,-73.2810129586062)
1 (45.52499594139698,-73.59196131477087)
1 (45.42161392311854,-73.40562463014295)
1 (45.28767932832522,-73.28282412350791)
1 (45.722328780477305,-73.39982270794262)
1 (45.66443038859908,-73.68208383582129)
1 (45.37358021882431,-73.38323564852939)
1 (45.36062806534583,-73.37158203693517)
1 (45.37795450617262,-73.6325781887756)
1 (45.2856252222195,-73.26151058051987)
1 (45.69536592179834,-73.51741704116174)
1 (45.33083262299983,-73.65297376660882)
1 (45.60851090896153,-73.72126407282548)
1 (45.25018981910962,-73.43932498584822)
1 (45.25455946344594,-73.44012032438397)
1 (45.6341270969743,-73.65378195307437)
1 (45.32419785377434,-73.58994974154082)
1 (45.58579844934207,-73.46486790807674)
1 (45.30462473993798,-73.37829199158628)
1 (45.466666143150974,-73.34964394012812)
1 (45.40921613195522,-73.40332918081694)
1 (45.47744357652578,-73.53749055109971)
1 (45.493313005215725,-73.73620179684644)
1 (45.37995335575484,-73.4143647097276)
1 (45.302948520502234,-73.71922449608145)
1 (45.34563391364306,-73.40900148257053)
1 (45.341320137298645,-73.47388316400277)
1 (45.73722833554051,-73.44844725027751)
1 (45.46642527322515,-73.35809982457961)
1 (45.591615012636396,-73.37060468743026)
1 (45.55251731177113,-73.34223248588424)
1 (45.67379049167124,-73.71613740753605)
1 (45.65790211215557,-73.48763277000702)
1 (45.71469075643142,-73.59112536069046)
1 (45.642083416209886,-73.41031422557236)
1 (45.328837734566754,-73.29527990789565)
1 (45.56637893841872,-73.29538999103589)
1 (45.63172386317475,-73.6483204747456)
1 (45.4938670568886,-73.69541880421252)
1 (45.74139819650683,-73.41928269641487)
1 (45.476887342077504,-73.49765391614564)
1 (45.65389333551406,-73.47007095346122)
1 (45.58330657720354,-73.58141986314897)
1 (45.42793314099219,-73.66548611916839)
1 (45.26637498487156,-73.30744748079977)
1 (45.70078725899711,-73.27725225361915)
1 (45.72723590562893,-73.58597817919932)
1 (45.28418899275876,-73.5192341630723)
1 (45.65401510300025,-73.35980375134613)
1 (45.45690882653763,-73.49508036105554)
1 (45.346904656370995,-73.41213871280924)
1 (45.57887698099748,-73.71794439078464)
1 (45.254769110739886,-73.46732726090215)
1 (45.30067385518912,-73.47472993129203)
1 (45.35554037876073,-73.59486793751793)
1 (45.43175809298264,-73.65447355659627)
1 (45.61003060047298,-73.45409397748143)
1 (45.460977899417216,-73.74202157827018)
1 (45.40678118856448,-73.428078209872)
1 (45.29371179713318,-73.49407573090149)
1 (45.494178626787566,-73.69093677060164)
1 (45.481411052022885,-73.36497510432018)
1 (45.365306897044434,-73.73268605627199)
1 (45.57136648975498,-73.53424990798749)
1 (45.420868693158866,-73.33016330035511)
1 (45.697198548083115,-73.4070255818412)
1 (45.485996762914745,-73.40125127372511)
1 (45.663869815289615,-73.71177371984157)
1 (45.397889280442726,-73.61275307969822)
1 (45.55494540089706,-73.30769912080261)
1 (45.41294192714604,-73.52974377686762)
1 (45.30437707136241,-73.53622052501262)
1 (45.6044122872642,-73.49608067491941)
1 (45.73026300276506,-73.40754528842301)
1 (45.7346407637974,-73.3219848833394)
1 (45.72383566591619,-73.60425635739037)
1 (45.289465277410144,-73.72521195522886)
1 (45.62335608722655,-73.70912292945437)
1 (45.456705218004544,-73.32731015241362)
1 (45.27964391595469,-73.72401385865246)
1 (45.31545388568263,-73.3458201515391)
1 (45.43764783284742,-73.34083637950549)
1 (45.378406189214495,-73.44700049504078)
1 (45.31676222596239,-73.5538399735408)
1 (45.39556234065209,-73.53176872851188)
1 (45.67152157596337,-73.56541888316187)
1 (45.484386213334844,-73.52002840571473)
1 (45.65385472318328,-73.53471425232063)
1 (45.69886028067841,-73.47540779641265)
1 (45.47825707265722,-73.5498600491487)
1 (45.58786755031661,-73.6736663882222)
1 (45.71203962251868,-73.27063480407901)
1 (45.62194401907902,-73.46363111527697)
1 (45.474239356418956,-73.48857437408633)
1 (45.58668357693613,-73.49950418353984)
1 (45.42882629764367,-73.38626852542444)
1 (45.65094034168017,-73.63774039185314)
1 (45.70051858997723,-73.54660752924897)
1 (45.31846203460472,-73.49042186821494)
1 (45.72481729012401,-73.26616263706816)
1 (45.36270098890515,-73.3101638733966)
1 (45.567798775211806,-73.46467736364514)
1 (45.62628779727812,-73.54906567363751)
1 (45.41575325921036,-73.45481448439982)
1 (45.73901591681135,-73.58607603936318)
1 (45.73993352964589,-73.54284659722715)
1 (45.37117366086563,-73.25337329279172)
1 (45.587479189773155,-73.37189618377796)
1 (45.59267354510938,-73.41296532429621)
1 (45.536007124978674,-73.59462379619517)
1 (45.25266700920097,-73.43969565527922)
1 (45.5764097753733,-73.3719313202423)
1 (45.52919592638868,-73.55619665432826)
1 (45.556078821068375,-73.33828989850099)
1 (45.42392063073187,-73.53906205268659)
1 (45.3230722007999,-73.55272037895121)
1 (45.49307724202319,-73.37361580137286)
1 (45.36066867965022,-73.5672468107365)
1 (45.51255581293666,-73.47713534549476)
1 (45.49130450556567,-73.59181179940173)
1 (45.5723534807504,-73.63724229644893)
1 (45.659062909826154,-73.31618515452234)
1 (45.283645731579895,-73.32340438319729)
1 (45.370687525448574,-73.26531560668168)
1 (45.36033160481457,-73.52509790248786)
1 (45.58651700039123,-73.61486796297818)
1 (45.30614736984864,-73.25016018628598)
1 (45.70478862709793,-73.67835640822825)
1 (45.29830622730538,-73.28121739179132)
1 (45.275434582999964,-73.2963272377525)
1 (45.60911001055852,-73.73680306274909)
1 (45.71279532592594,-73.6114627066175)
1 (45.54809199754959,-73.41688865456679)
1 (45.550600314765276,-73.70127020072059)
1 (45.43898849549296,-73.33002742008198)
1 (45.697116968774985,-73.26218933548556)
1 (45.56819974426379,-73.70116884273064)
1 (45.703544854678526,-73.49549214710338)
1 (45.35438936584519,-73.64543097979411)
1 (45.2545324486473,-73.53626992812768)
1 (45.692484599402896,-73.56372358658163)
1 (45.42611997284875,-73.69209278254479)
1 (45.51957793254019,-73.67109565832682)
1 (45.73346231552657,-73.41759633390949)
1 (45.635094096533344,-73.40803602206238)
1 (45.608362064389944,-73.3452928428665)
1 (45.68307448353834,-73.30868654941914)
1 (45.70494322450084,-73.32132173929963)
1 (45.47054452999519,-73.70803261033213)
1 (45.33072210322927,-73.25764801687387)
1 (45.45266775512916,-73.46261623085807)
1 (45.33988282817146,-73.70938447943855)
1 (45.26275351280301,-73.63617258050071)
1 (45.50574010277411,-73.41745692250296)
1 (45.60317370667868,-73.36282107279463)
1 (45.710173475515276,-73.6227494572403)
1 (45.64185706797851,-73.34604781705978)
1 (45.749242383206386,-73.25815998159378)
1 (45.27826786367462,-73.6816964613626)
1 (45.65624252243603,-73.65966378713821)
1 (45.2526391726382,-73.40754020539985)
1 (45.68613963411093,-73.70652626767993)
1 (45.57271916049965,-73.3807379165302)
1 (45.48861762734827,-73.30422388221986)
1 (45.623402033649754,-73.26758313401528)
1 (45.52090387476609,-73.3614249671889)
1 (45.60635364835956,-73.59743478322797)
1 (45.41608500466777,-73.38455065029109)
1 (45.62910513711507,-73.48457421521424)
1 (45.32780260255172,-73.51997845766253)
1 (45.326075951367855,-73.25796358271691)
1 (45.71801887916649,-73.3148696562612)
1 (45.34760124991066,-73.35948588940795)
1 (45.64096804181301,-73.64289390788767)
1 (45.3972767654332,-73.47622773676743)
1 (45.30346016249502,-73.65079327774208)
1 (45.73279741181816,-73.46172103067603)
1 (45.549379794811145,-73.72577010924853)
1 (45.67095447294099,-73.6747906361291)
1 (45.42452256875329,-73.3621015957699)
1 (45.65356917470674,-73.42276018515439)
1 (45.626838885330365,-73.41817666298273)
1 (45.33787897788559,-73.7382488738958)
1 (45.43670417178623,-73.60231891715645)
1 (45.472256078871325,-73.74564752641481)
1 (45.652011477946,-73.60730210971836)
1 (45.50612588287335,-73.38459255936597)
1 (45.62368266951392,-73.62938287526993)
1 (45.46156660436209,-73.25336222271282)
1 (45.69862017784124,-73.55796815950126)
1 (45.563309228137015,-73.31509952927797)
1 (45.72917242875321,-73.40670292752124)
1 (45.48372062838717,-73.67412224439346)
1 (45.300861287309644,-73.57580666456934)
1 (45.3098406867388,-73.57831041299839)
1 (45.463421341147374,-73.28890507342088)
1 (45.4806575781954,-73.73666742926609)
1 (45.52412587540226,-73.53539638504986)
1 (45.47454373785128,-73.45863138716928)
1 (45.37692578345269,-73.57155981637358)
1 (45.44913838130153,-73.52356854739087)
1 (45.396103085285176,-73.4901562978697)
1 (45.34895042544612,-73.57511142365578)
1 (45.61894167927096,-73.5591900850422)
1 (45.69956933168016,-73.7056095369901)
1 (45.27834354694224,-73.45579234631779)
1 (45.40160932486252,-73.25094106374027)
1 (45.723369795289436,-73.68085608901941)
1 (45.32237602221958,-73.65528949273983)
1 (45.38336110744716,-73.33409465249578)
1 (45.358732499674126,-73.58921941437102)
1 (45.6895935336126,-73.55761396247429)
1 (45.41075541363314,-73.31249145522052)
1 (45.26735107799073,-73.31888178089716)
1 (45.36250973977533,-73.5655364403899)
1 (45.25084713345545,-73.30114500287448)
1 (45.71363426835033,-73.55036479512337)
1 (45.25360305715031,-73.5008892280878)
1 (45.44341814250263,-73.32291716286525)
1 (45.34769254005708,-73.69785256334175)
1 (45.517661933903454,-73.66446810315557)
1 (45.366686384301005,-73.26339882731087)
1 (45.667855204777304,-73.72967494548783)
1 (45.4491831111295,-73.30772317104856)
1 (45.682065700606906,-73.48321947982386)
1 (45.48248650244792,-73.43540596359232)
1 (45.44742349181033,-73.63572052758508)
1 (45.489292116951894,-73.38224911275252)
1 (45.375196885682946,-73.47270102055572)
1 (45.52417027320301,-73.54412156756685)
1 (45.62119506898239,-73.63787367651211)
1 (45.31118434226095,-73.38070903379929)
1 (45.68659563393769,-73.58386450582142)
1 (45.659158295943094,-73.38360566066574)
1 (45.547283781066156,-73.53972456128434)
1 (45.63690876467402,-73.7391036315037)
1 (45.413402695174675,-73.46518496878191)
1 (45.57718249366476,-73.491329386359)
1 (45.56505354677741,-73.56659139611017)
1 (45.70509054701506,-73.42104326863587)
1 (45.44494622432895,-73.53880925070835)
1 (45.55450706600162,-73.4994623634231)
1 (45.31429069694279,-73.27112147431457)
1 (45.34420038906088,-73.65488426382213)
1 (45.29433177882753,-73.31324625767664)
1 (45.634390799973204,-73.70268227730023)
1 (45.5226686397546,-73.44008242815988)
1 (45.37397942764858,-73.63641099378674)
1 (45.4508635852361,-73.6806458313424)
1 (45.378869021470386,-73.55930354924577)
1 (45.49783281062017,-73.68789042154715)
1 (45.352597756738945,-73.3513603891553)
1 (45.35212528322544,-73.32171312983871)
1 (45.27193326372817,-73.71752196580219)
1 (45.6854341341967,-73.2974224203033)
1 (45.31212471539848,-73.54708591776782)
1 (45.39954813323582,-73.7163053757231)
1 (45.479186686196385,-73.53357220887904)
1 (45.27943915355943,-73.74365917625735)
1 (45.74988909352577,-73.2576577676074)
1 (45.56629498155436,-73.63275786329035)
1 (45.29405358455469,-73.42359497153653)
1 (45.49604475979635,-73.7107059617771)
1 (45.26830732505397,-73.66169630466622)
1 (45.271287965458576,-73.34398607845282)
1 (45.72562085764427,-73.26601081954504)
1 (45.74752594147261,-73.28773776920092)
1 (45.38075782218025,-73.42723540237056)
1 (45.31820821116275,-73.69341081232861)
1 (45.30818967893062,-73.44619742048764)
1 (45.57734440902695,-73.40441609006714)
1 (45.62607962838752,-73.57291284827178)
1 (45.32329546624201,-73.5087531776186)
1 (45.337615651776694,-73.51026716264224)
1 (45.34284638315816,-73.44132385819022)
1 (45.2592733836217,-73.7497843538447)
1 (45.680776027304525,-73.73674634558316)
1 (45.36451520812808,-73.26974193069728)
1 (45.2568775997041,-73.3259656826624)
1 (45.41098288742326,-73.72305839917695)
1 (45.73974690086117,-73.54681087172087)
1 (45.399416749681464,-73.57392206426229)
1 (45.52464365988397,-73.29988009266556)
1 (45.733335227299435,-73.7080484346656)
1 (45.491344412876714,-73.52674062540079)
1 (45.409934399171355,-73.34174618054568)
1 (45.43714393114326,-73.41741071528119)
1 (45.67471776186089,-73.58963962307617)
1 (45.69002530553492,-73.46844594940661)
1 (45.315042641054525,-73.31993892813962)
1 (45.407506974735035,-73.71168329072223)
1 (45.651069899932374,-73.42956676701435)
1 (45.45778863728423,-73.6168012397328)
1 (45.306529886864894,-73.40924343896562)
1 (45.56155577605758,-73.33833536794366)
1 (45.50626797633696,-73.54080044497846)
1 (45.54516632725627,-73.62964346355778)
1 (45.45270910668267,-73.27553527337476)
1 (45.6189307799592,-73.38254552917635)
1 (45.279181236343895,-73.28333817613156)
1 (45.547810753255845,-73.37196881691014)
1 (45.66446372217801,-73.33761499425978)
1 (45.42609898840353,-73.38990908692375)
1 (45.41997709164402,-73.61069744697126)
1 (45.50250731519536,-73.54237417778853)
1 (45.72870676483727,-73.59847596773264)
1 (45.627577089178715,-73.55670706098776)
1 (45.72325376042544,-73.27140755042139)
1 (45.411440212984886,-73.50479034390979)
1 (45.739331520909005,-73.66184440329025)
1 (45.586696861867864,-73.39011538278868)
1 (45.37057844323771,-73.44479708169966)
1 (45.36853950348747,-73.57355390083566)
1 (45.38073176726078,-73.65078853277019)
1 (45.29224094524815,-73.52390113082035)
1 (45.60000910623895,-73.46537394835293)
1 (45.58673758496831,-73.37486451966305)
1 (45.64396967439765,-73.6201936616229)
1 (45.61227708195079,-73.25015268862593)
1 (45.64517811664643,-73.6650948095947)
1 (45.74996325932904,-73.28267474982007)
1 (45.68066960376775,-73.4299001817915)
1 (45.38151898787927,-73.70259072226767)
1 (45.71151564179748,-73.73782073155631)
1 (45.73870141252218,-73.30205890126196)
1 (45.624715760122,-73.42030118659343)
1 (45.43354191378917,-73.50200689475322)
1 (45.382191172125395,-73.40525609652055)
1 (45.40294655656935,-73.64810821944492)
1 (45.33683204153744,-73.60719678062082)
1 (45.31418116201106,-73.54937704675382)
1 (45.471351150237616,-73.5386674372656)
1 (45.68137823260016,-73.64339891384425)
1 (45.652122014343426,-73.48770175113043)
1 (45.53744145063114,-73.52719591381364)
1 (45.46723087641102,-73.2656792532142)
1 (45.490586514610044,-73.43208017261438)
1 (45.33564722517505,-73.42400369021479)
1 (45.370245555749094,-73.54458006095703)
1 (45.33271874347229,-73.46644358009875)
1 (45.43317564688149,-73.38362882473989)
1 (45.576121989734766,-73.44676823050027)
1 (45.25735001609451,-73.73668607136527)
1 (45.55595113156545,-73.43848019474889)
1 (45.498574036140525,-73.43431770404423)
1 (45.472802784804614,-73.69498847248772)
1 (45.622756341797164,-73.5039907408099)
1 (45.468515766180225,-73.38448437944892)
1 (45.55537858296425,-73.48944447698793)
1 (45.59565027505685,-73.5840752774573)
1 (45.40894565687883,-73.45198029588815)
1 (45.4738420003285,-73.25239906414168)
1 (45.55906165174223,-73.38436782843547)
1 (45.323842231590405,-73.66898549287733)
1 (45.3402648782605,-73.46679530951624)
1 (45.45335590247348,-73.3320482597506)
1 (45.5238686376305,-73.27739795731262)
1 (45.292715384916875,-73.54418481776625)
1 (45.521792796711715,-73.73737834290183)
1 (45.74297837640571,-73.3876286865778)
1 (45.4327343962735,-73.72258810869508)
1 (45.4042143463889,-73.49724234142006)
1 (45.61001386078722,-73.40967124449656)
1 (45.69754443681433,-73.4803563210607)
1 (45.384046565513145,-73.54547417248155)
1 (45.48092576372922,-73.50785346667958)
1 (45.416628032903084,-73.43340871419224)
1 (45.48572175126372,-73.51056499208727)
1 (45.399083914475135,-73.51980913107144)
1 (45.26877577387276,-73.55908822507271)
1 (45.431824716037816,-73.5370553203065)
1 (45.38300654624694,-73.38355361976728)
1 (45.438957916889905,-73.71833924091366)
1 (45.618468922505244,-73.60266179558921)
1 (45.37834897492429,-73.64143260369849)
1 (45.45537511096064,-73.57847920923363)
1 (45.304885576004736,-73.28566884583121)
1 (45.30074669174187,-73.39502411893885)
1 (45.532688016690464,-73.39758332617552)
1 (45.651168813933616,-73.27459233765686)
1 (45.720621716570996,-73.25626074051524)
1 (45.5355436600432,-73.29606546747927)
1 (45.67470629265033,-73.40941960556427)
1 (45.44379100398953,-73.56411200490336)
1 (45.52087880479064,-73.4156187995543)
1 (45.44011960344992,-73.49723487384051)
1 (45.65205707816975,-73.57670184932135)
1 (45.292793774005794,-73.6560368579668)
1 (45.494562388771314,-73.57769995057974)
1 (45.72624545420002,-73.52086827470708)
1 (45.6706988736822,-73.36889538924451)
1 (45.315932687002885,-73.35018946961296)
1 (45.556650484869806,-73.52660222551962)
1 (45.6015213550297,-73.7075232169051)
1 (45.54784463651587,-73.71545175523599)
1 (45.68976770007138,-73.43579069254363)
1 (45.54754469327409,-73.74557582325569)
1 (45.4549049673655,-73.28311704558539)
1 (45.28867203387025,-73.5730612038319)
1 (45.421388359593706,-73.54386095950987)
1 (45.583721535841846,-73.43140403315968)
1 (45.531528096620015,-73.47266549243069)
1 (45.47312272287846,-73.60542371884642)
1 (45.25884138033336,-73.35774527128281)
1 (45.50851186287555,-73.66720093417729)
1 (45.42687968476554,-73.50241837878687)
1 (45.564118971028,-73.28608518552583)
1 (45.632838655771614,-73.46105890310047)
1 (45.616836564807,-73.50167266305644)
1 (45.35543353514647,-73.70718947458056)
1 (45.37352556699674,-73.6098854973506)
1 (45.64732411401299,-73.47735063482834)
1 (45.45272680427511,-73.55788925207011)
1 (45.2737986148137,-73.33467732850633)
1 (45.54718524204464,-73.47356574019037)
1 (45.26147709783571,-73.530780352913)
1 (45.60345666556851,-73.66961378140138)
1 (45.56347025091327,-73.51357389055367)
1 (45.5553557122055,-73.6610811123668)
1 (45.430730828494724,-73.43210797465295)
1 (45.53911653749949,-73.41823581301354)
1 (45.60326023405041,-73.72725790999468)
1 (45.299876416132875,-73.74416655024082)
1 (45.599383799491726,-73.3692904869865)
1 (45.67145533157185,-73.31835591450263)
1 (45.686484089281954,-73.50986988892467)
1 (45.57439320413088,-73.58370193767114)
1 (45.562382291115824,-73.2569840689474)
1 (45.43081956466186,-73.27506824348075)
1 (45.362983441976574,-73.45656550369627)
1 (45.73896886323402,-73.4924236789709)
1 (45.338852235674274,-73.27424801175687)
1 (45.28501753100948,-73.31098790785516)
1 (45.41106177272341,-73.5147443972736)
1 (45.59540792385676,-73.49452966644617)
1 (45.324958404424855,-73.49474758824206)
1 (45.748936596464276,-73.43607018803544)
1 (45.26941167106781,-73.39805112446184)
1 (45.574623584448126,-73.4927243886156)
1 (45.61866914985452,-73.38875237320791)
1 (45.5587418658602,-73.408268273104)
1 (45.38411156560502,-73.33994529832539)
1 (45.472375039484504,-73.52825109471074)
1 (45.53400474509643,-73.35122728193656)
1 (45.30948419313391,-73.50807660070721)
1 (45.550770222749854,-73.27863755956226)
1 (45.594703296830545,-73.69445792919475)
1 (45.447347580207044,-73.28531286196886)
1 (45.479945840939926,-73.32500643407627)
1 (45.456897084845316,-73.4401885475331)
1 (45.29939359471254,-73.63944482896422)
1 (45.74339211925963,-73.64549199730867)
1 (45.39355169604744,-73.429040881419)
1 (45.25457653503732,-73.66156742393197)
1 (45.54479256021356,-73.46833816030156)
1 (45.2533130232622,-73.71973963843566)
1 (45.28917435844806,-73.67511581600279)
1 (45.61852425271076,-73.67046711662142)
1 (45.682308200908324,-73.73073985471555)
1 (45.70272928697689,-73.30495266138779)
1 (45.30066116319606,-73.26367395804967)
1 (45.369603758089895,-73.41367299480642)
1 (45.35392098703112,-73.55389805426479)
1 (45.312042723868174,-73.30495658478351)
1 (45.26891119586546,-73.55533878910498)
1 (45.36888133587533,-73.40078183387065)
1 (45.48103387365068,-73.35714599197392)
1 (45.31672882234579,-73.65538604315351)
1 (45.435330513382375,-73.51275515394398)
1 (45.51229735083887,-73.40506806044652)
1 (45.45598971768601,-73.45815609931131)
1 (45.300158072836226,-73.3547360099479)
1 (45.69049369444688,-73.51764358203125)
1 (45.28103217877629,-73.7382940727124)
1 (45.27258396531385,-73.25655618182172)
1 (45.35652604589383,-73.25588044134591)
1 (45.67683973386257,-73.68611500850825)
1 (45.42764484397014,-73.69126151100436)
1 (45.456900867161494,-73.55545450214584)
1 (45.72647012344504,-73.64735536031088)
1 (45.66923058007653,-73.6802929528012)
1 (45.503062471078806,-73.6069003817695)
1 (45.28480128682551,-73.45642071955382)
1 (45.67295118200305,-73.52870325690898)
1 (45.282200266918046,-73.38928991305566)
1 (45.55449869848329,-73.42769289132178)
1 (45.39739022227416,-73.63846940974027)
1 (45.48997828268355,-73.35917558964063)
1 (45.67772288295943,-73.72758482959905)
1 (45.44937919453548,-73.4342289036029)
1 (45.55079227331238,-73.70659331144867)
1 (45.6617545141218,-73.43409037928726)
1 (45.57232746732301,-73.67384866993513)
1 (45.405352330607165,-73.26668977782666)
1 (45.36156296977589,-73.67039282623212)
1 (45.31482206919876,-73.41814162414335)
1 (45.46738795242304,-73.54826475377874)
1 (45.43146322316402,-73.69605771255092)
1 (45.534064331469224,-73.48834900359984)
1 (45.73078476500643,-73.43995754676237)
1 (45.65141625364259,-73.40139091161312)
1 (45.51056921739036,-73.48684708010914)
1 (45.68113259314067,-73.488286541582)
1 (45.31218603108086,-73.52720453892249)
1 (45.64818668976388,-73.26261025546508)
1 (45.478074953808296,-73.56815505303442)
1 (45.4743662978707,-73.34957400888507)
1 (45.519120571607594,-73.53653349084048)
1 (45.40951979317412,-73.37121737598386)
1 (45.67706515374705,-73.6048281293426)
1 (45.48536290450867,-73.70760788200009)
1 (45.419157767606244,-73.60766571779158)
1 (45.67655374954463,-73.38818704626772)
1 (45.59491317942442,-73.43554141499777)
1 (45.704231997050165,-73.31612743579825)
1 (45.618155035974866,-73.54591498762463)
1 (45.55833139562005,-73.46167204163258)
1 (45.31144363488121,-73.71958778079161)
1 (45.34671318571049,-73.57790734547163)
1 (45.4645391033673,-73.41244282880245)
1 (45.501531093046644,-73.39427716694314)
1 (45.71372697784909,-73.50917347256288)
1 (45.68622697012598,-73.62937478875902)
1 (45.544633519817694,-73.47654379754574)
1 (45.45016950000863,-73.53515622363507)
1 (45.55758435291327,-73.33901725846113)
1 (45.27218644209691,-73.5396980739528)
1 (45.61161035890947,-73.55925767136847)
1 (45.61910440586479,-73.39497892236699)
1 (45.58088079113893,-73.30004992687425)
1 (45.520898273392504,-73.55989347459337)
1 (45.71564440332585,-73.67260545992487)
1 (45.43016575113698,-73.35681444735413)
1 (45.49868481888513,-73.4390109393269)
1 (45.29038078780061,-73.73249730752299)
1 (45.4278477365022,-73.73374596576294)
1 (45.28474286765774,-73.7309787565532)
1 (45.335372654502414,-73.70073923450887)
1 (45.6754274698103,-73.54735008794239)
1 (45.67556311744852,-73.50834999079495)
1 (45.47165627357008,-73.27689224551926)
1 (45.67375512131948,-73.50495498401511)
1 (45.38424397360566,-73.70403956344873)
1 (45.33159392162642,-73.31248889500328)
1 (45.6341418977993,-73.68999495968707)
1 (45.52630542953841,-73.42432918047245)
1 (45.682986690460986,-73.41654962088576)
1 (45.32494921493879,-73.37733441320215)
1 (45.34477602771155,-73.42676583016086)
1 (45.65856579525612,-73.30563791451401)
1 (45.519531068600784,-73.57066181955597)
1 (45.66568164313373,-73.65596666361623)
1 (45.462169081821806,-73.61589327795227)
1 (45.31981130627657,-73.5507983218593)
1 (45.562797821846104,-73.41965652599917)
1 (45.401396595647434,-73.72658719821742)
1 (45.56825626657273,-73.67864361332184)
1 (45.46104882039215,-73.64958294147704)
1 (45.51896512052754,-73.37886048211841)
1 (45.64801053852916,-73.32143385349211)
1 (45.41001326002508,-73.65647441497623)
1 (45.64542935422774,-73.43080937295618)
1 (45.71089486745882,-73.3545876663735)
1 (45.46233685253846,-73.38569456077923)
1 (45.394425171471205,-73.61893962497552)
1 (45.48115177440264,-73.37380227581099)
1 (45.53210117852856,-73.41802032080146)
1 (45.44907703007957,-73.4457166327076)
1 (45.31053665531645,-73.3999333094098)
1 (45.531936193224695,-73.69692434180047)
1 (45.511589368144314,-73.50957710416685)
1 (45.61979571234938,-73.44080866624658)
1 (45.57741158097702,-73.28531883187496)
1 (45.285145025958066,-73.31497328671321)
1 (45.350893212634425,-73.7343151508692)
1 (45.64645733468235,-73.5479318731961)
1 (45.44183017066684,-73.64999046058743)
1 (45.38262983248215,-73.6322416752375)
1 (45.41963901163421,-73.68391288042632)
1 (45.27710270128128,-73.40357763962909)
1 (45.674551846634216,-73.41741424184983)
1 (45.44438217978,-73.5130364875315)
1 (45.32096427644112,-73.59578056440344)
1 (45.30624364847257,-73.50212821079363)
1 (45.438971852457925,-73.58969493346397)
1 (45.44006656239191,-73.64645520013569)
1 (45.263119315770915,-73.53484545462894)
1 (45.61755377122323,-73.42499752278033)
1 (45.63099981918303,-73.47121599099121)
1 (45.688513531591035,-73.39721545748013)
1 (45.59857981239539,-73.65855831937891)
1 (45.44143344283856,-73.42984880551603)
1 (45.61398839678536,-73.58389939673094)
1 (45.69025110394413,-73.60933494644112)
1 (45.516998478554136,-73.50066826960264)
1 (45.595027225512304,-73.30418607152112)
1 (45.397539983909134,-73.64713224608624)
1 (45.623152708047805,-73.70445861353032)
1 (45.50332400655565,-73.58431282245381)
1 (45.59727182341734,-73.26261617087164)
1 (45.4340198514554,-73.37040695941872)
1 (45.456279684224,-73.2916298781484)
1 (45.2974153018774,-73.54996999851808)
1 (45.67655264248079,-73.5420784485719)
1 (45.331603637086516,-73.6817219707313)
1 (45.26199642087645,-73.38030285855216)
1 (45.7164793083124,-73.35881933667184)
1 (45.31354711970778,-73.72433874065818)
1 (45.40768739074005,-73.38978986931477)
1 (45.431436444040315,-73.66339244650638)
1 (45.32666030443848,-73.5070587756996)
1 (45.58683297932975,-73.69004473406348)
1 (45.631488308405075,-73.65309963335498)
1 (45.623397338935845,-73.71215907963095)
1 (45.575109081540624,-73.56172411896685)
1 (45.71383949296001,-73.48363938558566)
1 (45.62966427092426,-73.50388015142887)
1 (45.40174283123404,-73.29972508839322)
1 (45.618859885988,-73.70355822871625)
1 (45.30471981535078,-73.74342942126373)
1 (45.55378023194233,-73.55001166716086)
1 (45.64139007448332,-73.4450195747891)
1 (45.71184337600828,-73.33747644649173)
1 (45.47172272252864,-73.72610575679067)
1 (45.73344981390832,-73.35293207102144)
1 (45.40796018455777,-73.64394855437678)
1 (45.63636370310385,-73.70617547194024)
1 (45.56164164136374,-73.33001265537689)
1 (45.663979899207085,-73.35458499118941)
1 (45.641170339522176,-73.629587337333)
1 (45.290367807864946,-73.31743243863939)
1 (45.403919189316056,-73.39646254937426)
1 (45.502346661009206,-73.60145646962368)
1 (45.597045392642165,-73.37819207018555)
1 (45.66683508885304,-73.37064089393486)
1 (45.591985407711924,-73.44339343520707)
1 (45.37033089914582,-73.38874718644212)
1 (45.629027194000024,-73.45282714194562)
1 (45.58661556783717,-73.74313090199844)
1 (45.440407769458645,-73.36066560773237)
1 (45.388641017564154,-73.32272700757723)
1 (45.5130597435333,-73.65140549177784)
1 (45.67104463927595,-73.47181984670515)
1 (45.385431036516735,-73.47129470690592)
1 (45.490851668857665,-73.67431876292704)
1 (45.646728359780724,-73.30093862996505)
1 (45.66566258320748,-73.54074091139645)
1 (45.72148514116999,-73.73791792110752)
1 (45.69098610067812,-73.27195824231258)
1 (45.577530834415754,-73.41479322676622)
1 (45.35136692571442,-73.65999622563561)
1 (45.69123922229226,-73.26879021941892)
1 (45.603570561074434,-73.55677710411835)
1 (45.44035883508338,-73.30475118150764)
1 (45.40432577769774,-73.59668130211912)
1 (45.571779942222314,-73.65260748328492)
1 (45.63998865972972,-73.29815565785066)
1 (45.50926766445612,-73.6146700674838)
1 (45.69098032180812,-73.49332792893908)
1 (45.52449218191815,-73.52645338377445)
1 (45.429963919206784,-73.34269244273264)
1 (45.69361241823285,-73.61754069737016)
1 (45.60946447023503,-73.48441209938255)
1 (45.60122025862847,-73.65616702760849)
1 (45.641998677669314,-73.64463743318565)
1 (45.43362878038159,-73.49273890961514)
1 (45.71376995633483,-73.29647414818766)
1 (45.42428774512637,-73.68342793877508)
1 (45.50159731269322,-73.70083564057916)
1 (45.57553648717376,-73.67526821247999)
1 (45.4819848567207,-73.39239771742069)
1 (45.68295412787501,-73.56885566339419)
1 (45.43110214507571,-73.38822823639654)
1 (45.431243634981364,-73.7437903377654)
1 (45.71493377326834,-73.59539459050913)
1 (45.71388632729116,-73.63542047897047)
1 (45.35996989167396,-73.57695781346217)
1 (45.35272991181337,-73.68924046382777)
1 (45.67654769773716,-73.50324216288091)
1 (45.558223194541824,-73.49146236531185)
1 (45.37931702245544,-73.26712479489305)
1 (45.2761869908925,-73.28082408914362)
1 (45.712291777284996,-73.3783205169643)
1 (45.512811227831655,-73.48761493059361)
1 (45.53956191686884,-73.37224190916898)
1 (45.31599402096245,-73.62119228994814)
1 (45.70697905200498,-73.57399595568063)
1 (45.31818948478102,-73.73693131946044)
1 (45.71499223059718,-73.64743339453263)
1 (45.613606514956835,-73.35759238418426)
1 (45.36829832688312,-73.43289772749074)
1 (45.250901930126936,-73.60250880782225)
1 (45.58408528957069,-73.63542612305943)
1 (45.271436717006054,-73.39079082097024)
1 (45.44738420832711,-73.46763509142528)
1 (45.51271532573182,-73.43190916711544)
1 (45.39940987387237,-73.37837919212481)
1 (45.32680345511535,-73.29856512038158)
1 (45.63275759804999,-73.5095013322254)
1 (45.43432063763687,-73.69267143190488)
1 (45.345937368601525,-73.51859914008118)
1 (45.346029779282695,-73.56556176098644)
1 (45.4789646334811,-73.38571175853986)
1 (45.63609639869571,-73.53821414987327)
1 (45.41159050649201,-73.28618744935599)
1 (45.34376642591707,-73.5863169926671)
1 (45.356242184948634,-73.56072249174521)
1 (45.413511789183616,-73.70842393806247)
1 (45.3188577724831,-73.74666734849701)
1 (45.35761918108316,-73.28323728217707)
1 (45.532538178203076,-73.55217695540098)
1 (45.739747847840846,-73.54422707796186)
1 (45.691301579555585,-73.55663668440967)
1 (45.633158373423036,-73.55633641739512)
1 (45.62421474449231,-73.307026936236)
1 (45.4031148029883,-73.27044126015572)
1 (45.25378840896553,-73.35049386513661)
1 (45.49938860280812,-73.65652600380268)
1 (45.27676232892206,-73.59837503354592)
1 (45.42184359717239,-73.57620417759661)
1 (45.49026896085855,-73.25628358854503)
1 (45.63975667107661,-73.44925639777252)
1 (45.56185291204928,-73.37858546848058)
1 (45.50382994888001,-73.3972758882273)
1 (45.30793653447378,-73.4137094131512)
1 (45.58877610775705,-73.41030473196395)
1 (45.70206056112385,-73.399210051475)
1 (45.443908760284984,-73.67951187326112)
1 (45.381591635491944,-73.7423598827226)
1 (45.409346223605404,-73.57050719289667)
1 (45.35957718652942,-73.28327623832453)
1 (45.476237307698916,-73.27780357400701)
1 (45.47704106326405,-73.58319516775477)
1 (45.63084383526208,-73.50123210541528)
1 (45.35025192472971,-73.61048406943235)
1 (45.72436513917201,-73.51978338197826)
1 (45.677359494101715,-73.71134108074939)
1 (45.6530658732529,-73.30739096549046)
1 (45.26928203444706,-73.45085897115895)
1 (45.5165688514211,-73.33859087634708)
1 (45.56084182454151,-73.5932373650612)
1 (45.44610089370595,-73.46978413625628)
1 (45.63988361189539,-73.65740721752692)
1 (45.45902992757552,-73.25399721270345)
1 (45.504474234884874,-73.63618705836058)
1 (45.501207754437104,-73.2535781810914)
1 (45.3212700900256,-73.60332098278191)
1 (45.28443366263163,-73.35618457266428)
1 (45.411752158694995,-73.5533538863587)
1 (45.61277938264371,-73.27471159707252)
1 (45.537266771726124,-73.42427975698601)
1 (45.61856743633784,-73.32147751496139)
1 (45.28867343520185,-73.34225452882072)
1 (45.696469935837726,-73.69102597848723)
1 (45.511889484871325,-73.70139518552979)
1 (45.432496282169886,-73.36432301462007)
1 (45.71673445404247,-73.74979263528225)
1 (45.473563473247395,-73.35991928805291)
1 (45.323215404269426,-73.39534595945261)
1 (45.57289406054675,-73.40481632515431)
1 (45.39675773692565,-73.47188142131905)
1 (45.476662055613836,-73.67931835121034)
1 (45.71187432584304,-73.71724988078752)
1 (45.388108203573715,-73.60606922314781)
1 (45.56237890348407,-73.7107018382693)
1 (45.456771714712026,-73.70376718780913)
1 (45.705488337511184,-73.4968198155023)
1 (45.59253629103397,-73.31071772171826)
1 (45.687021126901364,-73.58764306902674)
1 (45.39686413974192,-73.50242827047622)
1 (45.545388213084024,-73.48335043846032)
1 (45.63689244354178,-73.28086603947663)
1 (45.53318535812821,-73.28497223477127)
1 (45.46199236918234,-73.60079347672144)
1 (45.526934402858785,-73.39008271766635)
1 (45.476941826106305,-73.5207637512913)
1 (45.71788431624137,-73.66428032975057)
1 (45.34103855504548,-73.72290161918086)
1 (45.489771010557845,-73.36749290438543)
1 (45.2582812442936,-73.33651296334838)
1 (45.593048341220594,-73.48475104918711)
1 (45.56017193538781,-73.42585944398616)
1 (45.31934068617696,-73.46605296522367)
1 (45.5597439511475,-73.66210234568577)
1 (45.36473137864362,-73.71929956840263)
1 (45.473095093190956,-73.5934630151881)
1 (45.445988649295955,-73.52400939784799)
1 (45.46300696370644,-73.55606502487947)
1 (45.49994509944162,-73.34162798666297)
1 (45.258156760403125,-73.63071624483793)
1 (45.45298394005781,-73.29072710193796)
1 (45.34097882473762,-73.64805703967504)
1 (45.5949493459846,-73.3322444901101)
1 (45.377409099968204,-73.57604357233572)
1 (45.52978607139043,-73.47114545938844)
1 (45.382546007942935,-73.68965342557215)
1 (45.50382692626537,-73.52649295100957)
1 (45.577687780512356,-73.72299356382564)
1 (45.63188507164347,-73.25189321712483)
1 (45.49625612205007,-73.7386585976279)
1 (45.65117106293544,-73.30263987984445)
1 (45.63879283239487,-73.71823041662101)
1 (45.33354329610549,-73.74460927067048)
1 (45.36051595930623,-73.38122810121197)
1 (45.577713433280124,-73.48306574178199)
1 (45.69884844705598,-73.47761010591094)
1 (45.48476679913358,-73.65701606476271)
1 (45.512882614568575,-73.27109848566083)
1 (45.39272105845721,-73.69660720759191)
1 (45.611919898358224,-73.63713819225936)
1 (45.40883469378931,-73.37729265327731)
1 (45.49602573913516,-73.64022216567344)
1 (45.431990093570434,-73.3250976001371)
1 (45.417965654721854,-73.63060603832417)
1 (45.50171442854891,-73.53229405652712)
1 (45.702939002773604,-73.31010426753916)
1 (45.54526463161598,-73.53215206553759)
1 (45.63020281232214,-73.36070239742789)
1 (45.719691217991894,-73.45516407367873)
1 (45.688979018081056,-73.60813818720487)
1 (45.5619088075664,-73.74724459229245)
1 (45.66996394422599,-73.30539723044063)
1 (45.56653970977276,-73.37288815482484)
1 (45.343309782006266,-73.46823683119484)
1 (45.608660006431116,-73.35312357509898)
1 (45.4041236633739,-73.27639458322227)
1 (45.31656594224083,-73.49933343457724)
1 (45.4373306614246,-73.37005639032486)
1 (45.5782916888006,-73.6996129162684)
1 (45.36517268508547,-73.42145142206228)
1 (45.33484790225551,-73.59432263230089)
1 (45.69266629424651,-73.64610948683921)
1 (45.6730136339881,-73.4418455514673)
1 (45.35901795894078,-73.43735939719997)
1 (45.4810025848253,-73.42428879046858)
1 (45.636296287663875,-73.56106469019808)
1 (45.57143789448392,-73.57597608348489)
1 (45.29058649552836,-73.33538621207168)
1 (45.707807882744056,-73.43505770899387)
1 (45.63540292482743,-73.44252900745096)
1 (45.3929386008375,-73.42041969015226)
1 (45.66231154359358,-73.47597363914798)
1 (45.59100724138057,-73.32230490173524)
1 (45.62951505585748,-73.5176106302708)
1 (45.25823360893378,-73.66566391188248)
1 (45.325578731902624,-73.46448900529373)
1 (45.65162541052029,-73.5602340336121)
1 (45.70252629134883,-73.48455841419923)
1 (45.37001622936194,-73.49070042907829)
1 (45.69021068606927,-73.37482700497495)
1 (45.457123209788755,-73.32402366080039)
1 (45.262165461930785,-73.72377521199044)
1 (45.66246516122821,-73.619123468404)
1 (45.72206808856228,-73.64265874247653)
1 (45.61271956132441,-73.61658910206296)
1 (45.71949773398908,-73.42750182345118)
1 (45.69346067267047,-73.56294190719005)
1 (45.683845241380666,-73.34512484282784)
1 (45.37920892602257,-73.2852064462219)
1 (45.68603430413261,-73.30246851602627)
1 (45.57833525100892,-73.67715185280278)
1 (45.69913840881351,-73.4587695735791)
1 (45.278602162324994,-73.48854547539943)
1 (45.331028820367905,-73.37481095675841)
1 (45.38898676851625,-73.52311660605996)
1 (45.3448649587935,-73.56251273144336)
1 (45.67391905936059,-73.54965831904424)
1 (45.66653881391719,-73.30154732733259)
1 (45.56718233831249,-73.41380086375617)
1 (45.602111487128695,-73.3274563588817)
1 (45.43446053733499,-73.50547093501989)
1 (45.65283001024654,-73.46791371987835)
1 (45.52588096224742,-73.38890602094966)
1 (45.62048896174795,-73.51032292171224)
1 (45.422888740897186,-73.53832404278235)
1 (45.64170185911904,-73.52485447720743)
1 (45.737403089396444,-73.74295353610805)
1 (45.376073134574575,-73.54232209105103)
1 (45.66544317856867,-73.35011050434035)
1 (45.300312379482264,-73.39596449692851)
1 (45.73227529506608,-73.60436308192892)
1 (45.42800826933953,-73.6802427047866)
1 (45.69162083966529,-73.41455607232352)
1 (45.28308027530017,-73.65818023389727)
1 (45.55757801639589,-73.43857253806485)
1 (45.60385227276116,-73.56156714502825)
1 (45.654648698842145,-73.41819028106003)
1 (45.54424264538126,-73.57551645397119)
1 (45.36862467738744,-73.72324651504142)
1 (45.56874150464559,-73.38040459869654)
1 (45.46907644655966,-73.57555438136214)
1 (45.30864634389609,-73.44014543254882)
1 (45.452800195326645,-73.41862047677351)
1 (45.35845317924605,-73.27604044142129)
1 (45.32681780717237,-73.37919324765815)
1 (45.3433510799426,-73.25011560988503)
1 (45.60938707849536,-73.73102711744073)
1 (45.581443711666395,-73.40089841680637)
1 (45.577968435675295,-73.71997810974084)
1 (45.297622398534095,-73.62800651959648)
1 (45.43420714066616,-73.54265207130342)
1 (45.619940888119444,-73.50971246752216)
1 (45.58772851266573,-73.68830688503334)
1 (45.503892739401685,-73.25981684216124)
1 (45.68290703110047,-73.25556576395687)
1 (45.285168269704826,-73.28670526653877)
1 (45.305758233446284,-73.74172917598457)
1 (45.257268533446855,-73.50838252276144)
1 (45.511715765731395,-73.67307815950466)
1 (45.50677966008809,-73.50257015967469)
1 (45.40929431455217,-73.29954263771455)
1 (45.71616170832462,-73.73062177174533)
1 (45.519502141601585,-73.41646348409536)
1 (45.26158199086647,-73.46805338523508)
1 (45.50635554599063,-73.69990769483984)
1 (45.69162344750889,-73.70290383862879)
1 (45.639960521986254,-73.25010163187466)
1 (45.571624637542286,-73.62593368051999)
1 (45.51036562795944,-73.33002738338023)
1 (45.71795854824344,-73.43383847849546)
1 (45.55775275878749,-73.56308323321397)
1 (45.526733292646625,-73.49819579452493)
1 (45.422521376211776,-73.61493932275377)
1 (45.42219842017066,-73.51878287878108)
1 (45.44743463904724,-73.63032520675196)
1 (45.41156658402301,-73.58019508739467)
1 (45.38323432994338,-73.42546658258553)
1 (45.33501078319394,-73.56536310313685)
1 (45.45899480470429,-73.65124367452712)
1 (45.64227348658244,-73.64860994084344)
1 (45.47897411831548,-73.34087441580925)
1 (45.410624385762674,-73.59430667507104)
1 (45.49883442440923,-73.4390311176171)
1 (45.3428297416168,-73.32497884345293)
1 (45.41584136244442,-73.57677952220493)
1 (45.64834658979434,-73.69488340649265)
1 (45.48001563730322,-73.5085847372446)
1 (45.516131268651826,-73.61161913955672)
1 (45.29619868131304,-73.26385913050082)
1 (45.33325220675239,-73.58925126894474)
1 (45.340606857584696,-73.68613264172058)
1 (45.38992288450958,-73.49172419758938)
1 (45.35968748530237,-73.63790623163214)
1 (45.53862156147958,-73.63500406619931)
1 (45.25395319446328,-73.73860511848254)
1 (45.64264024378116,-73.56043590837734)
1 (45.67495895071017,-73.57677837421957)
1 (45.65770594106299,-73.67021803010171)
1 (45.579700065148984,-73.39579748121336)
1 (45.339243363808265,-73.52868945924)
1 (45.39344722775851,-73.29478641073914)
1 (45.35739861767163,-73.48029393814892)
1 (45.72939805058507,-73.513371628364)
1 (45.53211961484681,-73.3166271565422)
1 (45.30151307056603,-73.38007057191906)
1 (45.471389390301425,-73.54089184116192)
1 (45.745517179606104,-73.49974308246207)
1 (45.60713445282946,-73.32837819413783)
1 (45.532285841004295,-73.73551017215345)
1 (45.47538104671017,-73.56625518207598)
1 (45.51769880671355,-73.50490040438609)
1 (45.579908017544206,-73.37500131543437)
1 (45.42353219039768,-73.3587144315017)
1 (45.3119456196965,-73.26722115951556)
1 (45.68507312386407,-73.74420381531716)
1 (45.67239564640312,-73.58738718083629)
1 (45.63287948647035,-73.27164068353594)
1 (45.45759866391701,-73.59821426246415)
1 (45.39847047518829,-73.70521003603174)
1 (45.62485044524489,-73.53591725791219)
1 (45.74672206225711,-73.2853874434298)
1 (45.74966974404511,-73.64751989302563)
1 (45.741354623068446,-73.3605699788071)
1 (45.323246178686766,-73.64867632544023)
1 (45.744138477316135,-73.6607086539791)
1 (45.61554708851963,-73.70013477634456)
1 (45.73330602645939,-73.38504649904345)
1 (45.44723831227051,-73.39501514418116)
1 (45.30214789403742,-73.5997964014089)
1 (45.47187472262139,-73.37749126467216)
1 (45.46488330595834,-73.74969871893974)
1 (45.46874169616051,-73.57626048611618)
1 (45.553633666252786,-73.37987875020815)
1 (45.68628011335674,-73.63335222346926)
1 (45.53769105709072,-73.44128005954646)
1 (45.45620265930897,-73.4403691532305)
1 (45.53426232862293,-73.31417965729571)
1 (45.619210375390615,-73.26017347614791)
1 (45.60848196652531,-73.42989681018241)
1 (45.26464395541742,-73.71232305464464)
1 (45.67972599087496,-73.60078781219926)
1 (45.38845532010285,-73.43523064062917)
1 (45.46112162737938,-73.38297396548194)
1 (45.31656043019218,-73.50706203650462)
1 (45.359636500454705,-73.49498132257253)
1 (45.62393541563648,-73.71080724863711)
1 (45.655243892842996,-73.49857537885165)
1 (45.303743705937,-73.46675150735618)
1 (45.559399098270504,-73.6155550135016)
1 (45.605332668065586,-73.72774104423672)
1 (45.425425123305,-73.70612504083446)
1 (45.26511393551946,-73.3391815869414)
1 (45.44639424029165,-73.57069737540958)
1 (45.30014274114606,-73.30662525195258)
1 (45.629705333847916,-73.35757633371938)
1 (45.62063673176461,-73.58909478761552)
1 (45.68179509733685,-73.46396387313078)
1 (45.444726291249054,-73.44596182645999)
1 (45.67128436260099,-73.40707617892834)
1 (45.36640343979665,-73.50923898239941)
1 (45.46434941699162,-73.71589358763407)
1 (45.43593771945654,-73.63156341085588)
1 (45.44222118975319,-73.45217088754042)
1 (45.26095291426108,-73.67294261298585)
1 (45.41745345743045,-73.51181608550593)
1 (45.42590942545219,-73.73650100432494)
1 (45.46296470280398,-73.38460069381453)
1 (45.457912793859855,-73.44500900719927)
1 (45.55584638278468,-73.5613953125836)
1 (45.63756970185709,-73.66589409973597)
1 (45.51654366905007,-73.27372977089519)
1 (45.665038535714665,-73.64272659903985)
1 (45.69325304962404,-73.73045737332184)
1 (45.54347241697329,-73.27584031806106)
1 (45.701244423227415,-73.48065854092422)
1 (45.53472828767241,-73.31379208844908)
1 (45.277303540665216,-73.4806492344273)
1 (45.67551657615614,-73.47078118466843)
1 (45.45060416914237,-73.37606541774456)
1 (45.61609164127617,-73.47294324824654)
1 (45.26305726724188,-73.42747501690363)
1 (45.45813390605297,-73.25860120476693)
1 (45.69454807166053,-73.40982441816469)
1 (45.32365057820876,-73.51409832969327)
1 (45.26146007488086,-73.70225688896446)
1 (45.58252254075322,-73.41775690912976)
1 (45.46049829493213,-73.65544602211371)
1 (45.502750522547124,-73.38979892686805)
1 (45.32406227410148,-73.67856742139746)
1 (45.564505062121036,-73.30573274052831)
1 (45.33828304773858,-73.32738772138073)
1 (45.29675976320586,-73.52475326993876)
1 (45.35032577373784,-73.49868015334135)
1 (45.25358886532202,-73.71312080590616)
1 (45.35767390732299,-73.64428143237781)
1 (45.64613535634859,-73.30527657282171)
1 (45.728848451242655,-73.71058547965329)
1 (45.68580704593579,-73.5426212715918)
1 (45.45237928514881,-73.28612444731351)
1 (45.37443355235316,-73.36142564745501)
1 (45.44883394844808,-73.70111849979509)
1 (45.297917962205126,-73.46726025149174)
1 (45.30932243633473,-73.56848093902839)
1 (45.441342957692456,-73.73362435429937)
1 (45.543134852153855,-73.48574584628365)
1 (45.6455415235273,-73.59712211829904)
1 (45.527032006595014,-73.33174085406742)
1 (45.56781856944891,-73.39057697090762)
1 (45.34919755605129,-73.29055827792014)
1 (45.39281041461755,-73.55889311373642)
1 (45.63197317198148,-73.41848295219548)
1 (45.56339467303232,-73.44026621581395)
1 (45.699236863936314,-73.73701602976632)
1 (45.46611429527438,-73.26751304258235)
1 (45.626647689356474,-73.48698910632744)
1 (45.310754863753886,-73.25083294625445)
1 (45.275968388576494,-73.31499369390681)
1 (45.38951520380325,-73.54423211648911)
1 (45.368290782508076,-73.28395650559547)
1 (45.48763732066152,-73.57313424834358)
1 (45.495227018526485,-73.70467146277817)
1 (45.444412118346534,-73.61036957960462)
1 (45.70199311105609,-73.3744547451395)
1 (45.731153351145664,-73.63177688233856)
1 (45.40179941412465,-73.38281981830241)
1 (45.42103306436387,-73.36107118573179)
1 (45.39707592214893,-73.70217470983923)
1 (45.574597398050585,-73.52642298415579)
1 (45.6897988161413,-73.32402431606708)
1 (45.354332584675,-73.69836233412636)
1 (45.56054749426416,-73.72801602323216)
1 (45.611826635833665,-73.66016481813305)
1 (45.58391017673994,-73.48239740250288)
1 (45.26187296403453,-73.57779363191818)
1 (45.326468969387435,-73.27006003216586)
1 (45.46928826927675,-73.28676552317984)
1 (45.44283378818862,-73.61432429055516)
1 (45.526267177387595,-73.29797604415944)
1 (45.745057820718394,-73.54297513940712)
1 (45.290772702270154,-73.64356266593593)
1 (45.57125547486206,-73.37778951515106)
1 (45.68976168928023,-73.43730213498942)
1 (45.42035687708961,-73.26990142122872)
1 (45.56497057468934,-73.51183156915796)
1 (45.35167160965339,-73.51883124983745)
1 (45.55353739767381,-73.71715061679845)
1 (45.57029725183004,-73.61486133102048)
1 (45.25091195036906,-73.42140516562363)
1 (45.43239693465449,-73.3306701735299)
1 (45.59930654043806,-73.44587078166117)
1 (45.30798314568773,-73.55874340731877)
1 (45.281365702623525,-73.59134734204828)
1 (45.333083383893815,-73.44605973405437)
1 (45.375784062663115,-73.57284397604245)
1 (45.568026689004036,-73.7169058729833)
1 (45.649277205228906,-73.5734766760406)
1 (45.454077996024125,-73.39840477251045)
1 (45.6176112146364,-73.25691876382665)
1 (45.726760982744004,-73.47144697313414)
1 (45.40732247589949,-73.44053731079961)
1 (45.600948051419,-73.26219531415978)
1 (45.48930976314054,-73.72851678593662)
1 (45.590159425344034,-73.66618890505069)
1 (45.53565692860256,-73.73581394881111)
1 (45.26050170410997,-73.5583023892856)
1 (45.47184477590826,-73.59970612178054)
1 (45.548289481256084,-73.48742233293187)
1 (45.25793681096295,-73.27598786943311)
1 (45.489631866768555,-73.48468286481562)
1 (45.534374268757944,-73.6515390974631)
1 (45.32012896697378,-73.52845816563021)
1 (45.510691494277985,-73.27403066478112)
1 (45.40331191346319,-73.40803998251616)
1 (45.3587636864217,-73.50295129757045)
1 (45.33757302159554,-73.41103364613888)
1 (45.39612468121804,-73.62393284839716)
1 (45.373071044077,-73.42698670003384)
1 (45.50944333150121,-73.44051882604819)
1 (45.442459915941136,-73.71161958368103)
1 (45.573422695008155,-73.5640639156295)
1 (45.672277439257236,-73.69225846726263)
1 (45.56618711116889,-73.56337051710237)
1 (45.695443721990515,-73.31567550523438)
1 (45.66864805300157,-73.31096093942654)
1 (45.429557552696714,-73.54452257529094)
1 (45.36239036214736,-73.27255210811526)
1 (45.720542067441784,-73.69789976968188)
1 (45.40829624629681,-73.63034252261525)
1 (45.37667937532015,-73.40533066197762)
1 (45.596425224167554,-73.50913913883592)
1 (45.634187075388354,-73.50152136554212)
1 (45.306594066144974,-73.6871449184221)
1 (45.50222800699974,-73.73176155984038)
1 (45.70865140066937,-73.52039556275996)
1 (45.73260756117513,-73.66468036468976)
1 (45.36161748448042,-73.39137726324098)
1 (45.34740157526385,-73.72030108893215)
1 (45.54166065401076,-73.30827482378298)
1 (45.7363706944672,-73.71694384615184)
1 (45.34030723933178,-73.33159281908766)
1 (45.305255654084085,-73.32050582765156)
1 (45.42633307884024,-73.28956038776735)
1 (45.515911172514,-73.74400423631339)
1 (45.35746021812816,-73.26277295740422)
1 (45.409724240830904,-73.49399769885675)
1 (45.46128314699584,-73.57194256033746)
1 (45.34687611636755,-73.39360687589276)
1 (45.57877487533915,-73.49042097909295)
1 (45.72574553016478,-73.52933622913982)
1 (45.3782738767848,-73.62532837565284)
1 (45.36911372486183,-73.67075364453609)
1 (45.503028617275945,-73.36766241676158)
1 (45.57682055412897,-73.59831540431293)
1 (45.51117718333701,-73.50268162216707)
1 (45.548133864584464,-73.64522973278815)
1 (45.40346553577855,-73.49714889543299)
1 (45.47133273722103,-73.61423187838048)
1 (45.51105832702724,-73.6396897342426)
1 (45.56286868652706,-73.56950012779352)
1 (45.6334723155831,-73.60456227593231)
1 (45.713956625699026,-73.32767158198286)
1 (45.574962930166684,-73.63755439583743)
1 (45.668561481172816,-73.28002296581485)
1 (45.62662070081929,-73.42551602681934)
1 (45.3134838287236,-73.47036146150933)
1 (45.58098443052998,-73.30820289433278)
1 (45.70861177702634,-73.6300264334067)
1 (45.54615455032311,-73.32265070926667)
1 (45.423394337459655,-73.63263330173315)
1 (45.64719015507087,-73.63621697758543)
1 (45.57420484591536,-73.57679619524262)
1 (45.663999498411115,-73.7247204127182)
1 (45.676501308167644,-73.4350465159036)
1 (45.25698422139399,-73.68677606973452)
1 (45.53555382496022,-73.42152019807226)
1 (45.674373545099286,-73.3544670294535)
1 (45.39999747913335,-73.4297166214543)
1 (45.718485305049896,-73.3639118186389)
1 (45.49358245090285,-73.57473772822331)
1 (45.2720765812369,-73.58707923942046)
1 (45.32223129629043,-73.54189657956098)
1 (45.350497409439974,-73.29837076714466)
1 (45.32587664276812,-73.59543956094909)
1 (45.45053690804282,-73.6560331269892)
1 (45.50754092856047,-73.73735756397079)
1 (45.412651784431965,-73.51938208753137)
1 (45.62573294717573,-73.62686615726788)
1 (45.59969311786781,-73.29811118550572)
1 (45.38047428129225,-73.47611619205)
1 (45.42229813419807,-73.43962716016082)
1 (45.258132108352434,-73.72705066836342)
1 (45.60878916097701,-73.3043967989365)
1 (45.32572302863775,-73.38805512992452)
1 (45.625723219397955,-73.5577080139079)
1 (45.28146574363541,-73.46715372926992)
1 (45.30416095400025,-73.31904074414054)
1 (45.47509902284092,-73.48098376565822)
1 (45.51627492343835,-73.65741132371556)
1 (45.40884433063701,-73.54563693974687)
1 (45.677092515031866,-73.6025969855998)
1 (45.41788095599032,-73.5666860895865)
1 (45.41697002576718,-73.65806504618374)
1 (45.30781469920324,-73.54132166016399)
1 (45.48181983574134,-73.35172431732008)
1 (45.69585956143133,-73.46550236026599)
1 (45.270163688603986,-73.64528434755577)
1 (45.662314932587876,-73.30338039655628)
1 (45.40876059841103,-73.54205085923762)
1 (45.5694093905764,-73.42499168398192)
1 (45.40185890378986,-73.48640391618804)
1 (45.54569506096412,-73.35130727228443)
1 (45.663047773173744,-73.63599829439465)
1 (45.66591535172625,-73.56322227626394)
1 (45.65323388753229,-73.30989333249295)
1 (45.27863149267416,-73.53291469282195)
1 (45.40344542315837,-73.37236273128433)
1 (45.74688214722326,-73.52223618689986)
1 (45.396965651101596,-73.5030525623639)
1 (45.57076337634851,-73.56340304010637)
1 (45.62172457772779,-73.72944890999011)
1 (45.45505455340618,-73.39223560335007)
1 (45.58092782838661,-73.25728425824825)
1 (45.369879066538275,-73.4435501267211)
1 (45.66757750524264,-73.52855493826895)
1 (45.527877041040554,-73.34203733896356)
1 (45.56684091758581,-73.56523993015138)
1 (45.46748065129908,-73.63006754064342)
1 (45.74914846532715,-73.51960404150965)
1 (45.588620408747644,-73.2663425948212)
1 (45.65645302911738,-73.44913670426598)
1 (45.53455489690871,-73.70617048043984)
1 (45.364258962871546,-73.6657205462435)
1 (45.25150387122714,-73.63536870218998)
1 (45.32282925604636,-73.57454166072883)
1 (45.38637853462989,-73.6754081855676)
1 (45.74240579608886,-73.71854680838138)
1 (45.4021407181058,-73.6073899008864)
1 (45.289327822442075,-73.27892050917714)
1 (45.400186173919664,-73.37680171440024)
1 (45.502609872431876,-73.55109791469881)
1 (45.639635415237905,-73.33973381210393)
1 (45.72384115949167,-73.41924763458559)
1 (45.63452877072191,-73.39433593249194)
1 (45.35719398410508,-73.58995118539292)
1 (45.49166058093947,-73.30878071688181)
1 (45.44087992694744,-73.31797421617614)
1 (45.32415100602516,-73.70885263878769)
1 (45.316567721868424,-73.56356718329808)
1 (45.63884172015787,-73.32451229504521)
1 (45.629078289920905,-73.46165141090381)
1 (45.54921555920168,-73.71539175562351)
1 (45.475097491625064,-73.65853929111195)
1 (45.50977805592655,-73.30015681285919)
1 (45.7466983084141,-73.48150545704759)
1 (45.50270240406699,-73.60402731278357)
1 (45.58313995032559,-73.55056855104279)
1 (45.73302737463413,-73.71247773832675)
1 (45.35271186508493,-73.32026151432065)
1 (45.40481127981402,-73.4772451626343)
1 (45.73531688901081,-73.65196075744909)
1 (45.557383131325345,-73.56325236631703)
1 (45.26603803706575,-73.3645132040627)
1 (45.738195505739434,-73.45190944344965)
1 (45.630109644832395,-73.29244258256436)
1 (45.47677197370692,-73.52748760754207)
1 (45.5705140951884,-73.69693463985159)
1 (45.60285515408016,-73.36886437404502)
1 (45.48085123006089,-73.42509380410894)
1 (45.42109968148145,-73.34891974336082)
1 (45.60817833073254,-73.49763187856931)
1 (45.614517850460885,-73.60821859427443)
1 (45.28319434560202,-73.32419220254017)
1 (45.499373743012306,-73.41834486456973)
1 (45.728442747764255,-73.49893068284238)
1 (45.395335145489916,-73.3833585711785)
1 (45.26913329939286,-73.61676830477654)
1 (45.40643066652538,-73.34532715006095)
1 (45.68573372804959,-73.27289734235265)
1 (45.33072280523512,-73.26173829651366)
1 (45.50265800837459,-73.36466667998228)
1 (45.729596169619704,-73.70883156567191)
1 (45.70317892640211,-73.50588966473032)
1 (45.39117293058993,-73.53549187368125)
1 (45.69711821244677,-73.2889106699507)
1 (45.51660634056748,-73.54732811303045)
1 (45.34491834326154,-73.28943474568986)
1 (45.442866130326465,-73.43991600744556)
1 (45.459376030671145,-73.60316750926678)
1 (45.59111788909842,-73.52391430185105)
1 (45.46461788079149,-73.33173057324106)
1 (45.59591197449541,-73.59286928130646)
1 (45.29082496950358,-73.29811061720464)
1 (45.72713568073182,-73.57700286745343)
1 (45.62276331811738,-73.36906828797744)
1 (45.2640456139683,-73.40313497887094)
1 (45.300353479794275,-73.59347604261743)
1 (45.41868560902135,-73.74212150754168)
1 (45.490313000816705,-73.43147199408675)
1 (45.73460886356241,-73.57079447192497)
1 (45.709331265467235,-73.64960982514869)
1 (45.60606092899552,-73.70537160413558)
1 (45.381287288316216,-73.49185286485482)
1 (45.67264390649002,-73.67765796507734)
1 (45.35369637728934,-73.50530316834133)
1 (45.34497021419202,-73.52409269351699)
1 (45.68187286431826,-73.4029747018031)
1 (45.607927556219174,-73.74079945203911)
1 (45.51322132071681,-73.58371244501795)
1 (45.52991513880022,-73.32527963890651)
1 (45.56862009919729,-73.4015274788893)
1 (45.57877441602682,-73.47724284104815)
1 (45.52303616280071,-73.4831606734638)
1 (45.40812593066033,-73.66729945127291)
1 (45.53331151360936,-73.33360604953837)
1 (45.731436920760316,-73.40284607097504)
1 (45.7474869081176,-73.64461751831381)
1 (45.74538303563467,-73.62545438143951)
1 (45.357079558332686,-73.6308906708675)
1 (45.29893039619727,-73.26343006013568)
1 (45.62140720693788,-73.36265462976347)
1 (45.63005269381355,-73.53693847103384)
1 (45.30135176330729,-73.44182634033317)
1 (45.508111355212804,-73.67119947698481)
1 (45.588881468157666,-73.48167321481755)
1 (45.52666488983998,-73.71573421897261)
1 (45.408201370309115,-73.69709775935164)
1 (45.58883705811092,-73.69450203688035)
1 (45.394577578042494,-73.49420062811939)
1 (45.315361582706565,-73.32299630888423)
1 (45.42768167731518,-73.26369691539541)
1 (45.68403450044972,-73.52397337742245)
1 (45.30772735318797,-73.63305302881176)
1 (45.67854348731923,-73.4534692888541)
1 (45.51472212331349,-73.71687991457786)
1 (45.584506933948255,-73.71311430968943)
1 (45.48383279091,-73.42416080529033)
1 (45.32104341376378,-73.37348608556539)
1 (45.46316418142678,-73.63431026857005)
1 (45.337306102431064,-73.36634722592854)
1 (45.2941762342938,-73.54185375842107)
1 (45.63515433598715,-73.72109411383506)
1 (45.369515465358184,-73.69168518963109)
1 (45.401498242518976,-73.52259872551905)
1 (45.578212749807584,-73.68340283821539)
1 (45.54684040817099,-73.35385608340985)
1 (45.74399976312529,-73.71414198211181)
1 (45.65015201239577,-73.35745521368874)
1 (45.39892255531345,-73.55461542080879)
1 (45.404458865816,-73.40487209638424)
1 (45.711481444068816,-73.71274136360996)
1 (45.64237647659031,-73.70193834481137)
1 (45.50620187461237,-73.43328079035152)
1 (45.39632108569409,-73.48257017063261)
1 (45.56984229955452,-73.310324487487)
1 (45.714237276576135,-73.250947239855)
1 (45.338370209092766,-73.65226301009767)
1 (45.608420872072045,-73.32481189065102)
1 (45.59838880514367,-73.33604069736501)
1 (45.56237906669939,-73.70941432373158)
1 (45.5168722051791,-73.71903776907)
1 (45.4586581502313,-73.59286012376019)
1 (45.63386807699236,-73.74284276668774)
1 (45.619182401116404,-73.49922165623836)
1 (45.414252238535234,-73.66347019859711)
1 (45.368886019203615,-73.36575568560478)
1 (45.556670618288436,-73.3772465459303)
1 (45.64328316242767,-73.52492464331976)
1 (45.50047977823501,-73.5806305841016)
1 (45.66110960924292,-73.27064981466931)
1 (45.45479786399064,-73.50565190837757)
1 (45.57428266926082,-73.37132996881262)
1 (45.29770375243739,-73.71044476899563)
1 (45.289164461259766,-73.55963932856957)
1 (45.35817288417433,-73.37652184627544)
1 (45.325476572115655,-73.68097468928278)
1 (45.39851401230656,-73.27097613508418)
1 (45.64220295942033,-73.31865131811514)
1 (45.56087209406099,-73.47271655239537)
1 (45.31343067844931,-73.33455332094019)
1 (45.62778791827377,-73.63713609416817)
1 (45.281316634719225,-73.36892431523144)
1 (45.673856334761105,-73.48327947665224)
1 (45.64823181258916,-73.43233974575628)
1 (45.553200335371045,-73.33161981506031)
1 (45.59562256897963,-73.29663277211057)
1 (45.67577926593989,-73.39897212948594)
1 (45.53324189242979,-73.44965096321128)
1 (45.67447506545906,-73.66986435539908)
1 (45.48914213059714,-73.42120168709656)
1 (45.354451341303246,-73.51085451361342)
1 (45.548183265171794,-73.3143993471573)
1 (45.74645581308933,-73.27582565797827)
1 (45.33480000698527,-73.38785830780647)
1 (45.65653737889382,-73.4662081234996)
1 (45.61438344308036,-73.52978051990628)
1 (45.316074954966844,-73.56037172626351)
1 (45.55687172406081,-73.4449677805207)
1 (45.58806594121534,-73.41109834572495)
1 (45.56600748641249,-73.3401434918529)
1 (45.67829799741194,-73.62908846489034)
1 (45.3282077779145,-73.3416996428162)
1 (45.43332854835082,-73.6238730841146)
1 (45.376105924896386,-73.31309013776335)
1 (45.58112215942545,-73.46129537688097)
1 (45.493562520576276,-73.65657188318961)
1 (45.68474698752174,-73.41889464024669)
1 (45.711306617648646,-73.58585073627115)
1 (45.634706857722534,-73.57706774120963)
1 (45.45535590639437,-73.74241972168926)
1 (45.7012867012755,-73.47480152791847)
1 (45.6139784242864,-73.39898253567745)
1 (45.504714557416335,-73.28406236932149)
1 (45.3831962074097,-73.34833569746714)
1 (45.73799445441826,-73.61659725591383)
1 (45.735694971636065,-73.4154382029822)