2250 2250
101 (45.5,-73.5)
1 (45.59493982804662,-73.47094356796062)
1 (45.7334918377725,-73.35412812413735)
1 (45.61423842951877,-73.45586280607876)
1 (45.67082661603856,-73.69805094415501)
1 (45.54930495315081,-73.28920644043913)
1 (45.690480444011406,-73.42784474844714)
1 (45.413228813264226,-73.66838992673034)
1 (45.56408865840985,-73.59348338726534)
1 (45.52830002620463,-73.44019423938502)
1 (45.265003337872024,-73.29190840120023)
1 (45.730396997416946,-73.56353174116342)
1 (45.290874005189025,-73.64568682649092)
1 (45.33994583270099,-73.65910663860517)
1 (45.412353402458194,-73.65841165847806)
1 (45.61321160193932,-73.4745679365664)
1 (45.63419840311327,-73.53691792234959)
1 (45.63035753687617,-73.36279593139865)
1 (45.65552461172278,-73.26911724621932)
1 (45.46000936580435,-73.37438116349566)
1 (45.50708627331383,-73.42935960891023)
1 (45.46398726051022,-73.30314785531925)
1 (45.32519136482191,-73.35071122482988)
1 (45.27041904227913,-73.49574156476805)
1 (45.39422545521166,-73.45539315804149)
1 (45.74862386660865,-73.44284410660133)
1 (45.65274551088366,-73.67085560120157)
1 (45.26495646713292,-73.61049639547197)
1 (45.31171876277205,-73.47956819988298)
1 (45.585227830501374,-73.64530321817087)
1 (45.577719552552715,-73.25558749049381)
1 (45.51636886577667,-73.49696147786739)
1 (45.70876067477311,-73.63031764587232)
1 (45.747679514891146,-73.64559687563208)
1 (45.25592382563068,-73.70361154583705)
1 (45.36030654170882,-73.49981150875504)
1 (45.36006712497709,-73.4744643768426)
1 (45.62251883942105,-73.64413836377749)
1 (45.37962596808504,-73.40803258087153)
1 (45.477900157560185,-73.46176596681055)
1 (45.42288666543071,-73.58256648233602)
1 (45.56375462776562,-73.73994018448434)
1 (45.54610075514322,-73.37107520386328)
1 (45.66782157602445,-73.68136753688032)
1 (45.457420994860584,-73.60814810363837)
1 (45.74282152223215,-73.29523757952366)
1 (45.535878408853705,-73.67233747399234)
1 (45.45040647569223,-73.42615003342887)
1 (45.334483076961,-73.37886253629476)
1 (45.69876286436099,-73.69827492836401)
1 (45.48701951471011,-73.5261253203244)
1 (45.271416928867296,-73.40549248308908)
1 (45.579220903870244,-73.37263467813878)
1 (45.41871742778599,-73.36605184762864)
1 (45.576744664896,-73.73841464092808)
1 (45.69802192168978,-73.48245643418662)
1 (45.32473505885209,-73.32682953447524)
1 (45.4037882938105,-73.70382589150762)
1 (45.44674700172449,-73.74898795303473)
1 (45.624574052073555,-73.27890329102607)
1 (45.674418234061456,-73.60349377331586)
1 (45.30037190124633,-73.61316872076183)
1 (45.733515702599426,-73.31929254523016)
1 (45.63076049381621,-73.70318852101765)
1 (45.39684477172932,-73.30871709073735)
1 (45.30202546038837,-73.5153725762904)
1 (45.68999863595147,-73.30156682748665)
1 (45.25970632455291,-73.30472965536678)
1 (45.50203835856877,-73.53916037553569)
1 (45.65195075149635,-73.73200407763525)
1 (45.50993215124474,-73.29978200511371)
1 (45.6086084362978,-73.73474496493286)
1 (45.37294607212233,-73.50379748912533)
1 (45.70117259078857,-73.43940194025087)
1 (45.59116633309037,-73.40794568675345)
1 (45.749478003309726,-73.46745963884727)
1 (45.25094682317107,-73.64391751947234)
1 (45.60248995824233,-73.28891582935297)
1 (45.599313716089966,-73.58631450407097)
1 (45.62256980425685,-73.31107638102479)
1 (45.499222329595376,-73.74943444794422)
1 (45.34527791746869,-73.65968294789953)
1 (45.31804956320282,-73.61106249855165)
1 (45.67007635479065,-73.61280729313638)
1 (45.692818773841445,-73.44455100218438)
1 (45.46121858645208,-73.38573937907765)
1 (45.397391916601414,-73.40795225992352)
1 (45.60266511397626,-73.43726386604533)
1 (45.70922731291106,-73.29082371212462)
1 (45.356039069630214,-73.67426304534516)
1 (45.736289542435365,-73.45555551573727)
1 (45.31643684362403,-73.37250206375874)
1 (45.61831139558824,-73.63067589381485)
1 (45.34733474048999,-73.30674506970719)
1 (45.36084578847866,-73.31857027210603)
1 (45.6028831492762,-73.49301928836887)
1 (45.29540926816189,-73.66940552975518)
1 (45.613555684572,-73.58988652421117)
1 (45.28450660646553,-73.74678119396162)
1 (45.41942150913623,-73.3840000796509)
1 (45.30643953022569,-73.66873494549735)
1 (45.384234747938635,-73.39801741467055)
1 (45.46154079161724,-73.6502101944443)
1 (45.61308580106807,-73.50610757248504)
1 (45.73883808828697,-73.49994900905756)
1 (45.326535071779006,-73.52383468916013)
1 (45.570140612934274,-73.63600407451962)
1 (45.614950406710406,-73.55511735342806)
1 (45.277154432095564,-73.67966891309483)
1 (45.70819536821581,-73.4292562645797)
1 (45.486470853228504,-73.667606089307)
1 (45.747866182229814,-73.34569081783322)
1 (45.447135585149624,-73.38630831482553)
1 (45.54195103777954,-73.36318792960952)
1 (45.43599456285479,-73.28175839024725)
1 (45.415086214570444,-73.6235847992288)
1 (45.577125605860836,-73.33025868873771)
1 (45.541509186174636,-73.68799983895725)
1 (45.433403467885796,-73.67388204450484)
1 (45.56235971605401,-73.58559428550677)
1 (45.65060895730821,-73.72585081981232)
1 (45.344155808441265,-73.63150975151805)
1 (45.74748128080999,-73.33738171856804)
1 (45.431071942660225,-73.2615252283255)
1 (45.34872580460219,-73.48813932584287)
1 (45.58007309010374,-73.55626961186358)
1 (45.25222799233231,-73.31742171626678)
1 (45.7450084702149,-73.28749424910148)
1 (45.706587300743244,-73.65255702107642)
1 (45.49344511203575,-73.71295254945014)
1 (45.65057324707114,-73.51472038739078)
1 (45.59832180694809,-73.47485208035656)
1 (45.432219132338155,-73.39048600604232)
1 (45.44542994216109,-73.31963707750103)
1 (45.682007027017534,-73.34990967535904)
1 (45.43727853881396,-73.45402774323578)
1 (45.56196128547542,-73.36879244107784)
1 (45.25407636719233,-73.68378534616164)
1 (45.55045557046157,-73.47400677914486)
1 (45.65336515367252,-73.54759015467586)
1 (45.25115227704586,-73.57637177293303)
1 (45.451263288504464,-73.45871241442102)
1 (45.43373093279093,-73.58554467928123)
1 (45.43033056563642,-73.40182421346837)
1 (45.6239259496457,-73.61575133098584)
1 (45.66173997201588,-73.50134334696978)
1 (45.56088203118512,-73.28990855157944)
1 (45.61274360116708,-73.28111812202758)
1 (45.730948892808875,-73.3327972077363)
1 (45.43434524695433,-73.67305499990573)
1 (45.468775479027464,-73.31142480720982)
1 (45.48864341979433,-73.30445892977706)
1 (45.2889266818381,-73.53257226187947)
1 (45.48048377259966,-73.30039943184163)
1 (45.67423430165263,-73.7437497268981)
1 (45.50386121672555,-73.27833299163487)
1 (45.50070705286099,-73.40439202079007)
1 (45.39993752376037,-73.38750579315077)
1 (45.623062597108174,-73.3991044763153)
1 (45.55059099022886,-73.65532844299591)
1 (45.379808164402284,-73.65412562246769)
1 (45.599090595449255,-73.54695749206932)
1 (45.40228431922944,-73.69190355609614)
1 (45.597787896144936,-73.522736388416)
1 (45.6281999039112,-73.71678836888375)
1 (45.731645503592304,-73.49094165057836)
1 (45.32692429513493,-73.36732329102442)
1 (45.5559720282911,-73.40044776756092)
1 (45.74116663912934,-73.297472959999)
1 (45.61690898165325,-73.2994676078063)
1 (45.63765965071649,-73.2603574453485)
1 (45.3940158304629,-73.5024427334605)
1 (45.638079324309395,-73.36366621508596)
1 (45.71572555059072,-73.55745140564366)
1 (45.67066964819778,-73.64590681090887)
1 (45.65049328054529,-73.49116950290578)
1 (45.74290514882857,-73.58699819043754)
1 (45.369136932810974,-73.327463144696)
1 (45.486012165214696,-73.61544954584176)
1 (45.607169056163755,-73.62910933149021)
1 (45.56328288780133,-73.6074704889206)
1 (45.62984533793872,-73.29993397762908)
1 (45.56585494242604,-73.2908392111238)
1 (45.51720556534257,-73.60682485252944)
1 (45.4419920043998,-73.36821072633455)
1 (45.64155891831164,-73.3376197658674)
1 (45.31888966146986,-73.56077740565641)
1 (45.40566623413981,-73.70178824982163)
1 (45.279643756618526,-73.64380005806775)
1 (45.646297381043006,-73.50611818532701)
1 (45.25225696909777,-73.40050777206582)
1 (45.58489306511133,-73.29728646995515)
1 (45.652422272510314,-73.26022044416408)
1 (45.32473591672223,-73.55723616930793)
1 (45.29731073654571,-73.71027838195118)
1 (45.65233647486854,-73.66570014901667)
1 (45.37370385780575,-73.37946876118345)
1 (45.299665643939264,-73.70700456735904)
1 (45.40054939057646,-73.4831192466796)
1 (45.36341577848479,-73.2954532023613)
1 (45.67338252602015,-73.59688451719991)
1 (45.25764856206466,-73.42513688216428)
1 (45.61604275053858,-73.48748193638345)
1 (45.39698826568508,-73.41592996463939)
1 (45.29373007083978,-73.47423805852883)
1 (45.268945282251735,-73.32772901169133)
1 (45.560682271207405,-73.52528810913809)
1 (45.65600502423258,-73.7496566983566)
1 (45.425618562857906,-73.50662614746135)
1 (45.51079351791674,-73.63999680277234)
1 (45.71858288360849,-73.70093386964557)
1 (45.37093164543632,-73.39604443639293)
1 (45.5339336165293,-73.3962217884219)
1 (45.724115571135826,-73.57084830237989)
1 (45.70596468004134,-73.51179674822647)
1 (45.398512060325956,-73.62598992087769)
1 (45.74600638019444,-73.38092520045322)
1 (45.358732881896586,-73.3160876729551)
1 (45.7328423263048,-73.44579236473177)
1 (45.73345335457041,-73.74163158521999)
1 (45.60189252426143,-73.74096269796088)
1 (45.48716582821389,-73.2820474829624)
1 (45.62285054047395,-73.64652740798944)
1 (45.37560995597272,-73.53055748697804)
1 (45.59032621392454,-73.48148061976542)
1 (45.69209676581688,-73.49644641725895)
1 (45.377533659065854,-73.58159596187012)
1 (45.32024519535496,-73.71876196327783)
1 (45.51917728562811,-73.56418080389857)
1 (45.257574610900924,-73.54826915943161)
1 (45.3964274250529,-73.52456608053264)
1 (45.56394839997189,-73.70164794999245)
1 (45.39423971423725,-73.43604484132409)
1 (45.61903895837648,-73.27346535285345)
1 (45.58926123090272,-73.53620331983343)
1 (45.64378554634463,-73.70737186677775)
1 (45.6051795118934,-73.47819372895394)
1 (45.65224191617414,-73.27826460495436)
1 (45.741608656805425,-73.5054783025496)
1 (45.352261814192026,-73.42182785643854)
1 (45.34247019394469,-73.37292996515079)
1 (45.50614577842313,-73.26690425146813)
1 (45.62031481666391,-73.68590499087163)
1 (45.39567390071289,-73.47956835895218)
1 (45.294143867247556,-73.26200884592316)
1 (45.30987459512775,-73.51556684887545)
1 (45.43002836318392,-73.5377567549915)
1 (45.388430455523476,-73.59995778999738)
1 (45.296186147010026,-73.4441859044215)
1 (45.70879795859952,-73.70932433159763)
1 (45.35716628838527,-73.5617069075172)
1 (45.70091860353655,-73.52285625588621)
1 (45.73540301335257,-73.73508732272194)
1 (45.30982482212564,-73.7338855227637)
1 (45.562639829081554,-73.6844407515609)
1 (45.303494740997856,-73.27313021258296)
1 (45.628587698272916,-73.48745029948412)
1 (45.74098577916492,-73.38894408039191)
1 (45.60966942365995,-73.63178588301218)
1 (45.374177717252714,-73.65828685542141)
1 (45.42681574026763,-73.64478003483194)
1 (45.655381734035856,-73.36492362368767)
1 (45.43801684716937,-73.59990767936004)
1 (45.56262260608492,-73.2785292105342)
1 (45.7186963457258,-73.57647044642873)
1 (45.634577187496866,-73.6999169462103)
1 (45.620962877105065,-73.41011690556451)
1 (45.42795297430978,-73.70352868107824)
1 (45.631408183171715,-73.31743533397506)
1 (45.57151619111818,-73.30861621334755)
1 (45.26635823319297,-73.70783619425292)
1 (45.69303007125553,-73.34521210495133)
1 (45.35334771594412,-73.71029694591297)
1 (45.73803916031767,-73.55003095771812)
1 (45.54807628884842,-73.64127235681904)
1 (45.58273683563908,-73.43085998395198)
1 (45.327218210565036,-73.32317875869757)
1 (45.36707863348767,-73.67579088542493)
1 (45.479195457799925,-73.33034139818383)
1 (45.6388549087772,-73.35581295225332)
1 (45.287387522660296,-73.39114936654006)
1 (45.70461211865634,-73.37583016149306)
1 (45.663239429452204,-73.31139304650968)
1 (45.529112815134475,-73.57008322237415)
1 (45.44034286846528,-73.40436449687408)
1 (45.611450111385416,-73.51325022839355)
1 (45.38480344332683,-73.51828180846285)
1 (45.49298339856647,-73.52816792378107)
1 (45.712070575744676,-73.34095368064602)
1 (45.41993749612833,-73.51515796382245)
1 (45.52589458616467,-73.73533118622719)
1 (45.691808686435245,-73.60636130699821)
1 (45.61118903333557,-73.41769888697874)
1 (45.375646366321746,-73.26127602674555)
1 (45.41931443241359,-73.33273826430425)
1 (45.35583022897741,-73.26686249366519)
1 (45.38166297842902,-73.60655161778206)
1 (45.619138427005815,-73.6871223282631)
1 (45.375411970707724,-73.46996519426945)
1 (45.7457030749262,-73.62297583110127)
1 (45.743927128457834,-73.54003564147403)
1 (45.28787512327953,-73.69355544277754)
1 (45.74353502157731,-73.32766469238709)
1 (45.57107156115262,-73.43470061749821)
1 (45.648247427090965,-73.30358192471651)
1 (45.443353557803654,-73.32948286994154)
1 (45.49450833113966,-73.30368638000267)
1 (45.63378496929394,-73.4390071110135)
1 (45.589147959630914,-73.4878430270105)
1 (45.65354644124054,-73.58952904110026)
1 (45.43546628896515,-73.4837107053606)
1 (45.58833117870579,-73.29409570437032)
1 (45.654731624775344,-73.74903341647216)
1 (45.685724008458045,-73.54345983541904)
1 (45.29336863740778,-73.57205754126147)
1 (45.33706649909115,-73.29193610000495)
1 (45.609722763325706,-73.50034291575554)
1 (45.38973624496963,-73.38916068939999)
1 (45.528527049813995,-73.34321613387743)
1 (45.70281974136217,-73.36838344559895)
1 (45.436059834529274,-73.73246998603715)
1 (45.47683338996572,-73.39596490479143)
1 (45.36447091137151,-73.54964340400697)
1 (45.646448721263866,-73.31516820170697)
1 (45.379866254955736,-73.33632169667564)
1 (45.524102907671285,-73.58012930937413)
1 (45.645480280594775,-73.59637740647315)
1 (45.421927220788035,-73.4730566230865)
1 (45.67862754647414,-73.67592744981467)
1 (45.65960103867106,-73.32925390915575)
1 (45.25811421247183,-73.66801290051792)
1 (45.68654063543401,-73.56047891973816)
1 (45.26740288960478,-73.53461304304656)
1 (45.508257037255795,-73.56744255607248)
1 (45.47806261870956,-73.36858578846748)
1 (45.708768418026374,-73.66692165516265)
1 (45.38789926979021,-73.43248225488885)
1 (45.603628292112546,-73.42800143736712)
1 (45.728649671013635,-73.30991342395038)
1 (45.4414312901012,-73.31538149627188)
1 (45.649236227178044,-73.68825257716978)
1 (45.59558432837901,-73.27547230270943)
1 (45.362316993620446,-73.45893754321774)
1 (45.35268164076987,-73.37317713695586)
1 (45.71422947569102,-73.47349211888691)
1 (45.708997951714835,-73.29379726875545)
1 (45.701414699446175,-73.42961683947401)
1 (45.53241493133536,-73.46541623034607)
1 (45.41002140570224,-73.48230445837218)
1 (45.5335215808387,-73.73241207623339)
1 (45.699628408036965,-73.27991590769055)
1 (45.71668045478945,-73.42041420765642)
1 (45.68688663550809,-73.71450845715158)
1 (45.349526861545996,-73.2770647249346)
1 (45.710370363015116,-73.74943750157921)
1 (45.49766942120253,-73.65136187452165)
1 (45.47404076375273,-73.74535971174978)
1 (45.320285828448085,-73.38715629091661)
1 (45.47346282818362,-73.74824501273748)
1 (45.61185862500244,-73.25353873349498)
1 (45.60628037996303,-73.72986075741112)
1 (45.505471547260456,-73.31640086992323)
1 (45.556441786851614,-73.2824219832574)
1 (45.32388767632965,-73.47136874108556)
1 (45.62028256357901,-73.26470660685455)
1 (45.276056559760086,-73.40860144015282)
1 (45.61180918687296,-73.37691558043605)
1 (45.54874811579525,-73.56461550387685)
1 (45.34439183550646,-73.60591282371595)
1 (45.33568706796467,-73.63533859955565)
1 (45.43656175968596,-73.43121083370391)
1 (45.479862271894575,-73.47801380464587)
1 (45.3307228633572,-73.61517273987239)
1 (45.67861113867577,-73.71736906392358)
1 (45.44532455526345,-73.31838261828861)
1 (45.61563027353499,-73.59363417617674)
1 (45.30340697008551,-73.68299084121298)
1 (45.43923894316971,-73.54653062390807)
1 (45.293417418701715,-73.41307213730099)
1 (45.702023132810176,-73.72027761857984)
1 (45.42181049759149,-73.2516391210408)
1 (45.71341326474945,-73.4999507117253)
1 (45.511182367818265,-73.60893489048685)
1 (45.733800090687296,-73.34919713683163)
1 (45.282553250088675,-73.43598336234056)
1 (45.55646823306188,-73.6133552347064)
1 (45.63590011611328,-73.26110694466111)
1 (45.28192840523485,-73.58044310866464)
1 (45.70915517684025,-73.61522608476677)
1 (45.48815462592731,-73.45527465881314)
1 (45.452623845751205,-73.36423631897871)
1 (45.53978362232091,-73.49912926755633)
1 (45.50313922476282,-73.74361319581766)
1 (45.45950967150846,-73.41894410731074)
1 (45.58025832218038,-73.65162659435751)
1 (45.60570845253003,-73.65591625506681)
1 (45.45541874029462,-73.50315105597303)
1 (45.36174962078514,-73.52369458065284)
1 (45.26421250347579,-73.67603922865625)
1 (45.644508521471295,-73.68100954590078)
1 (45.54179734730166,-73.29638105314072)
1 (45.28226306414032,-73.69263181317558)
1 (45.36195374719895,-73.30770192161624)
1 (45.6954628825325,-73.43596865896511)
1 (45.35140950533001,-73.45225822855132)
1 (45.33778328810068,-73.34840007009635)
1 (45.63279178648631,-73.46006945529068)
1 (45.5194276821875,-73.48262453602885)
1 (45.42192991712167,-73.39318122453479)
1 (45.5398176572132,-73.54382731473245)
1 (45.56822052228077,-73.72888429809053)
1 (45.50261082593357,-73.52340195282838)
1 (45.28037976245946,-73.38622009259336)
1 (45.272412246320414,-73.7192490308089)
1 (45.62414583694553,-73.50508342424824)
1 (45.259596046141596,-73.34234377344355)
1 (45.613358117248275,-73.37658903476394)
1 (45.58732973429291,-73.55330727505665)
1 (45.341327539504626,-73.49709862565214)
1 (45.703194245973066,-73.6511341102282)
1 (45.61552637471051,-73.27641086627857)
1 (45.64671884781162,-73.74902196557406)
1 (45.46536342795724,-73.47309694294162)
1 (45.47370047966842,-73.61941698032898)
1 (45.690174172889485,-73.45682014958204)
1 (45.268353295477986,-73.47193130525278)
1 (45.30254388810933,-73.40870810911089)
1 (45.74513443963551,-73.74370762910878)
1 (45.30069452240394,-73.56645176908856)
1 (45.653518439866346,-73.53209810359728)
1 (45.67290487653386,-73.60078601621628)
1 (45.551042836719645,-73.58419318974013)
1 (45.39679667962573,-73.67436187810982)
1 (45.50262386013811,-73.27677901172319)
1 (45.44680747986053,-73.6827509531488)
1 (45.397441585062296,-73.273719607141)
1 (45.46428454490547,-73.61042816987623)
1 (45.34861972873197,-73.5355534375886)
1 (45.27637230406281,-73.35205947232981)
1 (45.55547606989643,-73.57826176001382)
1 (45.37222898573182,-73.25127619919209)
1 (45.56329542669576,-73.33470900350711)
1 (45.25809667360176,-73.49534895739178)
1 (45.55137751771899,-73.66317359367626)
1 (45.316361957581584,-73.37477868056978)
1 (45.61653826529487,-73.47268059239322)
1 (45.38798282331388,-73.27180344795354)
1 (45.49629359445161,-73.5945151937193)
1 (45.28252078136799,-73.58117478368153)
1 (45.29363054102252,-73.42333963989795)
1 (45.29550520073811,-73.59028795373952)
1 (45.523571522976226,-73.47975351259826)
1 (45.57897053592605,-73.65385600552194)
1 (45.70066310829645,-73.40893065555532)
1 (45.36774498353839,-73.29079779552583)
1 (45.72607160351288,-73.52713392878668)
1 (45.61143274190314,-73.60786583010959)
1 (45.51314345482339,-73.35945185734047)
1 (45.50002003029939,-73.71577011948109)
1 (45.61108936489636,-73.67801921276319)
1 (45.69964854508817,-73.54915975139541)
1 (45.54787654214704,-73.350276764924)
1 (45.33433823151634,-73.73180430492404)
1 (45.71546463627561,-73.34149293417478)
1 (45.35930434085421,-73.34267278452505)
1 (45.3631964447897,-73.48481364719943)
1 (45.47200251258418,-73.63733816992185)
1 (45.64845530908199,-73.63552412659055)
1 (45.598148155781146,-73.46224111935324)
1 (45.71762696482157,-73.563999665643)
1 (45.271695578541284,-73.26682687729068)
1 (45.45495427623052,-73.41399018085932)
1 (45.40012476911184,-73.27042495567628)
1 (45.342049281344856,-73.25942659045614)
1 (45.46937253688929,-73.47697142679584)
1 (45.31662740408194,-73.73385463819889)
1 (45.69635784167926,-73.35127937897151)
1 (45.60545488250727,-73.38189508378707)
1 (45.481289410013005,-73.57554351317816)
1 (45.733550863942355,-73.29179703656983)
1 (45.74680697907869,-73.39411999200937)
1 (45.279361753850445,-73.71219416248579)
1 (45.37649590076474,-73.62835376618963)
1 (45.45392579411204,-73.73459140322996)
1 (45.481428060052735,-73.50133037346876)
1 (45.730972051981276,-73.73590302467892)
1 (45.630120284901146,-73.45491016344062)
1 (45.54444846652347,-73.622530498594)
1 (45.47466484999514,-73.66825818695462)
1 (45.50014939755924,-73.49901192339944)
1 (45.39377473805769,-73.49831344225164)
1 (45.61891419347578,-73.70019253467984)
1 (45.352099966045664,-73.55824670979989)
1 (45.34029373719092,-73.67615892510543)
1 (45.64440905663054,-73.62993655090676)
1 (45.36763285420764,-73.50384732052846)
1 (45.55309350798005,-73.57084878013946)
1 (45.42819226212746,-73.31827964983009)
1 (45.697941106327875,-73.32443479041284)
1 (45.655234481706785,-73.70979865846238)
1 (45.498237261179725,-73.57626998751753)
1 (45.572924039058115,-73.62146661845584)
1 (45.6989919242329,-73.5156337504916)
1 (45.57944270381654,-73.50295996219573)
1 (45.335452744907116,-73.56408799003222)
1 (45.37889689677502,-73.43383524797528)
1 (45.32305369265656,-73.31884175423889)
1 (45.50839444550997,-73.61995981262764)
1 (45.563561194710424,-73.32929481680611)
1 (45.443094428893325,-73.59219330277098)
1 (45.55241874531551,-73.68013371773729)
1 (45.73908385402998,-73.59607450056295)
1 (45.457153547292826,-73.69370904251222)
1 (45.2916113695545,-73.55531063788602)
1 (45.51219762667294,-73.38815338120068)
1 (45.54450858927045,-73.62028429826904)
1 (45.34158865450566,-73.6358047337221)
1 (45.38555539973724,-73.67558626956003)
1 (45.47775442830783,-73.25898065774943)
1 (45.50209670559233,-73.27775037872783)
1 (45.391947768723476,-73.57700397557427)
1 (45.65139350326811,-73.32590941901242)
1 (45.289887464128206,-73.67961111227396)
1 (45.62099211471289,-73.33400931448105)
1 (45.25477344057899,-73.44747995676124)
1 (45.61582115739912,-73.47351158337464)
1 (45.5390834375137,-73.57059429785899)
1 (45.41077679998264,-73.59018195944435)
1 (45.416420971898425,-73.52951739525594)
1 (45.35023215294394,-73.6676064548414)
1 (45.50517324043406,-73.70337798085268)
1 (45.659208021282645,-73.71349354500532)
1 (45.36685057599135,-73.45147713748948)
1 (45.55486755608282,-73.28261454450221)
1 (45.46371744449647,-73.68290500813013)
1 (45.31154841636105,-73.32240207317768)
1 (45.73268828010201,-73.58041205985333)
1 (45.73772164035552,-73.73376938035227)
1 (45.59544968729835,-73.28100970234898)
1 (45.469067338424466,-73.4806315661805)
1 (45.678383815308486,-73.43638078113739)
1 (45.56828305135771,-73.25690218437272)
1 (45.36010606991801,-73.68116079579146)
1 (45.64929139913295,-73.62940736324836)
1 (45.49929349514916,-73.62650637065626)
1 (45.61118934931004,-73.71920189445387)
1 (45.320968564028654,-73.5700975762494)
1 (45.57558244878067,-73.36219014697573)
1 (45.455516279833844,-73.67182674321482)
1 (45.26987286791492,-73.30274743232623)
1 (45.531450801513145,-73.38690623692008)
1 (45.388621033591775,-73.32120555099996)
1 (45.52031120985858,-73.47498371332347)
1 (45.39527638112229,-73.27760899014073)
1 (45.72005409977888,-73.41508335336354)
1 (45.29737355818802,-73.37006645228419)
1 (45.341924156286765,-73.55179750784774)
1 (45.63971621447085,-73.4563153374457)
1 (45.63502202486952,-73.27813317774098)
1 (45.31212111492667,-73.57178450550644)
1 (45.342652164647916,-73.52477368342562)
1 (45.26097140065952,-73.29648399943322)
1 (45.535021580266225,-73.27424589317707)
1 (45.32712830874812,-73.37646807869574)
1 (45.503973552058405,-73.2515893037166)
1 (45.706676668752486,-73.49341105860782)
1 (45.437179096232505,-73.36060338808042)
1 (45.44553005785813,-73.29800327800655)
1 (45.51157163590927,-73.33660518498007)
1 (45.43409755747332,-73.2794176281906)
1 (45.35879904543102,-73.47285974169392)
1 (45.564014501443694,-73.73401500098018)
1 (45.559080533122284,-73.64845120288271)
1 (45.54536569903698,-73.52174977548881)
1 (45.414093706929506,-73.7403430589403)
1 (45.35988022199031,-73.45840493342739)
1 (45.734380949297524,-73.34173142060398)
1 (45.44325253044708,-73.5858287312024)
1 (45.252252131567005,-73.5325256111413)
1 (45.44804587987189,-73.69076332124729)
1 (45.53727416206038,-73.25589599761145)
1 (45.33755928126722,-73.3056484348436)
1 (45.448176178060514,-73.6473092149738)
1 (45.600590292692495,-73.5219513391844)
1 (45.70236224086583,-73.43932670995574)
1 (45.5572017518386,-73.27811703244922)
1 (45.58221200949337,-73.32667263860306)
1 (45.54640120233748,-73.35015102567493)
1 (45.62596280815075,-73.421682978127)
1 (45.74806762291931,-73.57313944754206)
1 (45.370205046808174,-73.66022793382903)
1 (45.49351082554311,-73.3566797063669)
1 (45.32088619410224,-73.73255525194877)
1 (45.661724702684275,-73.3262377197522)
1 (45.33020649699947,-73.312232613571)
1 (45.641696248403164,-73.42586549921064)
1 (45.44790343521905,-73.53947264482629)
1 (45.36505807930364,-73.55550615382352)
1 (45.59715968732215,-73.38260449529517)
1 (45.577922898457004,-73.28828117760725)
1 (45.597732950307766,-73.65331170780307)
1 (45.32591435034554,-73.4196979100862)
1 (45.621894207726726,-73.5874860738315)
1 (45.57220908399748,-73.54163292863186)
1 (45.6223741615515,-73.52415319476451)
1 (45.45483110956258,-73.50924025420949)
1 (45.615756051859606,-73.31990540437167)
1 (45.41648989757291,-73.5786011002802)
1 (45.4396161960412,-73.72563367571507)
1 (45.30792970957089,-73.63697496692987)
1 (45.727201911576024,-73.52608019145624)
1 (45.5740583950903,-73.32592965729468)
1 (45.35954979012118,-73.3008389575009)
1 (45.28104947725591,-73.47042109059103)
1 (45.56168561041291,-73.70791221748026)
1 (45.53216241827479,-73.57406133893527)
1 (45.60691034194903,-73.71778604596994)
1 (45.25020154570015,-73.72235671808174)
1 (45.28116501350875,-73.73721863888682)
1 (45.37533495326592,-73.55161533138393)
1 (45.33808061087588,-73.55754068717262)
1 (45.738420401235835,-73.49151675886397)
1 (45.64455732118636,-73.542247384161)
1 (45.72203630742397,-73.27400434756514)
1 (45.576580766903355,-73.43301721786972)
1 (45.31409117903265,-73.72020355531562)
1 (45.47547107996058,-73.6020232451235)
1 (45.292186202018,-73.57048796059863)
1 (45.61587422549316,-73.51150771452185)
1 (45.55083101816495,-73.61060716859609)
1 (45.668542807010716,-73.55907178015237)
1 (45.49816380582391,-73.56895915444731)
1 (45.563317280184805,-73.3889872194558)
1 (45.50400240898586,-73.716632359996)
1 (45.47070659540751,-73.63606761710686)
1 (45.576854012194886,-73.29276085229525)
1 (45.32408056224072,-73.43924199240402)
1 (45.2839368251262,-73.30302891189062)
1 (45.398724599859726,-73.41695432301071)
1 (45.40531786169815,-73.39882930798728)
1 (45.448870671325174,-73.63586765924492)
1 (45.43094660647319,-73.4386223924894)
1 (45.27930672929185,-73.42808252140102)
1 (45.26766547621032,-73.46146140791238)
1 (45.39427992075451,-73.72018401615026)
1 (45.42220335191935,-73.66544205693)
1 (45.52314751679861,-73.32991324186074)
1 (45.465709477345655,-73.58100248926588)
1 (45.36959237368697,-73.46311358820995)
1 (45.26556087391815,-73.46054292557922)
1 (45.36920836290265,-73.40483325342159)
1 (45.29097693845997,-73.47175180775417)
1 (45.56887431123026,-73.6440705778063)
1 (45.26040086560348,-73.58231876561688)
1 (45.46057325304614,-73.40162942968539)
1 (45.50065830876573,-73.55838226440223)
1 (45.7121772604061,-73.74490723102716)
1 (45.63057938838882,-73.26810290873163)
1 (45.73820611916566,-73.67216881911935)
1 (45.56507101979969,-73.48517155805536)
1 (45.44468169687295,-73.73196446973166)
1 (45.35955228982488,-73.6248538582473)
1 (45.26393792020421,-73.4108315093515)
1 (45.57921628355913,-73.31734143656533)
1 (45.26760956152211,-73.67427359031542)
1 (45.68275779746757,-73.42972238381579)
1 (45.70901157043127,-73.68224297754863)
1 (45.35600690058137,-73.5888019338555)
1 (45.29973360526544,-73.32095601462447)
1 (45.31733417874272,-73.43229717992939)
1 (45.36951289100791,-73.29785289276775)
1 (45.34374440474355,-73.72559756015322)
1 (45.293311928372695,-73.63586789779015)
1 (45.6342508429446,-73.62532581246572)
1 (45.695015598183524,-73.47690723000203)
1 (45.63542361265174,-73.74935225435264)
1 (45.4532756057421,-73.66253645549966)
1 (45.6029308461354,-73.32570788423179)
1 (45.44176863394661,-73.6023606059325)
1 (45.46244262499945,-73.54001004717021)
1 (45.7334976042746,-73.46743497566199)
1 (45.463442992543136,-73.28255731135856)
1 (45.68675378918617,-73.25727559552391)
1 (45.6902965601064,-73.31216810622007)
1 (45.40897114823116,-73.28464326149981)
1 (45.70634163106116,-73.4041305632812)
1 (45.563941802251485,-73.6022560847622)
1 (45.45883292173121,-73.33429936871637)
1 (45.347725682864166,-73.35994048220319)
1 (45.56523228456733,-73.57041773207948)
1 (45.70907510275907,-73.52946133299027)
1 (45.73464706390794,-73.29516133234738)
1 (45.53130839476181,-73.36737728620875)
1 (45.352141251644085,-73.37319331744129)
1 (45.524305297852855,-73.40374781131548)
1 (45.66819542020707,-73.59668803493952)
1 (45.49765962173584,-73.64637399305298)
1 (45.59076724763713,-73.50032362655107)
1 (45.4990134776341,-73.57648550917203)
1 (45.273205127808765,-73.72766204305047)
1 (45.50521017402145,-73.38239181199548)
1 (45.527693317766115,-73.35612759693505)
1 (45.448141574802875,-73.73259579413798)
1 (45.57095769516266,-73.74746341677992)
1 (45.342028679827614,-73.72922396669061)
1 (45.72663698864227,-73.38458803469767)
1 (45.654362724842485,-73.50635744630951)
1 (45.46702524303914,-73.28419234055166)
1 (45.328847122292856,-73.74595346921264)
1 (45.575816969137364,-73.43720999049901)
1 (45.525419029426644,-73.6765279635085)
1 (45.25303715773607,-73.32646253244198)
1 (45.68979266970901,-73.39662462760364)
1 (45.66351435578322,-73.40232326943303)
1 (45.502954479391015,-73.62632697841738)
1 (45.25105539939874,-73.46316205102768)
1 (45.58965391018852,-73.73567499672173)
1 (45.60190660521722,-73.6876259051901)
1 (45.584171533081204,-73.62882844805907)
1 (45.74313662831718,-73.60047864585611)
1 (45.26150970812186,-73.27717466656888)
1 (45.50425227728193,-73.52276545682744)
1 (45.44263922935341,-73.39330878081589)
1 (45.45365914256409,-73.56048625933474)
1 (45.27354861106145,-73.42091992197645)
1 (45.44550477031608,-73.4237550367624)
1 (45.2595810367418,-73.6830976396363)
1 (45.47699292767335,-73.34058977026324)
1 (45.608907192016616,-73.68342784372729)
1 (45.36143316772888,-73.53602097674084)
1 (45.501970575113916,-73.69047828487514)
1 (45.66809079309594,-73.68812472464154)
1 (45.357355170114346,-73.3568791047845)
1 (45.46632816780073,-73.44787882805394)
1 (45.50876336289943,-73.7291843034493)
1 (45.63857874339627,-73.51940900614095)
1 (45.44265577284149,-73.59405546837614)
1 (45.39437151009994,-73.44123485980097)
1 (45.371592558575436,-73.68003974049154)
1 (45.62592383832247,-73.58754322539926)
1 (45.43442903753689,-73.29231915592396)
1 (45.394746747524074,-73.52130967323988)
1 (45.72125708418688,-73.50028935724988)
1 (45.6282574624711,-73.6782568140548)
1 (45.61834661593174,-73.52468075175304)
1 (45.53556957991532,-73.44218094328656)
1 (45.656330043706,-73.48216596808533)
1 (45.32243234436133,-73.48809667346086)
1 (45.623485872539135,-73.64100269708652)
1 (45.49671600431477,-73.31994211754638)
1 (45.67521557441491,-73.32124170324975)
1 (45.40789123446332,-73.7142551218513)
1 (45.53067161344831,-73.53738503653689)
1 (45.65662617370504,-73.30027397590491)
1 (45.59798240546837,-73.43011008696695)
1 (45.64392557827046,-73.26033423204301)
1 (45.51063342631424,-73.46678054782917)
1 (45.303162319888926,-73.62222586988607)
1 (45.58930207928164,-73.30794581102631)
1 (45.47290213493835,-73.33734328481934)
1 (45.66580686751548,-73.63888587698918)
1 (45.42359862862808,-73.29500357833199)
1 (45.518820128526876,-73.65148906733498)
1 (45.747035754645864,-73.61422621773862)
1 (45.374606533150065,-73.73235575385293)
1 (45.65382147111832,-73.47956066194266)
1 (45.520288071250796,-73.26800127120917)
1 (45.70128644774008,-73.44721602175474)
1 (45.56199921631482,-73.31738703306509)
1 (45.591817838947364,-73.54179007814133)
1 (45.735784706886854,-73.72573917668642)
1 (45.43995881353425,-73.59231290206387)
1 (45.44520519106324,-73.56171951248763)
1 (45.30553028602868,-73.61911309154034)
1 (45.35635454214686,-73.55249411505639)
1 (45.329582040051655,-73.6801830698826)
1 (45.4283558888171,-73.46810033006608)
1 (45.49015645935049,-73.417262222847)
1 (45.695391594872355,-73.66774330946338)
1 (45.315648456903,-73.60777516411092)
1 (45.44493584743963,-73.26625893950362)
1 (45.35497133204407,-73.32905519325314)
1 (45.656096646974206,-73.60896013461381)
1 (45.30578893827157,-73.37595087528729)
1 (45.67183735148216,-73.45743935030586)
1 (45.444750231786,-73.34195673753307)
1 (45.57933622061789,-73.48763016640847)
1 (45.38696318662277,-73.27742710233996)
1 (45.66385568479032,-73.38453674058036)
1 (45.725870856269566,-73.57622502310143)
1 (45.58323119604617,-73.48551996876397)
1 (45.269242966869626,-73.7143260394534)
1 (45.582453171837976,-73.57588507227425)
1 (45.39217239483731,-73.67043982765247)
1 (45.630803289316965,-73.57674534695893)
1 (45.47376658610626,-73.29963044532276)
1 (45.31762018601973,-73.4857427837064)
1 (45.47064975801985,-73.6062090226424)
1 (45.68700755794286,-73.53618614515477)
1 (45.407442528453636,-73.27184070445665)
1 (45.426661133632365,-73.62952331946275)
1 (45.4320612762169,-73.43885049660997)
1 (45.4514790223248,-73.6697942689978)
1 (45.59198060345947,-73.62713079496568)
1 (45.43873368490816,-73.48681743467523)
1 (45.63652770907813,-73.27584628538895)
1 (45.27832146293287,-73.57734193272124)
1 (45.43982849897001,-73.74829978367268)
1 (45.69896931670986,-73.4202541045338)
1 (45.56920095289689,-73.71986573400866)
1 (45.519266656215564,-73.63315698674265)
1 (45.59459206338817,-73.68481589965225)
1 (45.551003143952386,-73.73324693507357)
1 (45.44608039560788,-73.36815472928242)
1 (45.651532045860364,-73.74539211283388)
1 (45.478517286466804,-73.6132500789818)
1 (45.28174149551635,-73.36467290981179)
1 (45.395055094359975,-73.33508764534062)
1 (45.6767050192548,-73.32937491049701)
1 (45.31461224022141,-73.38239564065591)
1 (45.37719499192648,-73.59353049121148)
1 (45.542249945047786,-73.63967911188921)
1 (45.40198199066182,-73.30558560574393)
1 (45.51598697518839,-73.42237129564575)
1 (45.26320550977953,-73.50162370665538)
1 (45.458753888387804,-73.67485236293393)
1 (45.34009023371588,-73.3078093574844)
1 (45.45998959263491,-73.67200399631817)
1 (45.32989509194316,-73.31731936084148)
1 (45.54780837035147,-73.35026092929932)
1 (45.58922081003996,-73.6620099858527)
1 (45.28971659597968,-73.55378886917447)
1 (45.66366479735495,-73.63842400800928)
1 (45.5775340829146,-73.37546089834396)
1 (45.67930053286459,-73.57147200454489)
1 (45.51047560419518,-73.40072280145337)
1 (45.53557188099398,-73.40722774022632)
1 (45.68927421411145,-73.52523015774895)
1 (45.49593121186621,-73.31875785972841)
1 (45.273778571428835,-73.61430872711784)
1 (45.31991311531467,-73.38576163748554)
1 (45.33663220727572,-73.6038318877597)
1 (45.51832423359007,-73.6700271942659)
1 (45.366443725998735,-73.70802747706834)
1 (45.64184263253963,-73.25431557449004)
1 (45.73528231433614,-73.7000189460001)
1 (45.73255863054264,-73.54226510314486)
1 (45.547384183011566,-73.26557392990277)
1 (45.67785228164046,-73.33126354652538)
1 (45.528630879719096,-73.69957612984277)
1 (45.70649079390155,-73.3689661429758)
1 (45.4996615219896,-73.71815457020979)
1 (45.65794272666618,-73.28724317576828)
1 (45.49940666580285,-73.39719711319135)
1 (45.437643867444166,-73.47482105027446)
1 (45.290382309831344,-73.72014310503404)
1 (45.74331315731375,-73.60173634809064)
1 (45.28225822725646,-73.42449305383434)
1 (45.71040504842316,-73.6449530096221)
1 (45.35601584186618,-73.27739115981834)
1 (45.57839821465477,-73.38509783169708)
1 (45.65743642541565,-73.58592955274234)
1 (45.323858844166224,-73.44925040779275)
1 (45.65571112230598,-73.65749086464868)
1 (45.44107965646064,-73.56407881647941)
1 (45.630640443931505,-73.56948907695231)
1 (45.67658449150168,-73.25734283671032)
1 (45.260191211567474,-73.48628619937031)
1 (45.539901420919705,-73.30389214719507)
1 (45.629105042941525,-73.37385550878437)
1 (45.3197455244573,-73.2547672477971)
1 (45.268803092153696,-73.3099300238848)
1 (45.632115907486686,-73.41486623778158)
1 (45.269007543384156,-73.66891780264939)
1 (45.714799783015806,-73.64587134467664)
1 (45.57230124389816,-73.2767836361192)
1 (45.26138963819418,-73.3667343914854)
1 (45.274272483597265,-73.68138969158969)
1 (45.55715787445118,-73.60400066603225)
1 (45.60394291262199,-73.46845570574628)
1 (45.53899658382785,-73.40860661469996)
1 (45.25185208591904,-73.57234209326032)
1 (45.652118286897235,-73.40451668772829)
1 (45.34647328908473,-73.28427752672943)
1 (45.517327023997225,-73.66767059331217)
1 (45.653560657971155,-73.64844536238435)
1 (45.45440710334264,-73.55119246677589)
1 (45.48757873501598,-73.65851136599119)
1 (45.329540326086494,-73.47466881141833)
1 (45.37954115947477,-73.62371805056523)
1 (45.50765078764975,-73.58153295135914)
1 (45.74138612782223,-73.2645889369604)
1 (45.39418956054601,-73.53919867864951)
1 (45.60344187674011,-73.52357917520342)
1 (45.645109800801976,-73.61156666204288)
1 (45.478586442129526,-73.73567664491158)
1 (45.60864625182722,-73.47288250068087)
1 (45.52438146175718,-73.69800082603858)
1 (45.43800134388824,-73.55565567093753)
1 (45.432760807394544,-73.30586474088535)
1 (45.58015320104814,-73.53345426719825)
1 (45.375780475468694,-73.28555797322858)
1 (45.502739436789334,-73.33187083353666)
1 (45.3754870144583,-73.65127707208156)
1 (45.568333683417556,-73.337809991314)
1 (45.64613744255839,-73.34517236136605)
1 (45.40342020811706,-73.738479062167)
1 (45.2778046469451,-73.5853983233698)
1 (45.4379850570876,-73.6670685560786)
1 (45.591827620665775,-73.74734742412436)
1 (45.51088081771239,-73.5620894430296)
1 (45.60061708232725,-73.63791573955791)
1 (45.54598488902276,-73.36168999952058)
1 (45.74700265154787,-73.29169095864701)
1 (45.304659905880044,-73.3530053024216)
1 (45.48160828896358,-73.42137210012828)
1 (45.61113780219301,-73.6796979368163)
1 (45.26066910710917,-73.39252258005466)
1 (45.72918777087356,-73.67832888628145)
1 (45.71125263785533,-73.56492676844444)
1 (45.74079106399721,-73.36605321866007)
1 (45.51602416115052,-73.54936272126028)
1 (45.340534470556804,-73.53836555375638)
1 (45.51549594972542,-73.36952196339251)
1 (45.413047138851255,-73.55622552816148)
1 (45.612126425834894,-73.69410019474141)
1 (45.60504385976622,-73.50687454009008)
1 (45.28768571676773,-73.71375067685337)
1 (45.338401303078,-73.51200982535059)
1 (45.41298015019333,-73.3816349287235)
1 (45.33618174812374,-73.53071289523155)
1 (45.53732876065077,-73.6147236047625)
1 (45.7496323922965,-73.56263462101482)
1 (45.49411085319663,-73.66579309186325)
1 (45.38092632020998,-73.69941967954031)
1 (45.44825438160635,-73.72323159338467)
1 (45.29377486512944,-73.49920878405688)
1 (45.441710555188344,-73.37731120025964)
1 (45.292028872462495,-73.67028719807742)
1 (45.5637612043081,-73.40750066681152)
1 (45.32500027950325,-73.54555393487836)
1 (45.584430713732374,-73.3956862606942)
1 (45.347473057137265,-73.30946617231815)
1 (45.74132571949132,-73.45483643160726)
1 (45.52223638398616,-73.40346911035185)
1 (45.36290094198897,-73.38168863706036)
1 (45.40346079573193,-73.48465174626008)
1 (45.64445076054654,-73.2954547942257)
1 (45.38035174535015,-73.74547479386419)
1 (45.66705174605766,-73.3123348466202)
1 (45.69225279516364,-73.31989714008053)
1 (45.66423201462096,-73.52779582065092)
1 (45.74873434949529,-73.40308296246644)
1 (45.596319340774414,-73.53511671600373)
1 (45.30119205634285,-73.59810188184461)
1 (45.28822059511888,-73.39961759565405)
1 (45.71609196653726,-73.37364018128294)
1 (45.722810620214126,-73.43328414456693)
1 (45.694238319611884,-73.37172147139647)
1 (45.55916001727899,-73.27416701915183)
1 (45.26530265386666,-73.64379060955669)
1 (45.56250646532021,-73.66897817696997)
1 (45.262341572193826,-73.71724537340693)
1 (45.39117541372977,-73.4857244007847)
1 (45.74714343757525,-73.70260563183386)
1 (45.58458155804476,-73.34601127868933)
1 (45.51398290112208,-73.44399018253435)
1 (45.635993380129776,-73.36381863746307)
1 (45.346725221957556,-73.49242728041307)
1 (45.713918739134726,-73.30909170631494)
1 (45.64221058955342,-73.44275480924333)
1 (45.41677041817918,-73.58040998773647)
1 (45.34146221707747,-73.42047200237465)
1 (45.40689607522217,-73.67128888497253)
1 (45.329499810715426,-73.73488468942526)
1 (45.372108153767826,-73.34933722400926)
1 (45.574403833525295,-73.42924189633766)
1 (45.50552472823351,-73.53653653943601)
1 (45.276763791314,-73.6572917285299)
1 (45.577833427931154,-73.3823260833248)
1 (45.6917573008274,-73.49879017715044)
1 (45.700015863556345,-73.25897064400705)
1 (45.567844914135975,-73.49397695727474)
1 (45.539121442104765,-73.38085582381909)
1 (45.318429066667264,-73.32888770681545)
1 (45.554854514890025,-73.45589889674837)
1 (45.60581347148494,-73.73960273257595)
1 (45.27054005162367,-73.71818086344528)
1 (45.470413102994954,-73.32413759199788)
1 (45.678458780054356,-73.36619867511443)
1 (45.48240252055888,-73.55566144959195)
1 (45.60659325112105,-73.34080428944324)
1 (45.627854306568985,-73.38008466779227)
1 (45.74150228430911,-73.5209403462044)
1 (45.26690686905742,-73.35478742343447)
1 (45.51034212086141,-73.29370017417769)
1 (45.51761503432584,-73.3433666259531)
1 (45.67397802841359,-73.56803278809787)
1 (45.32587419881777,-73.32375908152714)
1 (45.2726812888388,-73.64858153424773)
1 (45.27917294249481,-73.3939539015609)
1 (45.496081993837976,-73.46768799177308)
1 (45.40991665006501,-73.57073818104547)
1 (45.619849039839174,-73.48951077535905)
1 (45.312678285337284,-73.47252491614302)
1 (45.362994305705925,-73.65050164849711)
1 (45.368970825647025,-73.45729292047236)
1 (45.37174910022055,-73.48514964985151)
1 (45.73299869714187,-73.25102383964905)
1 (45.52863624019864,-73.60494656611037)
1 (45.482334444707696,-73.55075192419848)
1 (45.418662479204535,-73.45194534958097)
1 (45.47857967668448,-73.51944749537695)
1 (45.55848128305637,-73.73607580046856)
1 (45.51480772065235,-73.50743585371762)
1 (45.408927160739566,-73.68754991378543)
1 (45.748948943070985,-73.73690840261216)
1 (45.746498134752116,-73.71223239389334)
1 (45.735267584825806,-73.5723136355223)
1 (45.665164060257005,-73.7287694815018)
1 (45.56969259532422,-73.37002085302157)
1 (45.31630404406218,-73.39156256591659)
1 (45.25900293133991,-73.2556300704256)
1 (45.471627178216266,-73.56334064639431)
1 (45.40873138246883,-73.51665687772922)
1 (45.61160638423472,-73.29512922954294)
1 (45.70013892623968,-73.62205181068919)
1 (45.50025618222076,-73.69983041003366)
1 (45.392725161761874,-73.6881188558291)
1 (45.60601073054653,-73.4684227788984)
1 (45.74547858997266,-73.50287845850761)
1 (45.268009502337854,-73.37495693560838)
1 (45.29743362458009,-73.49777586340566)
1 (45.68727350618585,-73.44806594325868)
1 (45.38608976713106,-73.31686579830603)
1 (45.643056033568925,-73.55262772104199)
1 (45.61086145329333,-73.37921048029015)
1 (45.29607730996536,-73.42550951548937)
1 (45.66796547263918,-73.56020786797228)
1 (45.542403653037034,-73.74399226311223)
1 (45.59301603706393,-73.331922933831)
1 (45.62440710828697,-73.57451612614557)
1 (45.4480860003019,-73.40122496716265)
1 (45.58854261976158,-73.55280592467862)
1 (45.381105854022145,-73.5676395539514)
1 (45.70360539368676,-73.38422853226206)
1 (45.267210607798056,-73.6903042221202)
1 (45.617681978905665,-73.72540202073475)
1 (45.314007644032024,-73.30527228093663)
1 (45.337184354546075,-73.71461958090568)
1 (45.57572723481501,-73.57063980141983)
1 (45.557157079343526,-73.35956886891941)
1 (45.27483052792681,-73.33757622630145)
1 (45.45847331848434,-73.66612070022572)
1 (45.67388804978182,-73.2503195250136)
1 (45.314586441918145,-73.3016288313789)
1 (45.47540517135103,-73.36755212876254)
1 (45.61817950284394,-73.73022559006112)
1 (45.3527591962156,-73.37130480825334)
1 (45.44635593449921,-73.63601603028457)
1 (45.731526063406804,-73.48764043372056)
1 (45.431940219298646,-73.5628662814899)
1 (45.3472127762823,-73.28585076149555)
1 (45.49800851728856,-73.54664981977731)
1 (45.402775213132465,-73.54975416982742)
1 (45.44294462932592,-73.59735816659916)
1 (45.337289125936955,-73.42591338324002)
1 (45.534117615066386,-73.70440070781892)
1 (45.2957551738235,-73.54919715360298)
1 (45.479703275805605,-73.58871107472872)
1 (45.35925769119076,-73.32609065623126)
1 (45.50022224198925,-73.7099457175899)
1 (45.4545595976411,-73.5205147143032)
1 (45.714043379451944,-73.55610313430263)
1 (45.61270439968242,-73.73564448819985)
1 (45.68440203621625,-73.4963100644526)
1 (45.387309584420976,-73.31832357058686)
1 (45.74940812161623,-73.46531441081972)
1 (45.27497381847483,-73.63015028804594)
1 (45.671070333699674,-73.47039188852511)
1 (45.40258371047791,-73.53116784629188)
1 (45.69453799529909,-73.36791708619461)
1 (45.55929420459611,-73.30832117502149)
1 (45.30456332293232,-73.54776710142383)
1 (45.35457000504406,-73.65144812881442)
1 (45.30261233787652,-73.58901910669049)
1 (45.377913482200846,-73.63455357818597)
1 (45.30510353292255,-73.61007112819838)
1 (45.720768076786236,-73.49947034506067)
1 (45.38092928756596,-73.43035821737175)
1 (45.59657437580529,-73.36274112310923)
1 (45.30471566266164,-73.2892543757741)
1 (45.56106923708222,-73.2746614292443)
1 (45.301202049893945,-73.73054317993281)
1 (45.49165675954933,-73.35190374563537)
1 (45.695672955925616,-73.3580084510696)
1 (45.532043094447644,-73.48199859102785)
1 (45.56554989128021,-73.49923904340241)
1 (45.64631536625735,-73.35917886635144)
1 (45.3090522377096,-73.3806597701148)
1 (45.255258433265844,-73.35669905024713)
1 (45.50826170502162,-73.71709351417405)
1 (45.64694100193241,-73.4707214724427)
1 (45.56597566340006,-73.65382771917291)
1 (45.46346673572825,-73.28521724415744)
1 (45.33841054816428,-73.26820097821238)
1 (45.56627332377428,-73.60606004116093)
1 (45.3691173826645,-73.34114396821316)
1 (45.47347639483089,-73.5955961685498)
1 (45.35339695356912,-73.34690140442525)
1 (45.34449342048795,-73.40645510315866)
1 (45.62705326974691,-73.58133007166103)
1 (45.65954555637699,-73.4652198922034)
1 (45.27849953859381,-73.5557107751836)
1 (45.30462423434662,-73.69280743579549)
1 (45.42903173960934,-73.72392995304746)
1 (45.72612214819577,-73.56901410346305)
1 (45.3125106290146,-73.28617993397735)
1 (45.6635669110391,-73.55366261388858)
1 (45.51274381278361,-73.7219943898571)
1 (45.703758680624986,-73.46614147136273)
1 (45.58453528922587,-73.34947889479574)
1 (45.52510135145875,-73.49885894899172)
1 (45.2926706458141,-73.58601425538502)
1 (45.7170304770502,-73.59823878066689)
1 (45.35203186849639,-73.69850323872453)
1 (45.46617892852934,-73.48936551859813)
1 (45.341586552319804,-73.67839941410928)
1 (45.69828499677923,-73.64724267167921)
1 (45.39517200356001,-73.45829970567837)
1 (45.45283559479617,-73.52885738713182)
1 (45.342795593720865,-73.50280016522481)
1 (45.346050711604576,-73.37585093301489)
1 (45.68759841456237,-73.35660767754155)
1 (45.44705348171366,-73.37757461208926)
1 (45.65568008130739,-73.51756798555986)
1 (45.251933470278374,-73.44866611485601)
1 (45.54865849797147,-73.5213135600521)
1 (45.69089910832425,-73.32401217817439)
1 (45.26213881165081,-73.37765276826856)
1 (45.74482854775708,-73.60706836245734)
1 (45.60719191563777,-73.4866148453848)
1 (45.27926631143571,-73.32498758317395)
1 (45.486493455266725,-73.38423294716787)
1 (45.626276533232506,-73.44586448701662)
1 (45.5319501724359,-73.62469076218473)
1 (45.25755201871694,-73.69963294646979)
1 (45.50644099876044,-73.29637588565191)
1 (45.59579107126729,-73.41475989427981)
1 (45.60872649715762,-73.59467644774378)
1 (45.60559310720466,-73.43785858372752)
1 (45.297630485275555,-73.5340250355356)
1 (45.28998668083191,-73.54270049602886)
1 (45.369274015362805,-73.27573738143415)
1 (45.594192219046505,-73.55883492983378)
1 (45.279442165818466,-73.67661087595707)
1 (45.48433480439695,-73.25813132540536)
1 (45.602090346318896,-73.52604110722318)
1 (45.62556095206154,-73.33003954128006)
1 (45.554547123739816,-73.53658263315427)
1 (45.63137608463517,-73.55321874652412)
1 (45.70014683252765,-73.48442301046046)
1 (45.294008337922044,-73.53241630965985)
1 (45.25982560042968,-73.46215731068297)
1 (45.53421704696411,-73.6150832289248)
1 (45.4256404706398,-73.50654302402498)
1 (45.52820282064645,-73.33219344238836)
1 (45.67122202117776,-73.39858337734331)
1 (45.57913943507804,-73.42208943947969)
1 (45.29684657716777,-73.70233028606818)
1 (45.301335845647806,-73.69490742054259)
1 (45.330114967881734,-73.6122155194477)
1 (45.57615012065524,-73.67824059622866)
1 (45.427150574446706,-73.4165124195495)
1 (45.52051520869767,-73.65217949365645)
1 (45.58378015343432,-73.35669768176271)
1 (45.38129985301567,-73.33372396714476)
1 (45.271336717912426,-73.36902641482249)
1 (45.33171621171977,-73.60679181333518)
1 (45.55752452898837,-73.63555104590128)
1 (45.59959893010248,-73.31465435771865)
1 (45.359212071915465,-73.54710802016086)
1 (45.70161889025751,-73.73661005237112)
1 (45.70106964971092,-73.59046402521207)
1 (45.29235792617751,-73.46006242193629)
1 (45.721643871789546,-73.31585645384497)
1 (45.2626592589467,-73.43289919026736)
1 (45.67676247120378,-73.41958091376596)
1 (45.73778156132919,-73.5391748379786)
1 (45.33908820313921,-73.58907130171974)
1 (45.53262285846408,-73.58357961359978)
1 (45.48219164632221,-73.60508627966261)
1 (45.418643896611975,-73.59703294107393)
1 (45.567688452714755,-73.2771585591305)
1 (45.745108613612935,-73.38697020839865)
1 (45.324787416338125,-73.60438183338935)
1 (45.53587297344331,-73.25149701501905)
1 (45.623021279299856,-73.60390261036783)
1 (45.6521912748405,-73.2565654625953)
1 (45.39098336361994,-73.5341527608724)
1 (45.471872935790834,-73.439682875778)
1 (45.32656853290309,-73.25890104119756)
1 (45.28561030756218,-73.25239324453904)
1 (45.27751796703833,-73.25162024822738)
1 (45.25241192141408,-73.48687769162943)
1 (45.44499306811908,-73.72745920799225)
1 (45.28781367667585,-73.34950039111376)
1 (45.477454238446064,-73.61227725862982)
1 (45.68090361540683,-73.74598197502024)
1 (45.57729668996067,-73.51474135100693)
1 (45.54918442416895,-73.72911284969088)
1 (45.43849546712289,-73.55840426223529)
1 (45.44391090504138,-73.43052452295815)
1 (45.66993828606125,-73.35597519394175)
1 (45.512778192903596,-73.65301715354492)
1 (45.33617522014833,-73.5676619087896)
1 (45.61169940622644,-73.63929730443078)
1 (45.36499019355891,-73.37950688811503)
1 (45.63289997818745,-73.35671031397011)
1 (45.32949980813265,-73.36605745189203)
1 (45.582669281953194,-73.44565696365073)
1 (45.511411230815796,-73.56450320241115)
1 (45.5988479733682,-73.27186485284517)
1 (45.69162116682858,-73.68458188102434)
1 (45.64549335773472,-73.29954012015325)
1 (45.29451408093115,-73.71009773164481)
1 (45.56015288419153,-73.2636558986967)
1 (45.33311844228496,-73.7138145218799)
1 (45.45778951855435,-73.36523900416074)
1 (45.563705542883255,-73.50777814744097)
1 (45.714640671292756,-73.44349722274549)
1 (45.36046636045016,-73.2857920573802)
1 (45.36515591014335,-73.29298459706526)
1 (45.56357752724834,-73.68381123819499)
1 (45.74564695772641,-73.49273307465633)
1 (45.43726843419318,-73.68743888265031)
1 (45.60939653794822,-73.29738388622323)
1 (45.3984270552868,-73.55350267653027)
1 (45.719711109332465,-73.30783273545364)
1 (45.34083321903539,-73.3848554892951)
1 (45.59976584248724,-73.29075840018851)
1 (45.68528329853225,-73.70408842845639)
1 (45.68107820621721,-73.65263457654308)
1 (45.731671718989595,-73.31276205674371)
1 (45.54606016855678,-73.69443058514935)
1 (45.47551983199199,-73.39805457500671)
1 (45.304337028631416,-73.37818662798313)
1 (45.27849402341418,-73.25839377091536)
1 (45.377384248776366,-73.42600518496991)
1 (45.65013026102912,-73.66368244938269)
1 (45.591522100435135,-73.64573035181446)
1 (45.406283406664315,-73.74414502934745)
1 (45.49542085362638,-73.43569227873415)
1 (45.61874524229791,-73.4146160727253)
1 (45.72500799911355,-73.46337475397645)
1 (45.56002584851326,-73.68825928028184)
1 (45.536031791797086,-73.53971897800533)
1 (45.277469107231354,-73.315248638804)
1 (45.31252405376409,-73.72200737788157)
1 (45.50167330025808,-73.49786136055239)
1 (45.43801829006854,-73.67387660533709)
1 (45.305614246288414,-73.48372495996318)
1 (45.38561743512859,-73.29098938395744)
1 (45.28291861350459,-73.62362929211095)
1 (45.74286893281462,-73.56525030782036)
1 (45.50641118306306,-73.49935674010047)
1 (45.63789299378367,-73.60918134390928)
1 (45.66136045282052,-73.48040228655111)
1 (45.67432331328534,-73.69517782661943)
1 (45.52177278330986,-73.55624762799482)
1 (45.51435771272757,-73.58184678637429)
1 (45.3526361874829,-73.51302198079692)
1 (45.67157940912273,-73.30148442471001)
1 (45.37619038270205,-73.47992477147285)
1 (45.388198082047886,-73.46898024565509)
1 (45.6361008935188,-73.56170362723836)
1 (45.67497293484711,-73.54304086886144)
1 (45.42984023739854,-73.69877394121507)
1 (45.68631845934853,-73.32560679432471)
1 (45.45663070340927,-73.55623427265728)
1 (45.587956747099156,-73.32469118867905)
1 (45.44597824142329,-73.63707489626161)
1 (45.44996851127919,-73.42959983001668)
1 (45.29012848191871,-73.44329460824706)
1 (45.464208372835145,-73.65559725403509)
1 (45.60270110259212,-73.37143404139306)
1 (45.44178793768117,-73.50756413072004)
1 (45.66531000954028,-73.62620159585012)
1 (45.59369392625079,-73.28904694213303)
1 (45.40415211843045,-73.26741114157778)
1 (45.53559649546168,-73.44433087811257)
1 (45.35934886436095,-73.57136852663976)
1 (45.286516339344736,-73.26677284240144)
1 (45.57124968048737,-73.68813699092472)
1 (45.25025756468889,-73.53661168932902)
1 (45.40995809070465,-73.61077950188628)
1 (45.278376235226744,-73.36582825928635)
1 (45.617016510653755,-73.74171896897106)
1 (45.41394330009666,-73.72635842002764)
1 (45.71148661066385,-73.344775286332)
1 (45.306473395159074,-73.32106755427054)
1 (45.43658800748416,-73.40923125880911)
1 (45.570129539710884,-73.62437567111817)
1 (45.58760885058281,-73.42444714010988)
1 (45.5296771223589,-73.57127752385875)
1 (45.3669774937888,-73.27008672321185)
1 (45.361648524962085,-73.5097328327953)
1 (45.35818536351436,-73.36793585912744)
1 (45.59179341257189,-73.65200686603309)
1 (45.29667683662746,-73.41658716483255)
1 (45.25412765242507,-73.36552258706487)
1 (45.54287279677872,-73.43993262612543)
1 (45.25175729777509,-73.73314042074182)
1 (45.5301702644994,-73.52444900016569)
1 (45.585142345077934,-73.38651272848368)
1 (45.46906122779012,-73.49867860058399)
1 (45.629578224590155,-73.67426524065107)
1 (45.73743974482758,-73.42110112922381)
1 (45.55041111793474,-73.26923813861879)
1 (45.6767170049383,-73.58976030044639)
1 (45.741866867292735,-73.34587524850316)
1 (45.44353986201537,-73.36855184062776)
1 (45.36336102652722,-73.47007984472742)
1 (45.63770924707562,-73.44099736483149)
1 (45.625771292878646,-73.33946140692593)
1 (45.63832043623934,-73.65262179856067)
1 (45.44939162151835,-73.49187798698767)
1 (45.432198127221135,-73.38771982893601)
1 (45.475150665730816,-73.56453421291603)
1 (45.71137496109212,-73.4453397910955)
1 (45.661165482439365,-73.63462565085797)
1 (45.64966298599893,-73.63273161578176)
1 (45.3378146589421,-73.60562552107184)
1 (45.542293044359674,-73.28229814106025)
1 (45.62625347245943,-73.52079033301636)
1 (45.40714854570828,-73.62025720837096)
1 (45.547656651804786,-73.58731644446895)
1 (45.701294829463954,-73.37176489480957)
1 (45.4634629622681,-73.5808099937322)
1 (45.50230721466375,-73.67816833729)
1 (45.690508854444566,-73.67033822176978)
1 (45.34032571224053,-73.32734925420803)
1 (45.72917685578087,-73.55931051254997)
1 (45.343815681922095,-73.4577876063465)
1 (45.52754746518698,-73.67679304905485)
1 (45.4796893492086,-73.29101752738113)
1 (45.580031922792784,-73.47759151131372)
1 (45.42674384046303,-73.575565842851)
1 (45.42507605006285,-73.71754154517508)
1 (45.52029714161788,-73.28825619392458)
1 (45.26326421541116,-73.36292729808217)
1 (45.74545436187519,-73.73593013610686)
1 (45.46451511965556,-73.5698039198932)
1 (45.436612254759595,-73.53217908818164)
1 (45.67104994300731,-73.43022994439143)
1 (45.66161077807513,-73.48959942895036)
1 (45.531426260334754,-73.42802165144937)
1 (45.73036639780431,-73.26837559057698)
1 (45.32016977995844,-73.27662120098657)
1 (45.36987240428664,-73.6566644433655)
1 (45.30739874665045,-73.52602645597166)
1 (45.35012741247803,-73.62729660337432)
1 (45.74332481328185,-73.5244603501611)
1 (45.72885411899563,-73.31872896520315)
1 (45.713626764689636,-73.50356359005991)
1 (45.40679578035521,-73.32597521947254)
1 (45.40343221991645,-73.72337458434116)
1 (45.34992921217327,-73.65940922059978)
1 (45.48000557922581,-73.26521619818303)
1 (45.64010828706992,-73.43587914745503)
1 (45.36722876526971,-73.69683913943868)
1 (45.4614532988563,-73.30748831324674)
1 (45.63857450996796,-73.45477774249294)
1 (45.71622680048697,-73.30869134329608)
1 (45.59951038042317,-73.39385367202782)
1 (45.69098759505873,-73.7120225556875)
1 (45.36513497150837,-73.54311926022291)
1 (45.56149046446408,-73.626816228589)
1 (45.364335756877715,-73.68126209024213)
1 (45.533099489773974,-73.45369660046443)
1 (45.71787176637606,-73.40259832608601)
1 (45.56240929877461,-73.42040800157905)
1 (45.34452221995709,-73.3872624503814)
1 (45.39531869886582,-73.27172417821524)
1 (45.44680556914541,-73.61605672188625)
1 (45.5869773913379,-73.26771799990769)
1 (45.715761957586416,-73.28165405834527)
1 (45.73982704264058,-73.46059143422205)
1 (45.67290489904037,-73.64345357527449)
1 (45.40738376645891,-73.2705581764202)
1 (45.53668675753098,-73.55336837670659)
1 (45.463459972711476,-73.66593958483232)
1 (45.36068561956658,-73.3441808245751)
1 (45.729199141301386,-73.27167727813891)
1 (45.44120931863609,-73.7208307834094)
1 (45.28359806503611,-73.48388394858368)
1 (45.633126132226536,-73.72810799885816)
1 (45.657116628219086,-73.6558468083806)
1 (45.7444693003291,-73.28570006230105)
1 (45.52252637749548,-73.6430660324742)
1 (45.60272636618027,-73.68340308450176)
1 (45.552324405179604,-73.4514535670114)
1 (45.69871227650734,-73.31553239208698)
1 (45.30784017574268,-73.42373571703432)
1 (45.517538637774244,-73.30417638173715)
1 (45.36158879561012,-73.32439566627852)
1 (45.26042964258894,-73.51591677724734)
1 (45.33147466864474,-73.34316036592783)
1 (45.645998641988456,-73.3159942677079)
1 (45.623125485601676,-73.43107888054203)
1 (45.3550875934216,-73.72762884769145)
1 (45.434937350178,-73.51165758708895)
1 (45.44938457149343,-73.47230967640348)
1 (45.47933730117501,-73.47231017146666)
1 (45.25077346297012,-73.65934977324893)
1 (45.413320741837325,-73.43854881012412)
1 (45.71573251733364,-73.66985623062486)
1 (45.65149653803995,-73.66488542208555)
1 (45.27708727153156,-73.54149728310357)
1 (45.55567383812178,-73.44233029895199)
1 (45.4540363443693,-73.40605283261714)
1 (45.45645000950654,-73.72266798660239)
1 (45.25060689433343,-73.26171560704903)
1 (45.564310254047776,-73.69435856697008)
1 (45.47256007255864,-73.5764656671535)
1 (45.57042489066147,-73.31395521227891)
1 (45.593254700989036,-73.41757121318871)
1 (45.62063134372495,-73.30034711547002)
1 (45.690090968388525,-73.48537443488122)
1 (45.37001354309444,-73.3369295887026)
1 (45.254894105742494,-73.59700125954154)
1 (45.49004223306634,-73.69897129495163)
1 (45.35396137381,-73.31748968403231)
1 (45.305415431815746,-73.729991520594)
1 (45.67648379974637,-73.57206156339548)
1 (45.683539151151976,-73.53187819888218)
1 (45.46366755521792,-73.69386823339822)
1 (45.38601422551736,-73.40877061414217)
1 (45.655118101579134,-73.46652109155237)
1 (45.31854584313024,-73.51439849013363)
1 (45.323913484347216,-73.31007330507678)
1 (45.48336822534638,-73.29661221598242)
1 (45.59728136488357,-73.33284963746993)
1 (45.44657754230817,-73.71125693925914)
1 (45.27590790440543,-73.5296265871335)
1 (45.28169225432145,-73.2903362102888)
1 (45.27164459993651,-73.44914579647829)
1 (45.7403103327439,-73.49657872012821)
1 (45.28074263429225,-73.68079878880593)
1 (45.330909148835566,-73.37806495093123)
1 (45.297732542328845,-73.52155193115337)
1 (45.55763422725546,-73.35248811914664)
1 (45.6536802816865,-73.67978574075525)
1 (45.28234893594727,-73.50091708457556)
1 (45.73178906852135,-73.35270312254103)
1 (45.52526802685254,-73.5355967371087)
1 (45.37317955999518,-73.47831686748943)
1 (45.51217378202414,-73.62536427951187)
1 (45.73616938889554,-73.41175684774285)
1 (45.40951397730619,-73.51567795539178)
1 (45.51348622720812,-73.70874293917578)
1 (45.46260705348567,-73.36804761236407)
1 (45.44358682493283,-73.6165504801402)
1 (45.666730531007055,-73.4658244884953)
1 (45.47461786027918,-73.27464987408773)
1 (45.65604426601043,-73.38985060883988)
1 (45.252542567613666,-73.51343321493187)
1 (45.69110127080524,-73.45838607403161)
1 (45.308570553858246,-73.51004556968444)
1 (45.46212438588902,-73.65102567949806)
1 (45.41526634660448,-73.41531950508596)
1 (45.40227797243161,-73.39598396198275)
1 (45.56557561170857,-73.405166663953)
1 (45.32283939772358,-73.49417099512102)
1 (45.40449620988365,-73.43351079292069)
1 (45.44047622354672,-73.5818992580562)
1 (45.70923449472222,-73.27195196286806)
1 (45.26576032275852,-73.39685447933957)
1 (45.67042563767234,-73.71383239517182)
1 (45.36160141582974,-73.70913191333872)
1 (45.27436000818676,-73.59722952128045)
1 (45.66045783673661,-73.6106819295703)
1 (45.52414584386943,-73.56263253910322)
1 (45.349983509527156,-73.42242717293742)
1 (45.566351906534024,-73.70666425092509)
1 (45.29819560078449,-73.27860615625423)
1 (45.50891176080251,-73.52319019517653)
1 (45.591298420401166,-73.48256654030288)
1 (45.325935132917486,-73.73751284541947)
1 (45.499974405792955,-73.49727385715873)
1 (45.74555947481257,-73.33807885657325)
1 (45.57325446202514,-73.43721989483471)
1 (45.40808862225465,-73.29323301142726)
1 (45.58300522516974,-73.66620732907337)
1 (45.36340347809908,-73.60803289990974)
1 (45.706621667289085,-73.57765589769562)
1 (45.64899295586149,-73.52799376978095)
1 (45.640689488771606,-73.3406176628811)
1 (45.252941783739935,-73.33286359920695)
1 (45.28418230657852,-73.33560733461006)
1 (45.71982496395335,-73.28413381201283)
1 (45.71618440094724,-73.67964648335692)
1 (45.50169698991626,-73.39497149078545)
1 (45.4201807356887,-73.64958834058386)
1 (45.39122730709437,-73.28061464256085)
1 (45.57463167882785,-73.45683298770926)
1 (45.49952149299334,-73.42100208291656)
1 (45.7378504997822,-73.70496055392694)
1 (45.25728132285964,-73.72551558523071)
1 (45.40412773123717,-73.47460322873198)
1 (45.324694864707155,-73.33219179043927)
1 (45.697597068595535,-73.32704470120592)
1 (45.59281108311046,-73.60061733575195)
1 (45.400513389862255,-73.59957847481341)
1 (45.647141753295315,-73.26895085348049)
1 (45.58341417763181,-73.68157494735615)
1 (45.64284692206993,-73.74112100117375)
1 (45.316061417947765,-73.5104995144392)
1 (45.510098036974554,-73.45023024342291)
1 (45.29011193075279,-73.31179243434882)
1 (45.268076533335986,-73.70854954263147)
1 (45.67713972561578,-73.62556383056767)
1 (45.47655380194505,-73.40321939348914)
1 (45.678934791644316,-73.41647528676332)
1 (45.495111668776644,-73.3298785138008)
1 (45.50092866981088,-73.55097253859144)
1 (45.25180093665367,-73.3739215372942)
1 (45.39414761584314,-73.64820160824341)
1 (45.64539871253303,-73.65094281413013)
1 (45.46627035679659,-73.26748377857083)
1 (45.51841361274798,-73.60415371997777)
1 (45.65816778746929,-73.5861426615056)
1 (45.34160112954736,-73.42716651680644)
1 (45.618728165015405,-73.64676974975065)
1 (45.344989783454416,-73.53551811253145)
1 (45.68782169058304,-73.41268278195548)
1 (45.31528198361045,-73.64966256877581)
1 (45.31493464093189,-73.26437392530892)
1 (45.654981735119264,-73.375891779614)
1 (45.4993034861783,-73.69816325855832)
1 (45.564714647280404,-73.47974916572917)
1 (45.73630572862595,-73.35106557946997)
1 (45.36694396048156,-73.33898152774451)
1 (45.494414458259165,-73.57304671339358)
1 (45.53664973102908,-73.33992990857381)
1 (45.42719978750433,-73.59938840707424)
1 (45.44252625903132,-73.74249083142982)
1 (45.34566100804492,-73.44179906825308)
1 (45.63086655885882,-73.28438424255191)
1 (45.4375990422477,-73.41720007343909)
1 (45.70354052301216,-73.52544574351246)
1 (45.322789421914436,-73.26778598361508)
1 (45.45133711716335,-73.6470154233631)
1 (45.27539216895591,-73.59499956028498)
1 (45.40442890208004,-73.62022656750375)
1 (45.328335436255806,-73.33348042994581)
1 (45.352830628986595,-73.34010272379369)
1 (45.498335546124764,-73.72883941750733)
1 (45.671461883408384,-73.48985223916628)
1 (45.534766989327935,-73.255278541156)
1 (45.45678705670771,-73.55160468189969)
1 (45.40077178128456,-73.6156193209071)
1 (45.544994162790424,-73.51606424353918)
1 (45.64079796350773,-73.40722043624125)
1 (45.435287413359816,-73.46416041344575)
1 (45.37518339583642,-73.7125583772113)
1 (45.486106511978306,-73.29875701839582)
1 (45.38945125215024,-73.28291298384508)
1 (45.48694920423716,-73.49383579337233)
1 (45.65365976110126,-73.62764255786992)
1 (45.33396172270073,-73.30230159954677)
1 (45.615449271085076,-73.69995128145518)
1 (45.55357497213063,-73.42166132410208)
1 (45.25935564867983,-73.48284452042158)
1 (45.32520287357676,-73.65930949250523)
1 (45.714509865271545,-73.62613586494976)
1 (45.45138219706557,-73.66600871525013)
1 (45.623019141686804,-73.36691233674969)
1 (45.41172185508141,-73.31738365631286)
1 (45.55212600258206,-73.28178240157814)
1 (45.71564257231078,-73.31885291431803)
1 (45.444667474848195,-73.46952439074693)
1 (45.738126447209346,-73.58940325994331)
1 (45.4544071046534,-73.54742078896047)
1 (45.58255888145561,-73.44396649745202)
1 (45.505488576102124,-73.36360693863286)
1 (45.26523400047624,-73.542889458434)
1 (45.5485603657972,-73.58118055102614)
1 (45.65720752440098,-73.51009332748346)
1 (45.26004656104261,-73.27761152366197)
1 (45.6509198249144,-73.53899868897648)
1 (45.345590010492025,-73.4251593826952)
1 (45.44137479412666,-73.70714836970569)
1 (45.66386937380411,-73.5745488614014)
1 (45.624648497889744,-73.60669060373041)
1 (45.582792806920864,-73.25507171559634)
1 (45.52011519422456,-73.2684903975166)
1 (45.316496576132195,-73.52957632398561)
1 (45.71701605011023,-73.71261746369187)
1 (45.46862769394414,-73.30247419760349)
1 (45.33085966436713,-73.29731472797532)
1 (45.62506550431491,-73.37293565070362)
1 (45.33063140084048,-73.36228171177513)
1 (45.59753792465372,-73.35386493240769)
1 (45.56390211173393,-73.47021254431391)
1 (45.318513829247934,-73.44003791274277)
1 (45.26366493091215,-73.34300894804424)
1 (45.42730369938198,-73.60595342033534)
1 (45.36809213419187,-73.36594398643066)
1 (45.267476780286344,-73.64549259413789)
1 (45.4223924341595,-73.29428273095613)
1 (45.336503374661845,-73.53139796094727)
1 (45.66056220286725,-73.54247159993348)
1 (45.689956989924845,-73.37287764911223)
1 (45.58406258546432,-73.66598846852948)
1 (45.40466156746376,-73.28430751450963)
1 (45.46431749165341,-73.36030128378152)
1 (45.44784520878349,-73.74704731962744)
1 (45.69641603565454,-73.50011311014835)
1 (45.68266200651225,-73.54980481639834)
1 (45.3225161556309,-73.42517742022619)
1 (45.26436999322713,-73.63077477076963)
1 (45.32518413360467,-73.34644742980319)
1 (45.34600351333799,-73.61694767819809)
1 (45.46326865945119,-73.398179114758)
1 (45.31755441020455,-73.56252624210703)
1 (45.485895642827685,-73.4978379355784)
1 (45.74847705800022,-73.32930524348107)
1 (45.513783871979165,-73.29626448680517)
1 (45.28975803672416,-73.72716373166804)
1 (45.721319382126,-73.60553527441996)
1 (45.518842149201,-73.44248625496039)
1 (45.6876902190464,-73.2813097787034)
1 (45.57838218306831,-73.42637292930185)
1 (45.410870952699945,-73.6101857981889)
1 (45.468080522352416,-73.29291597806915)
1 (45.49436011352445,-73.31069026466055)
1 (45.49781668794353,-73.39061348685055)
1 (45.42331176067838,-73.29901345433169)
1 (45.69980544864825,-73.55715893079248)
1 (45.6440655634149,-73.39744974586233)
1 (45.42770618859183,-73.64938826366424)
1 (45.349068374535214,-73.67473866344835)
1 (45.44140461007477,-73.25608395676963)
1 (45.447793255396356,-73.6031055277609)
1 (45.48761415073018,-73.55162863861307)
1 (45.67350034067469,-73.6967811421984)
1 (45.73849475537879,-73.53316887717563)
1 (45.63554721941619,-73.26113585568245)
1 (45.44316275133344,-73.40299257555664)
1 (45.37744466428751,-73.33029353871588)
1 (45.280266309170244,-73.61124132917978)
1 (45.641967092370315,-73.30419648500337)
1 (45.67372663463203,-73.561872462644)
1 (45.57636497817751,-73.71357282779843)
1 (45.74829592193479,-73.70695275454436)
1 (45.533090254097004,-73.44311347006453)
1 (45.65675883923065,-73.71090955769125)
1 (45.43443358058415,-73.62939607599623)
1 (45.70640518156247,-73.55728244790953)
1 (45.37308584255208,-73.32069886669996)
1 (45.54882686083993,-73.39581181041532)
1 (45.7148745323386,-73.34082788521891)
1 (45.674143626904765,-73.58736852029404)
1 (45.45478884316041,-73.638436406472)
1 (45.56843709264804,-73.29827214336541)
1 (45.45289572988285,-73.727045964799)
1 (45.65147412377879,-73.62396261657749)
1 (45.442862307639835,-73.62908380396195)
1 (45.51072568605528,-73.58478385429747)
1 (45.362538341930275,-73.52973194318926)
1 (45.48723876255711,-73.43380525366963)
1 (45.60341592336943,-73.62323878128524)
1 (45.34909402536963,-73.54815018830521)
1 (45.713771515121074,-73.3955742901907)
1 (45.60898339364151,-73.74121878577024)
1 (45.41890900722477,-73.33291559411458)
1 (45.50386685546139,-73.63348478343158)
1 (45.54116065821995,-73.27543009953523)
1 (45.256718963684484,-73.25421468833665)
1 (45.51216600711625,-73.35017878947771)
1 (45.48305131185397,-73.31550007160155)
1 (45.67043722883589,-73.61569273310484)
1 (45.48819769062551,-73.6034121336349)
1 (45.428332663384374,-73.73388143037327)
1 (45.72527485872138,-73.66888028272089)
1 (45.67429835083781,-73.65241210268854)
1 (45.34828228883489,-73.47306476183302)
1 (45.448601073475366,-73.4325542380746)
1 (45.599980283686726,-73.34853613005667)
1 (45.49376424232546,-73.49371459428396)
1 (45.71998636066301,-73.57849244542358)
1 (45.73453156245668,-73.66649289089031)
1 (45.64495596723379,-73.57153793277712)
1 (45.586421629592266,-73.55106933261388)
1 (45.49976397569836,-73.51921496211027)
1 (45.72679967357633,-73.26709007553781)
1 (45.7462794303396,-73.56752403397492)
1 (45.58788132437991,-73.25494780204063)
1 (45.3646267440217,-73.41208446707789)
1 (45.34719626710715,-73.34645936971113)
1 (45.59075233716194,-73.33938151219529)
1 (45.59777795732218,-73.36542367428527)
1 (45.52366634888038,-73.58371356429589)
1 (45.6777090305041,-73.54539770473593)
1 (45.3459051240278,-73.45099595166046)
1 (45.32664013801016,-73.5632596542435)
1 (45.47156068488292,-73.47649603541373)
1 (45.41551328753294,-73.48273333415649)
1 (45.647649263918595,-73.43386713882714)
1 (45.46495907555441,-73.38202830978948)
1 (45.386641868886095,-73.29751676885279)
1 (45.5277004205742,-73.40410621733476)
1 (45.6006554233798,-73.27938767026029)
1 (45.260783784789815,-73.41681361862817)
1 (45.44110404988276,-73.31464818234615)
1 (45.65457196884941,-73.40322754646597)
1 (45.621535554578514,-73.35858125377844)
1 (45.41717110943939,-73.62004032102222)
1 (45.41592928878776,-73.57912964800386)
1 (45.43532751188256,-73.46366552353138)
1 (45.57990702669972,-73.4860975574685)
1 (45.54581850484323,-73.36997777792595)
1 (45.63810952756246,-73.72892703061542)
1 (45.55497447172434,-73.44420405226252)
1 (45.31741704429565,-73.72026057106466)
1 (45.53820787489904,-73.37246520356078)
1 (45.3827429223007,-73.4021690606088)
1 (45.436287976779624,-73.50582130635135)
1 (45.74980529659148,-73.36596733801458)
1 (45.34058851385362,-73.33140536311996)
1 (45.50758242933122,-73.66495758904767)
1 (45.62564887233699,-73.35333510347623)
1 (45.38208318594479,-73.52223381038588)
1 (45.74412725760211,-73.69857325073427)
1 (45.71261505679542,-73.7328483678553)
1 (45.54658811377314,-73.53976184148715)
1 (45.691907493780214,-73.39118488237648)
1 (45.42655398826674,-73.68828703582714)
1 (45.442249644678334,-73.64029946597643)
1 (45.41986542263993,-73.45643595984778)
1 (45.46122685827369,-73.44028535830725)
1 (45.60663071219547,-73.61748779671599)
1 (45.572691492619334,-73.38738404289684)
1 (45.27391069865182,-73.50693677581005)
1 (45.26127905994364,-73.38460875067295)
1 (45.29777209810768,-73.50677512469726)
1 (45.65208179161292,-73.4680644002423)
1 (45.594455885242375,-73.33786955038525)
1 (45.42101719512545,-73.33094080941615)
1 (45.272145915319186,-73.25294538196769)
1 (45.585980182651184,-73.55932419306356)
1 (45.287185859938766,-73.37454770436813)
1 (45.434043050136204,-73.30051465937373)
1 (45.471581217795574,-73.55857961093766)
1 (45.28576837234138,-73.52545568800204)
1 (45.25223603604682,-73.28462299849956)
1 (45.3841255884681,-73.72217433157678)
1 (45.726612553778764,-73.67922772555181)
1 (45.422553042868564,-73.26679888661268)
1 (45.494365168664636,-73.36771063155196)
1 (45.59438275578407,-73.36276378514546)
1 (45.26998829633002,-73.42373616471265)
1 (45.55414617632642,-73.31722949417077)
1 (45.31763124895769,-73.74405604434608)
1 (45.33020484660474,-73.53653796331565)
1 (45.65597117709419,-73.7182656197955)
1 (45.51770084079643,-73.46969243675548)
1 (45.27839875247063,-73.59029034995555)
1 (45.510997320810716,-73.31039305857051)
1 (45.32175925646393,-73.41954590831702)
1 (45.60558069603442,-73.58407802987126)
1 (45.695505270695165,-73.54532131594371)
1 (45.510821421882724,-73.29671274275485)
1 (45.652355259711925,-73.43791469887807)
1 (45.66704121771573,-73.60673747532284)
1 (45.64141568363572,-73.28440665125099)
1 (45.25301057813576,-73.50062716089128)
1 (45.5352126277538,-73.60568711846518)
1 (45.40330078261389,-73.70593461451655)
1 (45.46319204787857,-73.63445654965429)
1 (45.42884077868239,-73.56348173887406)
1 (45.51598626798905,-73.60140303291254)
1 (45.748579855808295,-73.30253096135542)
1 (45.50710729457629,-73.47861241005494)
1 (45.29533299851362,-73.61931251062724)
1 (45.29171618624475,-73.61549881926753)
1 (45.35468628445976,-73.65020059644887)
1 (45.345730736764466,-73.57314854023011)
1 (45.632265905410556,-73.35612495902379)
1 (45.40277202624739,-73.31795069280808)
1 (45.32172479396306,-73.49447206873928)
1 (45.43131380452288,-73.27474361156746)
1 (45.563476777789056,-73.74877313203146)
1 (45.60988685038468,-73.5634362100141)
1 (45.44250898531354,-73.71489412095906)
1 (45.72430378760594,-73.55116910727693)
1 (45.572528966773476,-73.30523609171215)
1 (45.56760803544564,-73.64456108102209)
1 (45.35325376185856,-73.72962189700779)
1 (45.470813970526855,-73.5234411404439)
1 (45.66782395453612,-73.54308831970481)
1 (45.53049359102378,-73.27869795384314)
1 (45.60812648799641,-73.31672088352218)
1 (45.42787818931495,-73.66248291049453)
1 (45.27723600319719,-73.28796119269798)
1 (45.45338199406395,-73.38898421074136)
1 (45.3202347968173,-73.381485090991)
1 (45.46031788573145,-73.638344535791)
1 (45.57734778532331,-73.26079225955534)
1 (45.47206353803848,-73.61502545767931)
1 (45.63662938277693,-73.57406662610546)
1 (45.55804986325167,-73.69502705036469)
1 (45.58736483758245,-73.29565919890706)
1 (45.37568150257461,-73.36385184035976)
1 (45.43989981188113,-73.53671335068655)
1 (45.44766286902791,-73.29895759680302)
1 (45.48278718761506,-73.4049954608167)
1 (45.307191153194914,-73.58667383424267)
1 (45.29394141352584,-73.43491159634077)
1 (45.5970910832063,-73.68416262192471)
1 (45.708916096262236,-73.28398427389595)
1 (45.55320473170642,-73.3419844744287)
1 (45.27647146901027,-73.3017307829229)
1 (45.53721258393248,-73.29218585766435)
1 (45.59927423913365,-73.72092809225744)
1 (45.409550584735584,-73.58055493728385)
1 (45.46587283164785,-73.59966683172564)
1 (45.549201141365636,-73.47979816574737)
1 (45.329017258480036,-73.25539015995264)
1 (45.73387441585637,-73.46287024225592)
1 (45.474943010953865,-73.27928115814525)
1 (45.391459151990844,-73.7425459130924)
1 (45.65841491622094,-73.30090524120814)
1 (45.421611103106656,-73.3945521161428)
1 (45.549126904262785,-73.4889323321832)
1 (45.36496007027429,-73.57718490809337)
1 (45.54647999888452,-73.32405627233824)
1 (45.66665479539377,-73.34031565787801)
1 (45.37181133863963,-73.46489698664209)
1 (45.640828443249426,-73.48104668020204)
1 (45.33982292591337,-73.54671390541623)
1 (45.4930557184086,-73.35200695412681)
1 (45.34425946115204,-73.50617713960695)
1 (45.39898548412079,-73.46138398022667)
1 (45.366810513841585,-73.51323572565931)
1 (45.66907176490234,-73.62126825023088)
1 (45.73276315154308,-73.31329055204829)
1 (45.45168856987035,-73.30274247375736)
1 (45.39210659820278,-73.73942206418059)
1 (45.739902826833294,-73.74237780816843)
1 (45.700591625756786,-73.34534125361039)
1 (45.65079258777714,-73.7154053747484)
1 (45.51167303645462,-73.53502527374482)
1 (45.54043620128293,-73.74581108214451)
1 (45.367314236718315,-73.72466678664082)
1 (45.5025613556476,-73.36295798049234)
1 (45.69330895396703,-73.46660940780811)
1 (45.67433109097852,-73.3380702875993)
1 (45.663075704150735,-73.59335943936036)
1 (45.53885725300908,-73.64201894069807)
1 (45.292806454611416,-73.30255701774088)
1 (45.5707702891777,-73.6583291022826)
1 (45.3704018655119,-73.70095794744869)
1 (45.61853706827151,-73.4621851436761)
1 (45.500800929943864,-73.65702012399844)
1 (45.355207349148984,-73.73743951185203)
1 (45.371114064349506,-73.37760687906575)
1 (45.45788232204454,-73.64923713057469)
1 (45.30039406558532,-73.4246121096664)
1 (45.39543706350804,-73.71984744551129)
1 (45.740930324037095,-73.42198030551882)
1 (45.313892157296706,-73.46965183498843)
1 (45.64062765271471,-73.47263745430917)
1 (45.509317736182986,-73.2839643817838)
1 (45.45933133750744,-73.30826679005581)
1 (45.369266874004666,-73.64946965201474)
1 (45.65588643366295,-73.43265623908798)
1 (45.44547305364199,-73.57154152895994)
1 (45.62726959603475,-73.49151258384221)
1 (45.49291023995733,-73.63556251114588)
1 (45.38630790698475,-73.30818015108714)
1 (45.373301877969034,-73.3115936001258)
1 (45.71029955729689,-73.46561977475503)
1 (45.67477879319873,-73.72235005765442)
1 (45.57927744393078,-73.49029704820012)
1 (45.74362403291666,-73.6994190592578)
1 (45.44970713479097,-73.60329637118308)
1 (45.55890610758676,-73.54201063548618)
1 (45.277086675224524,-73.64802080133782)
1 (45.50629017827888,-73.46626362359781)
1 (45.709216539218545,-73.68225517450065)
1 (45.62343032263348,-73.2912340980878)
1 (45.52083337713198,-73.33516338962957)
1 (45.29608393684543,-73.45017396212292)
1 (45.64985272038626,-73.37695831437051)
1 (45.68145291282942,-73.44256308430325)
1 (45.62564085670668,-73.53052606596172)
1 (45.32324434320327,-73.3535884908087)
1 (45.2505373322047,-73.3702042446636)
1 (45.50155685233113,-73.56337002791051)
1 (45.607275158330374,-73.70320650519439)
1 (45.329936849427256,-73.74821205921394)
1 (45.31699657736476,-73.6138542641415)
1 (45.47181245196298,-73.74051631069003)
1 (45.46523802810203,-73.36981876357734)
1 (45.599000893595935,-73.26272149986556)
1 (45.74655885054895,-73.64299518460038)
1 (45.35609872266403,-73.4837408089696)
1 (45.65241379800793,-73.48542301013408)
1 (45.62630218794306,-73.26384877909297)
1 (45.441420473426966,-73.72283525905107)
1 (45.316568628012526,-73.35582450058247)
1 (45.68634845052583,-73.38496179520533)
1 (45.693017915120336,-73.71638880647217)
1 (45.38795754832652,-73.4826300857662)
1 (45.50108624759693,-73.45257809533577)
1 (45.48223880580374,-73.36699980574518)
1 (45.69918291115066,-73.28267860055023)
1 (45.54466203383886,-73.56593540332912)
1 (45.61946395682109,-73.73069952356428)
1 (45.61271007343996,-73.38656399549548)
1 (45.74482487826107,-73.5970948270328)
1 (45.30628028159147,-73.70148373465885)
1 (45.55732781255046,-73.55654817508622)
1 (45.324459863741794,-73.69888087199372)
1 (45.570016955769255,-73.52611647788548)
1 (45.436732089018676,-73.47398159025502)
1 (45.70143924646164,-73.72388277901511)
1 (45.26684674775251,-73.6708078844196)
1 (45.590175554376934,-73.5994996143994)
1 (45.48838830247166,-73.44912429667079)
1 (45.275301110215906,-73.56360973851349)
1 (45.51250157640831,-73.35175586932378)
1 (45.387931748516436,-73.67311109540904)
1 (45.350285297444834,-73.68212512692938)
1 (45.60887640156171,-73.64358891897605)
1 (45.57503956243293,-73.27089918159456)
1 (45.64790416563142,-73.25896800882151)
1 (45.69285430693009,-73.5140558324206)
1 (45.39124751804637,-73.4315435807932)
1 (45.25395136140862,-73.30247070239928)
1 (45.64570181232426,-73.33302995488778)
1 (45.701743734686076,-73.43529521201424)
1 (45.58004437861781,-73.66912148871033)
1 (45.261751241313114,-73.31593831047797)
1 (45.5274845266568,-73.30629069448462)
1 (45.618312681479125,-73.6703827769488)
1 (45.26646952429227,-73.580154071473)
1 (45.713460394421816,-73.70285991539372)
1 (45.74140958966899,-73.71971643377185)
1 (45.729373690697685,-73.51357432977159)
1 (45.41974816936496,-73.41116033967305)
1 (45.683503715558174,-73.74721373224948)
1 (45.60729239029332,-73.59857720261462)
1 (45.57376287806707,-73.31939622904126)
1 (45.55983145217545,-73.6771426478275)
1 (45.66009781374426,-73.6810009225532)
1 (45.635809293024565,-73.276718646564)
1 (45.25831559715266,-73.4274954598174)
1 (45.53218102454285,-73.36072102723145)
1 (45.35220883082878,-73.64191714290473)
1 (45.33357092662293,-73.37632068606008)
1 (45.40082580165301,-73.67608209165837)
1 (45.68346304634309,-73.68765304523201)
1 (45.4291578751228,-73.62489021186845)
1 (45.355393912825136,-73.50369020991445)
1 (45.34256703637905,-73.53326123297627)
1 (45.36197972806902,-73.47678601804708)
1 (45.397952170508646,-73.39428055218892)
1 (45.49009926451717,-73.5966346031878)
1 (45.39795348986678,-73.25055119385513)
1 (45.29166648412007,-73.4374884843472)
1 (45.44842041823079,-73.69854133931668)
1 (45.59116540901356,-73.73396284811126)
1 (45.53391891013465,-73.3178848730493)
1 (45.49348301475099,-73.66260779280158)
1 (45.72122995401896,-73.5041352704467)
1 (45.68856421863362,-73.59266131481712)
1 (45.49659179790662,-73.3743911445977)
1 (45.55302623413999,-73.44000069963045)
1 (45.57886433558796,-73.34050480680537)
1 (45.64310792598846,-73.61329091719729)
1 (45.52784471979009,-73.60425310703432)
1 (45.65819316506537,-73.38068382563951)
1 (45.58463911080254,-73.72289271770686)
1 (45.329635145981754,-73.30915255321486)
1 (45.43929621160922,-73.52194019787318)
1 (45.455722235466574,-73.73665086505358)
1 (45.51983417430913,-73.4948098871482)
1 (45.460364213488965,-73.52976781418634)
1 (45.43634298399758,-73.42611087616052)
1 (45.400440616816006,-73.65640343660311)
1 (45.39402051880196,-73.30694715558458)
1 (45.284741816574,-73.3642216774689)
1 (45.70980089672544,-73.67648290184992)
1 (45.396046140160486,-73.5012423760486)
1 (45.528659904209576,-73.32432820608297)
1 (45.52711512303217,-73.74491419314708)
1 (45.43773272306462,-73.3229679706719)
1 (45.65125177621079,-73.7203664835312)
1 (45.419055217441645,-73.6285002265173)
1 (45.54855557010836,-73.68726791268114)
1 (45.46504069755446,-73.49136765502298)
1 (45.300120637917985,-73.6578254839561)
1 (45.704729811288615,-73.65655932347576)
1 (45.34416228793645,-73.47593809618837)
1 (45.553402192571994,-73.30492751012859)
1 (45.46041997992813,-73.53937403125809)
1 (45.703313963917964,-73.39380749032402)
1 (45.61217350163748,-73.48307239044033)
1 (45.71912643883885,-73.4960461432676)
1 (45.52882194846312,-73.26227388355933)
1 (45.58801649051463,-73.41183810136947)
1 (45.256213834194014,-73.6791669956207)
1 (45.301510609190935,-73.73743630275365)
1 (45.636779507590305,-73.48609077086977)
1 (45.413759719289786,-73.71884669359231)
1 (45.307005769356394,-73.2720661284108)
1 (45.529273214270944,-73.59703463172379)
1 (45.315905448165815,-73.39753311586799)
1 (45.322055941636634,-73.2639639743608)
1 (45.37487331218231,-73.2846516616119)
1 (45.47764307359054,-73.395957132254)
1 (45.54668275267709,-73.39737936410589)
1 (45.379703351217074,-73.31240798423468)
1 (45.36936606548728,-73.25676982610214)
1 (45.43368189630381,-73.62379715249006)
1 (45.48933438245714,-73.33254080477845)
1 (45.631379838802935,-73.28325211858062)
1 (45.3473317113786,-73.631941888865)
1 (45.31241861965485,-73.44056279702694)
1 (45.32068056305564,-73.27130673153424)
1 (45.571212460215165,-73.5166060525879)
1 (45.47576520183221,-73.26440556250193)
1 (45.39137369217811,-73.66955055459889)
1 (45.72581176462452,-73.69481890269883)
1 (45.36340094791,-73.31200643359568)
1 (45.72076258415478,-73.3570341754502)
1 (45.25605132667959,-73.56045216624786)
1 (45.71840557603779,-73.35282209450767)
1 (45.26697330334772,-73.4548140314171)
1 (45.49890779136777,-73.51568036204354)
1 (45.47397791380297,-73.47699144235078)
1 (45.588515323151164,-73.40673765084104)
1 (45.34475156129612,-73.32241448996889)
1 (45.652420312179935,-73.48049119360367)
1 (45.639864662186824,-73.53838802559638)
1 (45.40165887951581,-73.35810695344283)
1 (45.66160588613888,-73.5370193448144)
1 (45.73439209666172,-73.46974164753564)
1 (45.55947275659991,-73.61894494612764)
1 (45.59803561308383,-73.63545154102724)
1 (45.30207516212164,-73.50686427483991)
1 (45.71544153405729,-73.44673320523006)
1 (45.46475884301576,-73.48505680575325)
1 (45.36569959311985,-73.58759697634362)
1 (45.66243209977,-73.57260145011298)
1 (45.34811297433145,-73.49530456142698)
1 (45.27787932945364,-73.72393546352117)
1 (45.5865172877034,-73.50650709647138)
1 (45.59727115079758,-73.3506828361089)
1 (45.550349603810155,-73.36450126192116)
1 (45.56663137487739,-73.49335021974501)
1 (45.27873772329967,-73.6776757044371)
1 (45.62569709355082,-73.74053137223349)
1 (45.29436796397282,-73.61795113677992)
1 (45.45890873087876,-73.49667914353371)
1 (45.5850034075639,-73.33112250506353)
1 (45.52719276384782,-73.43729681404774)
1 (45.61226227765741,-73.69849240928288)
1 (45.408750721943996,-73.46256872345464)
1 (45.47963002783507,-73.74104013825193)
1 (45.28224367777406,-73.66699320555149)
1 (45.454666488031926,-73.59360140363435)
1 (45.33156224963355,-73.28349836344567)
1 (45.49398298434031,-73.59713920573971)
1 (45.43779802501739,-73.73581481936021)
1 (45.26380246144043,-73.66216664597604)
1 (45.25108310274839,-73.34254693713416)
1 (45.38377912446833,-73.64573821531498)
1 (45.60263988733868,-73.36042742309864)
1 (45.747242166344975,-73.55815630782757)
1 (45.725684715857774,-73.43265800836015)
1 (45.28714153224231,-73.47364525284873)
1 (45.402753926067234,-73.62103175827436)
1 (45.46371212673484,-73.56172580510929)
1 (45.4465723416123,-73.54770080812685)
1 (45.547235653668764,-73.68287820554323)
1 (45.351759680064625,-73.25399610858129)
1 (45.45726828632446,-73.50331252795168)
1 (45.5254709915587,-73.69962365400721)
1 (45.49831486168743,-73.57927063360457)
1 (45.716493587660985,-73.37585489977565)
1 (45.30116928016312,-73.34126435425843)
1 (45.614372987945465,-73.29099680909704)
1 (45.639003536507666,-73.37300987159428)
1 (45.58281675107277,-73.60547002553511)
1 (45.5377763878135,-73.32854917927256)
1 (45.62492555946708,-73.44724163418167)
1 (45.741645865639114,-73.26415444549205)
1 (45.45172674679583,-73.42615197927931)
1 (45.62580815354616,-73.57909195392503)
1 (45.44003636441397,-73.58784287001916)
1 (45.57154842077591,-73.66117760651659)
1 (45.320851474405835,-73.50453757204443)
1 (45.63127794398192,-73.7192864008854)
1 (45.635275221439045,-73.3908409518359)
1 (45.514944600358064,-73.65558388519717)
1 (45.33140318707239,-73.55802104444348)
1 (45.52344243235444,-73.68522805383094)
1 (45.35264996493573,-73.67990126371788)
1 (45.539509237113045,-73.25064542576526)
1 (45.68567093836266,-73.73753563220201)
1 (45.56208921649502,-73.60121575532597)
1 (45.594334947382,-73.63825709715792)
1 (45.536251291763385,-73.7173052017987)
1 (45.66512937629945,-73.3674822331133)
1 (45.387491682646456,-73.55006818804736)
1 (45.328929774094654,-73.6288233592779)
1 (45.716612868873206,-73.32529375025324)
1 (45.704242182579335,-73.25960227588078)
1 (45.54935919927351,-73.42080258592408)
1 (45.42782688588051,-73.27477771675507)
1 (45.36360266600934,-73.57250647638561)
1 (45.60003821830109,-73.69259144986813)
1 (45.3361108312079,-73.39422229305859)
1 (45.57426581717263,-73.32990621724623)
1 (45.36079194690371,-73.41068822258173)
1 (45.562538461768405,-73.52425135524597)
1 (45.39080067692161,-73.50196020896479)
1 (45.41265239868633,-73.74301015257001)
1 (45.54800124292473,-73.34047226907845)
1 (45.436111945003375,-73.27797584058928)
1 (45.725022851628715,-73.56952482151794)
1 (45.33072087746933,-73.69567108995696)
1 (45.57750576551109,-73.62382023980044)
1 (45.54683873355672,-73.42036893467791)
1 (45.36712446115314,-73.7288959443823)
1 (45.392117323963625,-73.26767092130939)
1 (45.569587834458616,-73.73691018933384)
1 (45.255958115272904,-73.4217912475871)
1 (45.506054473778576,-73.56121672992671)
1 (45.561982190920105,-73.2593638009014)
1 (45.491264330790344,-73.56151945229175)
1 (45.42448016553076,-73.56663167704018)
1 (45.61717670463293,-73.30512911537211)
1 (45.49311030065121,-73.57529695184603)
1 (45.30701721460504,-73.68794928149886)
1 (45.61903870188083,-73.35510142549575)