2300 2300
101 (45.5,-73.5)
1 (45.68137512157192,-73.4412993886652)
1 (45.26526639740874,-73.44837696216561)
1 (45.57535554504279,-73.57753811329508)
1 (45.51406386638058,-73.71334699630295)
1 (45.73377937046454,-73.33868083438186)
1 (45.59523425452486,-73.65887881528789)
1 (45.29003675591535,-73.70781031129701)
1 (45.57035240442807,-73.60367924517804)
1 (45.60343891883494,-73.52306032124325)
1 (45.66017759603807,-73.27759411561662)
1 (45.38977551610656,-73.69830730514829)
1 (45.69511371075711,-73.50171518886339)
1 (45.330273756741434,-73.50343569841571)
1 (45.3018909677283,-73.33741576517464)
1 (45.48526835669885,-73.2901479495203)
1 (45.71356996098899,-73.5822296509472)
1 (45.37062982660459,-73.4667708435512)
1 (45.50451847083101,-73.71265568980438)
1 (45.477361943171076,-73.42736503852106)
1 (45.60718820196344,-73.33051336102378)
1 (45.32776729595383,-73.52667535267386)
1 (45.66331881000421,-73.36039265113156)
1 (45.36519340931698,-73.56306479704828)
1 (45.598622700617405,-73.6710346206999)
1 (45.56860990068362,-73.58655557703372)
1 (45.28705453529056,-73.45314690296419)
1 (45.66813067220763,-73.68845623581579)
1 (45.28844562207467,-73.58020128301249)
1 (45.71308328279916,-73.25278398585722)
1 (45.40158361299873,-73.3071787171571)
1 (45.510340917604594,-73.45779728472147)
1 (45.67374415417577,-73.52501990171801)
1 (45.60737069552873,-73.60843380225944)
1 (45.54723164110533,-73.38570748173471)
1 (45.541815402389716,-73.65730455030761)
1 (45.50366219753997,-73.4444490838662)
1 (45.51741391410104,-73.53312556714752)
1 (45.38752258705649,-73.53134833297227)
1 (45.49467870753901,-73.64107351139931)
1 (45.5519647868174,-73.36524367487583)
1 (45.40398777349361,-73.6295327534688)
1 (45.571846411999,-73.45706328127318)
1 (45.29861046527199,-73.73205615885895)
1 (45.51170335849806,-73.61908687285498)
1 (45.26567627948364,-73.69209309680888)
1 (45.61964145559508,-73.39992348334378)
1 (45.30420783173956,-73.46114285256441)
1 (45.34205990800105,-73.50280705412058)
1 (45.66107836785575,-73.52847271626462)
1 (45.71866996407695,-73.71697978814123)
1 (45.288116732607214,-73.39239527861437)
1 (45.52244826689471,-73.59847614216389)
1 (45.64657166415453,-73.31932967297057)
1 (45.454964661772365,-73.57753823517264)
1 (45.53876001506083,-73.65747749220999)
1 (45.29395062120227,-73.34518650690785)
1 (45.49096212139576,-73.57692407373162)
1 (45.61702465562502,-73.28113747243394)
1 (45.44649067887818,-73.69733170197352)
1 (45.59316729675259,-73.32930314827162)
1 (45.653347809893496,-73.63812141556913)
1 (45.34183869587558,-73.60552501471037)
1 (45.646998256763524,-73.58414590408775)
1 (45.508558010761746,-73.63498812481151)
1 (45.63552497876039,-73.5023361556986)
1 (45.49531399674555,-73.46392903013015)
1 (45.391796542665325,-73.67166012259965)
1 (45.71435276089138,-73.47179409693737)
1 (45.44526438384181,-73.6999622958786)
1 (45.304688614212694,-73.5259228178374)
1 (45.44462063769179,-73.69685809232608)
1 (45.462110346078575,-73.6711237629345)
1 (45.53178621398282,-73.25183798427543)
1 (45.38550570020426,-73.33117851938931)
1 (45.42756165017991,-73.33109137539799)
1 (45.33500274626248,-73.51835223982947)
1 (45.67976156195954,-73.65529083065071)
1 (45.43072757441734,-73.30040725282072)
1 (45.66576706796139,-73.55368273670517)
1 (45.594903485687745,-73.26240906674687)
1 (45.47316859688548,-73.70731096409382)
1 (45.45456782505918,-73.42278230511337)
1 (45.704534815281136,-73.59605552713434)
1 (45.577358009469435,-73.51961684181748)
1 (45.56533173832694,-73.35039865204078)
1 (45.60861958460777,-73.27414243417732)
1 (45.2976293886658,-73.57943625376478)
1 (45.714514365737706,-73.6635833528237)
1 (45.616471612683675,-73.6016333123608)
1 (45.712858046599244,-73.39527198686213)
1 (45.29064789420826,-73.34417683632022)
1 (45.391092070309895,-73.66794398540036)
1 (45.38509434911398,-73.50051093469314)
1 (45.26909536581699,-73.43455485802846)
1 (45.44826439919211,-73.34374374766755)
1 (45.463467606395774,-73.74375140681249)
1 (45.58454788007642,-73.38609652302274)
1 (45.3494660935708,-73.33429909032996)
1 (45.39918045404953,-73.35142065314494)
1 (45.396954365503326,-73.48830932030376)
1 (45.741073814943235,-73.68903876566742)
1 (45.37752128671574,-73.71502899444941)
1 (45.49761013424674,-73.60277171298239)
1 (45.60135532186294,-73.63724714275105)
1 (45.41468264488984,-73.29899354093982)
1 (45.4445092744608,-73.48704170492346)
1 (45.52512757357439,-73.37191208436626)
1 (45.66986660789087,-73.38663262041106)
1 (45.26918065007509,-73.44300326721617)
1 (45.42842147121149,-73.59352493581574)
1 (45.28170520060131,-73.35463277623494)
1 (45.35140993655772,-73.62691906785618)
1 (45.60267647965836,-73.38537895526999)
1 (45.30838108911156,-73.66453298175772)
1 (45.73977075780248,-73.60642662805031)
1 (45.71147219091971,-73.30552424861082)
1 (45.57489563038165,-73.6346317369092)
1 (45.69195303794481,-73.73611771744147)
1 (45.56011128159199,-73.65846219682867)
1 (45.56153020490954,-73.50983772042143)
1 (45.49263096190091,-73.71800097736913)
1 (45.69795307840387,-73.56391147344542)
1 (45.39345202963947,-73.30955265522641)
1 (45.36213878369849,-73.73745350348355)
1 (45.63965715794516,-73.45912553315873)
1 (45.46233440835357,-73.43545872401646)
1 (45.51653873859194,-73.46716629497442)
1 (45.42976034162919,-73.6954249653399)
1 (45.26243764774183,-73.56940532614193)
1 (45.65972968476572,-73.26059340881054)
1 (45.47655103094143,-73.28552574218185)
1 (45.40241397133723,-73.34533880684978)
1 (45.44795168444533,-73.73859991848654)
1 (45.558226798788745,-73.59415881303873)
1 (45.54267534298429,-73.72384269859508)
1 (45.54422228108303,-73.28600506902087)
1 (45.254970046578634,-73.2852110096677)
1 (45.74995629859545,-73.62036678704293)
1 (45.38866536025079,-73.52273490927627)
1 (45.5939341007594,-73.4405598402127)
1 (45.58510729391812,-73.30219577485182)
1 (45.3250688184508,-73.50309335268284)
1 (45.55521814236109,-73.47187256939296)
1 (45.48750104714428,-73.38977781074551)
1 (45.404978764434546,-73.60855789506763)
1 (45.381680434719755,-73.3814073546236)
1 (45.36599401681837,-73.71690070294545)
1 (45.4097862388538,-73.56839141775393)
1 (45.55579043371042,-73.69236313516001)
1 (45.38936419922374,-73.6646292150819)
1 (45.596108457222854,-73.72868461063925)
1 (45.25548322234573,-73.41621331381171)
1 (45.51168978246831,-73.70572630875752)
1 (45.54876596810623,-73.65621652835065)
1 (45.316923909933536,-73.43292518422464)
1 (45.70432318708694,-73.45085940508136)
1 (45.57320573030046,-73.44731666133805)
1 (45.414922586626155,-73.4107735201327)
1 (45.46596994484881,-73.37319095726865)
1 (45.74064863926828,-73.60386883861214)
1 (45.6071058445642,-73.64292832063363)
1 (45.67686058901778,-73.60348107447604)
1 (45.31581954159584,-73.65541379026357)
1 (45.57243171276338,-73.53701836707964)
1 (45.568998916061105,-73.70966292368966)
1 (45.611053574418655,-73.56624433471445)
1 (45.64074990542648,-73.29689502651011)
1 (45.52981507437325,-73.53062742961208)
1 (45.67001096517811,-73.56427106609476)
1 (45.35131631742148,-73.51985474139359)
1 (45.505015806648686,-73.47786903530583)
1 (45.64825381439475,-73.4106512242598)
1 (45.673862945197094,-73.41119964916858)
1 (45.74271377052606,-73.40646324909066)
1 (45.721563588296725,-73.56867108690993)
1 (45.2663361417189,-73.35635844975441)
1 (45.43567808351672,-73.32089185630554)
1 (45.672063132531314,-73.60166178999899)
1 (45.65501394390277,-73.68055614426473)
1 (45.593361233519154,-73.30539063821143)
1 (45.418847183372215,-73.28388673367898)
1 (45.39260700230776,-73.66046975226239)
1 (45.667741688304034,-73.36321589964955)
1 (45.32675230087935,-73.54799996131398)
1 (45.55127982307166,-73.30126518473479)
1 (45.485435810616856,-73.62652230623746)
1 (45.63288052276527,-73.44704048851034)
1 (45.52438294847518,-73.47726238320244)
1 (45.40736973435637,-73.44698924564564)
1 (45.725237687253326,-73.30875758136202)
1 (45.56308097637276,-73.40317206335466)
1 (45.56189499769251,-73.3370629941791)
1 (45.32700238258548,-73.71268160389168)
1 (45.74295378853888,-73.30489946347764)
1 (45.52884967026565,-73.46939695425317)
1 (45.63008589227445,-73.68465053628816)
1 (45.70793289996723,-73.32039216380895)
1 (45.50291729087218,-73.42603289980097)
1 (45.66529800097933,-73.66492331198984)
1 (45.35244384470464,-73.65955773508814)
1 (45.332862554724464,-73.56389850578738)
1 (45.73705420574863,-73.55156865648004)
1 (45.69112834848839,-73.69209118019431)
1 (45.727908756737015,-73.52568461631516)
1 (45.71754175468005,-73.6140871807954)
1 (45.60372394255801,-73.31889431534738)
1 (45.48868599090557,-73.59806171740988)
1 (45.72893710580717,-73.32834147763344)
1 (45.59122786873258,-73.59896272044051)
1 (45.46377807632215,-73.42700845108124)
1 (45.418904775544874,-73.44453265326624)
1 (45.50994896112061,-73.38304846692871)
1 (45.74582585353202,-73.64383116640721)
1 (45.291415101394314,-73.70843483871631)
1 (45.669974791635155,-73.60852665873233)
1 (45.306235116262144,-73.68788859007789)
1 (45.61503986824292,-73.43220504791043)
1 (45.36240954260071,-73.49871350978087)
1 (45.563559993809655,-73.71229965873907)
1 (45.72840266230923,-73.72621114062892)
1 (45.56986405469481,-73.7229766743357)
1 (45.48729344698984,-73.70776569699129)
1 (45.367394032833445,-73.55541580812546)
1 (45.28243692496346,-73.50148225138942)
1 (45.54174047581736,-73.63440662327545)
1 (45.68206832592145,-73.37242928834078)
1 (45.28808248483835,-73.29703617782438)
1 (45.57045799655086,-73.52107960878693)
1 (45.709712482792284,-73.38047425015463)
1 (45.294025857508174,-73.34446196089841)
1 (45.44293930711874,-73.51146786106558)
1 (45.25225005835128,-73.32082810077992)
1 (45.612901522446,-73.5201371927871)
1 (45.72525522170134,-73.64330861888013)
1 (45.73468604330869,-73.61502055768813)
1 (45.472641370205075,-73.49707331624762)
1 (45.674635591985165,-73.65504661882484)
1 (45.52141546371555,-73.37793016102218)
1 (45.67784156501577,-73.53721724575696)
1 (45.58481338735292,-73.58808976722088)
1 (45.74955740102777,-73.3862652229694)
1 (45.718350754358376,-73.51699032475274)
1 (45.3506306603902,-73.38440616621395)
1 (45.62461685537989,-73.52162068110155)
1 (45.43004039960319,-73.71553474798436)
1 (45.464126887080326,-73.66169767317051)
1 (45.271239580805194,-73.7188206291751)
1 (45.61597313832869,-73.72034627521056)
1 (45.47324081775553,-73.45163992834476)
1 (45.55906698834482,-73.35059943134796)
1 (45.62224657673012,-73.45113381917564)
1 (45.41243885809596,-73.33207738688954)
1 (45.33511378229141,-73.55741581310171)
1 (45.681364606044816,-73.30062405542853)
1 (45.372055604753086,-73.71955532031627)
1 (45.40501202194536,-73.42647128581433)
1 (45.422721697284764,-73.74794515445657)
1 (45.69085240961072,-73.36366953533371)
1 (45.467161426824326,-73.50351618470951)
1 (45.55125770507547,-73.3750666274269)
1 (45.301162950154456,-73.52549299371128)
1 (45.528504394590065,-73.35303417671331)
1 (45.39407402663175,-73.59498961163152)
1 (45.305831453900446,-73.50643428846237)
1 (45.71644917090548,-73.71172508266088)
1 (45.35424998553117,-73.26898683687799)
1 (45.53473061260916,-73.42549393784394)
1 (45.6574784956078,-73.5032411738627)
1 (45.420659013217296,-73.41275717896218)
1 (45.690677926225824,-73.32777334172076)
1 (45.36422330012627,-73.62182488355627)
1 (45.60258695317892,-73.38302357586656)
1 (45.41069676320125,-73.72758195412761)
1 (45.46520828781335,-73.57335618130114)
1 (45.66467061942662,-73.53856392958195)
1 (45.51037305085386,-73.27946733475406)
1 (45.31698371843345,-73.3854205415024)
1 (45.46831050987816,-73.72618414031838)
1 (45.55406089343364,-73.390409691928)
1 (45.459776654512325,-73.6159911994969)
1 (45.30341062445863,-73.37254548150035)
1 (45.370345793867216,-73.29828889036652)
1 (45.25389568787036,-73.4823791358432)
1 (45.253144979215506,-73.63843080543056)
1 (45.464879211954376,-73.48412198342332)
1 (45.56461189434473,-73.37900532313253)
1 (45.644461426241826,-73.41092562595021)
1 (45.436782916414,-73.64861967092433)
1 (45.33376092431066,-73.61161431701855)
1 (45.729168318211286,-73.37061254339703)
1 (45.28155736094978,-73.4840204793979)
1 (45.28344783169312,-73.655664373121)
1 (45.73160106135332,-73.45130442818791)
1 (45.62502030150521,-73.32819242393306)
1 (45.67350787760477,-73.48324514904428)
1 (45.316867080669645,-73.53671066607481)
1 (45.32739638053777,-73.6944692381007)
1 (45.2732394658798,-73.43300253312911)
1 (45.742287394585546,-73.26594061792483)
1 (45.583356425462306,-73.67399747411719)
1 (45.388774310560926,-73.63476404422391)
1 (45.278599446143026,-73.50366035605856)
1 (45.51758595039516,-73.58046122514881)
1 (45.50061732740388,-73.40999553495439)
1 (45.33740189694882,-73.50335832233465)
1 (45.69230440212951,-73.32443563099724)
1 (45.73764358067607,-73.34257947095068)
1 (45.73879133194455,-73.53742770355775)
1 (45.34495266064485,-73.71737132195113)
1 (45.431388821775094,-73.44494780779317)
1 (45.655681581158845,-73.49608889810465)
1 (45.71384971885517,-73.41596768017511)
1 (45.330959336419355,-73.60215392188529)
1 (45.39736651748806,-73.48056528990276)
1 (45.47575887389082,-73.45565177251821)
1 (45.39839638408538,-73.68241409529249)
1 (45.34888083976334,-73.52296397071524)
1 (45.561707017796394,-73.31780357453074)
1 (45.46688152459065,-73.50493864158612)
1 (45.279962279122095,-73.39613683780952)
1 (45.471711388108986,-73.73658159750705)
1 (45.41071744635479,-73.50401892661117)
1 (45.42919352789213,-73.39810635528508)
1 (45.42186937047824,-73.33659238416907)
1 (45.41346002445697,-73.6484117958154)
1 (45.26740816852211,-73.47569471224266)
1 (45.31107709831304,-73.28766171427203)
1 (45.70674229242017,-73.54470523449649)
1 (45.74782861453937,-73.53562081472091)
1 (45.632920010745465,-73.65461701613941)
1 (45.400990401173296,-73.47675740819759)
1 (45.467745867905194,-73.57491206075214)
1 (45.71041644266379,-73.6718533581856)
1 (45.315091575105576,-73.31623661283167)
1 (45.64287104697961,-73.3689672706618)
1 (45.33762660005725,-73.29966562452391)
1 (45.695779563049044,-73.6640775995961)
1 (45.73674441328137,-73.50951408381522)
1 (45.74893334683113,-73.36358758480421)
1 (45.27063617131629,-73.48319533395886)
1 (45.68567304297387,-73.68710454711449)
1 (45.44126443700213,-73.68254492314108)
1 (45.408687514527365,-73.3195114398783)
1 (45.31741522022758,-73.71632114355818)
1 (45.469804079460594,-73.67632907590573)
1 (45.43805754903738,-73.54326158383232)
1 (45.51800884646049,-73.58572295103357)
1 (45.35791538457758,-73.67911795318207)
1 (45.645424375409405,-73.41423903992703)
1 (45.65545766690172,-73.55950932624552)
1 (45.47708518045737,-73.47145820481946)
1 (45.622437862216266,-73.57322709450449)
1 (45.507089641421196,-73.32123979052373)
1 (45.39366532821579,-73.37779263822478)
1 (45.73107056407056,-73.4040798581183)
1 (45.45586652670136,-73.44061196068171)
1 (45.56291450119143,-73.63634058529787)
1 (45.29529484500975,-73.31498927070496)
1 (45.3522734446595,-73.3977122194942)
1 (45.40517373362011,-73.46055462451972)
1 (45.53865090140605,-73.54825002450384)
1 (45.47610831139427,-73.45232863998547)
1 (45.58770727078292,-73.33068367733472)
1 (45.33527694785668,-73.69169024385914)
1 (45.355918091680394,-73.71242724803217)
1 (45.58351439835784,-73.73593148759458)
1 (45.42083187312306,-73.40482343415766)
1 (45.403324405891574,-73.60087623729866)
1 (45.69591235370332,-73.46463588494926)
1 (45.67541029599491,-73.3632077538565)
1 (45.32131364484792,-73.53465934067928)
1 (45.34648771615864,-73.59569299544798)
1 (45.384924623358465,-73.41654744767584)
1 (45.43694470339583,-73.60940941824518)
1 (45.48163258043293,-73.28956368098265)
1 (45.663339816437,-73.65237314435878)
1 (45.462994054599825,-73.49394132295974)
1 (45.37778011846984,-73.62363528871454)
1 (45.464364420091115,-73.3868939072737)
1 (45.3938961726769,-73.50595605554433)
1 (45.4220257321834,-73.35304791388978)
1 (45.27743251792184,-73.59858453406719)
1 (45.308965925305486,-73.60917506007956)
1 (45.3283974109943,-73.74446462296154)
1 (45.72470054850453,-73.48558204412821)
1 (45.2712665716207,-73.59335592292443)
1 (45.27189149908495,-73.39337084629965)
1 (45.59991163603683,-73.52390112430051)
1 (45.34050560437955,-73.6980134654559)
1 (45.594724440601816,-73.66358950748084)
1 (45.498869195064216,-73.71529021154693)
1 (45.74083434060851,-73.49585907147141)
1 (45.66021286962463,-73.52562121100408)
1 (45.62836641842544,-73.32824783109002)
1 (45.55316428064002,-73.26717627860712)
1 (45.40836422308593,-73.414547841557)
1 (45.27513464580969,-73.51687879545403)
1 (45.5113014465073,-73.27733326747943)
1 (45.34865848394582,-73.30152452198085)
1 (45.609032903194965,-73.26502709370303)
1 (45.73248368252414,-73.69871712006275)
1 (45.71558558060357,-73.59983867867464)
1 (45.66157305632977,-73.3891770987651)
1 (45.37736676699883,-73.62944773713802)
1 (45.5031661281793,-73.40821193850964)
1 (45.59916668121071,-73.68622793610078)
1 (45.5196636870058,-73.71474012760801)
1 (45.488758994996836,-73.38309638501423)
1 (45.52333555038913,-73.55124269299338)
1 (45.5799533640841,-73.33474348076571)
1 (45.39271558408187,-73.40737091422467)
1 (45.411629903601465,-73.68704010768987)
1 (45.29603600951362,-73.72366977401467)
1 (45.698586256393035,-73.4658375973779)
1 (45.73316659099709,-73.27998182952588)
1 (45.32895376937738,-73.61916847602393)
1 (45.66426234217554,-73.50557685308594)
1 (45.462489918816594,-73.72402433615957)
1 (45.54068674570411,-73.72490792452938)
1 (45.68423023278224,-73.66042965987474)
1 (45.49176591028102,-73.61412535298034)
1 (45.48878325185496,-73.62144902170373)
1 (45.749542125551514,-73.38908491732518)
1 (45.3319783800124,-73.62805744198856)
1 (45.612933722760125,-73.47556779044233)
1 (45.58862677273785,-73.25247207029413)
1 (45.362571351674724,-73.62678464744015)
1 (45.497831663023504,-73.5225861546132)
1 (45.538069211635126,-73.65196703734564)
1 (45.5605847711945,-73.48356420032319)
1 (45.380602711334454,-73.60295476325861)
1 (45.37831182710925,-73.63045032824239)
1 (45.52540280432569,-73.43316810483618)
1 (45.58558044361939,-73.39780969389682)
1 (45.70114007457071,-73.29520949570048)
1 (45.3353598235694,-73.59896584003383)
1 (45.25616022734686,-73.27956963428099)
1 (45.74102220388805,-73.64831476818411)
1 (45.2851457610517,-73.51751844400098)
1 (45.26570200723531,-73.57548964560448)
1 (45.4740169329035,-73.6762417703416)
1 (45.27667925173057,-73.74981779283223)
1 (45.51574845525472,-73.46364026777164)
1 (45.35012963736229,-73.37755478861396)
1 (45.57526653510812,-73.33393729079366)
1 (45.41988453358738,-73.71279832632251)
1 (45.29770426997883,-73.64334808080164)
1 (45.51276980656846,-73.53577759675072)
1 (45.26103154674312,-73.54754305211621)
1 (45.60264323273417,-73.29938175601693)
1 (45.57143911965642,-73.45949350410899)
1 (45.54542601376966,-73.42633409753343)
1 (45.487844448580624,-73.39751834607546)
1 (45.62822484536941,-73.55533657810092)
1 (45.54050055189232,-73.54895618487652)
1 (45.47706636795459,-73.58480222354086)
1 (45.577927229444,-73.35486728965677)
1 (45.41981714708947,-73.6474609047314)
1 (45.53624706831231,-73.38552570525448)
1 (45.39353767227717,-73.66816700812058)
1 (45.475497574310594,-73.72519199630621)
1 (45.61881988665258,-73.41065543203625)
1 (45.56860315393013,-73.517762765896)
1 (45.53758344609069,-73.40678541942111)
1 (45.26042979766155,-73.74237345339516)
1 (45.42535666419369,-73.38397945999932)
1 (45.736708094543744,-73.68988643782191)
1 (45.644244041268834,-73.26310781400544)
1 (45.655598554092045,-73.49742690974885)
1 (45.69858281216482,-73.48998692593126)
1 (45.298286738040034,-73.46873443826175)
1 (45.59171692906433,-73.38895286278171)
1 (45.38923363572912,-73.26307872422903)
1 (45.45936762067909,-73.3866394337156)
1 (45.32157030519564,-73.37484329484782)
1 (45.572755362279125,-73.34813277032153)
1 (45.39861384749247,-73.64961158724525)
1 (45.56292898257805,-73.39609297603467)
1 (45.468595290369066,-73.39069524577597)
1 (45.6166834554693,-73.4462257706866)
1 (45.486428042502624,-73.40252482404112)
1 (45.433998445997865,-73.28965535784188)
1 (45.58370883706865,-73.5941787589363)
1 (45.41710586188151,-73.38429270220796)
1 (45.66613169237658,-73.52755679966339)
1 (45.38209502170019,-73.58321113376918)
1 (45.386108312141886,-73.54030953625367)
1 (45.54539016807536,-73.3283345288545)
1 (45.55762675061537,-73.30361630209812)
1 (45.63948568451449,-73.37241092990013)
1 (45.690243638659155,-73.38925893467051)
1 (45.255000076894966,-73.3612876963165)
1 (45.31959323970278,-73.61916967388773)
1 (45.38941081557493,-73.61192207808145)
1 (45.70291015966629,-73.65373656942845)
1 (45.70675759287645,-73.65935423886978)
1 (45.72980057716476,-73.44263066184502)
1 (45.677152640182356,-73.6180374220279)
1 (45.570860380537404,-73.31377413166429)
1 (45.57011226212809,-73.60946345436591)
1 (45.64972669495445,-73.6122998185081)
1 (45.72152478504016,-73.44893907065621)
1 (45.477762581894545,-73.42195708539433)
1 (45.580495624890695,-73.45966208949059)
1 (45.734813202105684,-73.50640035417203)
1 (45.26936117733245,-73.69191415534328)
1 (45.714334527891126,-73.69715136158364)
1 (45.25783898869403,-73.46922975205325)
1 (45.376684656195685,-73.52875726196456)
1 (45.26058224175526,-73.56181926596172)
1 (45.270480302803655,-73.47977168829763)
1 (45.616332676591746,-73.40031668243965)
1 (45.4886600259218,-73.72066667068184)
1 (45.696416658947555,-73.59009064846464)
1 (45.62325848210255,-73.29663864855557)
1 (45.32050482486301,-73.56790052275933)
1 (45.37088458542166,-73.68450225157665)
1 (45.72835679416952,-73.55859685749968)
1 (45.519509726825696,-73.65847115331188)
1 (45.36769791074021,-73.53985910033596)
1 (45.51641022950927,-73.37960551833042)
1 (45.61042588458628,-73.70763080898818)
1 (45.676971899392164,-73.58806132060216)
1 (45.50202112552934,-73.45395602425944)
1 (45.34455241692887,-73.7260069991393)
1 (45.28233503067462,-73.62233818319432)
1 (45.452710867911,-73.25217860846736)
1 (45.68985662839581,-73.29353600361499)
1 (45.472851883536016,-73.32652501211172)
1 (45.47610835205712,-73.57687887362613)
1 (45.65269511574868,-73.44525004740652)
1 (45.61199799362298,-73.33872678669047)
1 (45.263969179770676,-73.4927891532927)
1 (45.36375416329127,-73.49061859248033)
1 (45.28134227498157,-73.5478635205545)
1 (45.252498763681395,-73.38494449194154)
1 (45.50884021531006,-73.63573500872076)
1 (45.38856048148942,-73.52564727209365)
1 (45.65486568932111,-73.45814083675226)
1 (45.28930935758614,-73.69549940510467)
1 (45.732420906244315,-73.45611736001956)
1 (45.54759291128687,-73.72992130978277)
1 (45.42724916611614,-73.3690276527394)
1 (45.61678049647475,-73.53009886795112)
1 (45.733349029431416,-73.74558847316167)
1 (45.51797302904398,-73.50532641846995)
1 (45.702678049097166,-73.63954691885614)
1 (45.45511110903572,-73.466044306995)
1 (45.59385152466095,-73.48388849031198)
1 (45.64451544963564,-73.55495807459708)
1 (45.5332546708842,-73.38306285605562)
1 (45.626819038907534,-73.60391929214401)
1 (45.521225189095524,-73.29269474163067)
1 (45.43130162693326,-73.33891627729679)
1 (45.72582635790115,-73.27060239565884)
1 (45.705312483150685,-73.62456530480235)
1 (45.507219015795414,-73.68167688891036)
1 (45.304768537805046,-73.44291169600461)
1 (45.506754169652915,-73.42228069849745)
1 (45.36564048018729,-73.53914235500882)
1 (45.41664628098263,-73.39730468439912)
1 (45.54089043857549,-73.6389798795029)
1 (45.71845035501838,-73.63487793447118)
1 (45.39250042473947,-73.34907105633911)
1 (45.74155450891547,-73.55995541687182)
1 (45.374031705934065,-73.2926005178987)
1 (45.346512800647744,-73.56861400994596)
1 (45.42558080522666,-73.70765336893557)
1 (45.38228137060096,-73.64986766066345)
1 (45.430048954959474,-73.6455186726703)
1 (45.30128446529325,-73.39116816697398)
1 (45.64731721938404,-73.5501684145029)
1 (45.441724730897825,-73.27748840345194)
1 (45.2512205915355,-73.37856467198648)
1 (45.502666049084716,-73.2519903243013)
1 (45.74313998649683,-73.5342407487215)
1 (45.64415491141353,-73.5487604106482)
1 (45.30558186143989,-73.73376977642316)
1 (45.44200993255711,-73.3349510655179)
1 (45.58929114006636,-73.50727760295018)
1 (45.61489735022008,-73.71089648122299)
1 (45.49824347515114,-73.35007429365514)
1 (45.519923511506974,-73.61237713313945)
1 (45.748289294391576,-73.59277209696528)
1 (45.38221372206705,-73.63918784398389)
1 (45.32727212769963,-73.34192510941145)
1 (45.583810145024174,-73.29851921104161)
1 (45.47712025456328,-73.3622693481151)
1 (45.58770964423716,-73.60039323364792)
1 (45.45171079516761,-73.52505955541642)
1 (45.71397572729188,-73.37549908872923)
1 (45.57823162121099,-73.4347922364929)
1 (45.51659717700907,-73.60325566848044)
1 (45.564317108537956,-73.56877233946071)
1 (45.43212905207235,-73.43978282222304)
1 (45.548409419687275,-73.72052382228736)
1 (45.68414014329006,-73.52169383019893)
1 (45.58659789138737,-73.72896260361087)
1 (45.63110417046119,-73.4922269887717)
1 (45.60561500875464,-73.40054313393645)
1 (45.339610435404865,-73.5512148481203)
1 (45.328717867825766,-73.6912577947236)
1 (45.649632698486336,-73.66974476565586)
1 (45.298860272382875,-73.60941145362808)
1 (45.37408348634038,-73.43409540687665)
1 (45.38186088422266,-73.42851137229484)
1 (45.54099437571704,-73.29163874030202)
1 (45.53119925658957,-73.66240562878373)
1 (45.74340086109093,-73.26387802810699)
1 (45.63562156544069,-73.35197116819523)
1 (45.70937389478915,-73.46864741666623)
1 (45.450914459822826,-73.54419565900349)
1 (45.64262836519589,-73.55472943427388)
1 (45.43800562618235,-73.41041523333217)
1 (45.71275215772569,-73.39775212021472)
1 (45.29097570412544,-73.2507631057345)
1 (45.29333751063042,-73.63620780403446)
1 (45.540616985412946,-73.66655216087861)
1 (45.65616004973934,-73.34079135959345)
1 (45.361849963217686,-73.4513574437567)
1 (45.330038643008855,-73.30898589064458)
1 (45.596609751728806,-73.25498258327326)
1 (45.72412297207779,-73.6599294255447)
1 (45.52774005611164,-73.31228703958303)
1 (45.3970937975041,-73.5720768016497)
1 (45.603983201556794,-73.50101897046783)
1 (45.526124064410865,-73.65802602811803)
1 (45.62133049671229,-73.69934181998906)
1 (45.69243747195864,-73.6071093182092)
1 (45.3117979633405,-73.35466025898813)
1 (45.55391442165039,-73.34695406193254)
1 (45.37711844154617,-73.35064434184616)
1 (45.31943325420553,-73.58019971994541)
1 (45.73189138431279,-73.66901863672496)
1 (45.67449835863633,-73.64191212544908)
1 (45.588408104303774,-73.48672618863716)
1 (45.43319471186678,-73.69696681112526)
1 (45.523670356339984,-73.72749483048231)
1 (45.707621830139665,-73.35477889518555)
1 (45.31804649365475,-73.69962666187408)
1 (45.292698410867175,-73.3212372220989)
1 (45.64455964821803,-73.29899929943005)
1 (45.261592115495084,-73.73455602181173)
1 (45.617978824395884,-73.33781049535601)
1 (45.455017340545794,-73.34298777493561)
1 (45.283683853267675,-73.37551578207137)
1 (45.62625701314948,-73.67794659317754)
1 (45.33770161112756,-73.47870155676189)
1 (45.47300282394477,-73.35607167053173)
1 (45.7213611448954,-73.62130432792594)
1 (45.64697149425192,-73.60811595414599)
1 (45.72669153747372,-73.45562938745064)
1 (45.58274303097006,-73.58127566983575)
1 (45.38198685583498,-73.4380405856394)
1 (45.628380109000034,-73.3946817531958)
1 (45.66088836708619,-73.28098547418271)
1 (45.49212621398196,-73.345254754519)
1 (45.47288517431904,-73.42518826637854)
1 (45.44184312094523,-73.56298014350074)
1 (45.448309866513604,-73.68238609245994)
1 (45.50683686174134,-73.30089155522134)
1 (45.726706894664574,-73.38990161010209)
1 (45.635334599641865,-73.4156549451209)
1 (45.29387696519776,-73.3436386412746)
1 (45.35511275343336,-73.44962701407357)
1 (45.389951504345866,-73.43575475494013)
1 (45.469640577228084,-73.56461675189207)
1 (45.628527253062735,-73.31730830523944)
1 (45.69759117202482,-73.40130954354906)
1 (45.725191556214575,-73.53459493785486)
1 (45.42968537638867,-73.7464186518128)
1 (45.63269488822265,-73.4506819005594)
1 (45.43357240396312,-73.68210921912691)
1 (45.41957774577627,-73.36081623682584)
1 (45.384814144507146,-73.66909574195577)
1 (45.40923515310928,-73.54192589355385)
1 (45.54002846782325,-73.27604412998319)
1 (45.41720239258872,-73.54235100997518)
1 (45.69686001065668,-73.51351501357071)
1 (45.38587165331412,-73.31823530290384)
1 (45.304685485758284,-73.4606656151826)
1 (45.31789991332914,-73.35767558168845)
1 (45.69982353888376,-73.587282628218)
1 (45.65224435646812,-73.70277048550882)
1 (45.439507539776834,-73.37244934939937)
1 (45.61006202657413,-73.28312726036613)
1 (45.59999309932521,-73.50425552195341)
1 (45.561636662893925,-73.71217863261144)
1 (45.68591031121894,-73.61243906896999)
1 (45.63004606449774,-73.66982957686272)
1 (45.470333856689486,-73.63770402685216)
1 (45.552459411055914,-73.70149688294275)
1 (45.64803263230133,-73.57768989113043)
1 (45.26575438857661,-73.70452243709312)
1 (45.63797376294963,-73.47017255492639)
1 (45.26957023678571,-73.54823383111747)
1 (45.715393924003166,-73.57905805821872)
1 (45.54696308706706,-73.68359428275406)
1 (45.38861461513193,-73.33808516410915)
1 (45.69050617068182,-73.7424264684168)
1 (45.56126582425181,-73.68088400381636)
1 (45.38997804447545,-73.50461297971735)
1 (45.536696226046175,-73.44414279431405)
1 (45.586707725023196,-73.72446924850686)
1 (45.328086014207514,-73.5731155763345)
1 (45.38919659431433,-73.6546523306025)
1 (45.53514195883152,-73.38555922793714)
1 (45.27481253713444,-73.6875123562085)
1 (45.73624243112234,-73.66141835799658)
1 (45.67315267772748,-73.34971118813023)
1 (45.42351359493259,-73.32118246967755)
1 (45.73809675721262,-73.43622580853632)
1 (45.47755592400119,-73.43581987374532)
1 (45.46762397632157,-73.35452194282996)
1 (45.538403894413364,-73.2755485665162)
1 (45.32314221402577,-73.26872651455176)
1 (45.37978961132069,-73.55343469135559)
1 (45.63337868474236,-73.38704526112011)
1 (45.53489468038771,-73.45291459625653)
1 (45.34180760237238,-73.72346500147908)
1 (45.4535128144945,-73.44581709179705)
1 (45.57114055897136,-73.38694800752154)
1 (45.392908795298176,-73.3093178417412)
1 (45.53358167728315,-73.40786871383685)
1 (45.55764805358368,-73.63648841916151)
1 (45.5113498798037,-73.30236121584714)
1 (45.707284002965814,-73.50570794247894)
1 (45.468396710030326,-73.50053882027655)
1 (45.545028870907046,-73.32918576312186)
1 (45.33129886690049,-73.4242149052924)
1 (45.68539686749306,-73.74019893276177)
1 (45.59498024680508,-73.39379734174872)
1 (45.37429683121465,-73.7023790497099)
1 (45.66721934306366,-73.67244672175366)
1 (45.401164895283856,-73.33248800643575)
1 (45.26482331709485,-73.31838150216066)
1 (45.29946577327822,-73.72060321945715)
1 (45.71390103884039,-73.61338124127714)
1 (45.479254878130774,-73.30848787642711)
1 (45.68684324065467,-73.66708214122286)
1 (45.37348134491206,-73.64815252770737)
1 (45.729418407885724,-73.36257675577816)
1 (45.50832574225999,-73.60821972192394)
1 (45.39281915402719,-73.60912317633024)
1 (45.6271041533234,-73.32568379888207)
1 (45.38754436181661,-73.40243651576918)
1 (45.60713391206409,-73.41501346838089)
1 (45.41867831982389,-73.46207879298765)
1 (45.40944438026625,-73.64527541246284)
1 (45.745428739106956,-73.71888117945551)
1 (45.69232934812744,-73.479062233059)
1 (45.53171141050259,-73.66312542885684)
1 (45.50147626467847,-73.53448904246108)
1 (45.71911993538323,-73.53637953606987)
1 (45.621770361406305,-73.68337800536904)
1 (45.45879490808488,-73.5564253464185)
1 (45.73886034325424,-73.63498094676586)
1 (45.584507558098935,-73.30563412241929)
1 (45.51218540414659,-73.4751953090485)
1 (45.695698658811764,-73.58843863953408)
1 (45.50540175104866,-73.73620965305189)
1 (45.64626443981529,-73.47321884894411)
1 (45.65500988352219,-73.66086965839538)
1 (45.60255677260978,-73.37796059928665)
1 (45.5834725656992,-73.39978700527585)
1 (45.342365973649315,-73.43746533249413)
1 (45.57922612034542,-73.43731786478841)
1 (45.615580014399384,-73.5026812955611)
1 (45.47272650108581,-73.58501937646551)
1 (45.67676504178666,-73.46989495898906)
1 (45.43503464411919,-73.40804687533141)
1 (45.53008769457867,-73.71906426621511)
1 (45.41343379617863,-73.46118592614786)
1 (45.49780049689506,-73.25649335454187)
1 (45.49718492815578,-73.70681818122506)
1 (45.43493738080272,-73.7073411293236)
1 (45.47576472782993,-73.46710080125284)
1 (45.26491745616,-73.5881244260483)
1 (45.711793588393704,-73.72699456338552)
1 (45.503430308006706,-73.30841908857857)
1 (45.70134970874301,-73.55350618491643)
1 (45.57127756521869,-73.60438052688596)
1 (45.3354783768804,-73.3296160899785)
1 (45.470770842320405,-73.59449812870095)
1 (45.408444052922746,-73.41884295418328)
1 (45.31483707820694,-73.3701658975509)
1 (45.34063586316708,-73.27825223397113)
1 (45.25315799130646,-73.49019479271519)
1 (45.39702568649021,-73.42394598141824)
1 (45.535471324702016,-73.43930999275432)
1 (45.38569110105572,-73.52367700674357)
1 (45.288587118729566,-73.53596944597652)
1 (45.41515380048435,-73.74621079944885)
1 (45.56072324213807,-73.43450792303817)
1 (45.27414735648379,-73.3364139572367)
1 (45.30443997922348,-73.2606539001754)
1 (45.372916608049216,-73.70877866152235)
1 (45.72775443644403,-73.54788443989341)
1 (45.45126393694186,-73.66019787679804)
1 (45.34194124223893,-73.50487618672479)
1 (45.41529637771827,-73.5952866527698)
1 (45.574076684173505,-73.74147875576939)
1 (45.71219041055095,-73.43440021193929)
1 (45.49255953495766,-73.41217949059069)
1 (45.590279804611455,-73.63573005189902)
1 (45.514642096732864,-73.30194679559624)
1 (45.4203851546121,-73.50846490223319)
1 (45.42643127413851,-73.6796320153452)
1 (45.47354182047613,-73.72398342471968)
1 (45.64787003506577,-73.27877789926256)
1 (45.66014656273313,-73.64640161203526)
1 (45.41788525325084,-73.53472471227126)
1 (45.73603113908074,-73.30252767429987)
1 (45.458189028927805,-73.7103227840119)
1 (45.37208480191643,-73.49438324089634)
1 (45.69814621388294,-73.28035370017763)
1 (45.265785388297864,-73.72492973424835)
1 (45.3076714948116,-73.41692966326559)
1 (45.64536249714136,-73.2594945062628)
1 (45.590295505616616,-73.62468429757773)
1 (45.58030422596846,-73.28162177601894)
1 (45.734339830756355,-73.51548538671496)
1 (45.4655322236493,-73.722678569012)
1 (45.50656695532203,-73.38769352741835)
1 (45.390808354213796,-73.44952693338116)
1 (45.69972160387109,-73.68465850191555)
1 (45.341799121135,-73.58392847679337)
1 (45.51305601653642,-73.5511879154287)
1 (45.304712728704,-73.30107827711792)
1 (45.553232233716784,-73.58514108360013)
1 (45.362536647888,-73.51277043670109)
1 (45.29192045026603,-73.49409356521087)
1 (45.27764191852808,-73.3831780021159)
1 (45.60596315187245,-73.71418623466846)
1 (45.35288368105444,-73.6520856363691)
1 (45.45615052964365,-73.62981530506492)
1 (45.55131587219606,-73.25164363814066)
1 (45.3314535986864,-73.34873807899314)
1 (45.433250940084605,-73.69831759893754)
1 (45.29698695645116,-73.53746178163618)
1 (45.43863417580307,-73.72168827253937)
1 (45.33602421262638,-73.6064511984288)
1 (45.40256509227366,-73.55611190646546)
1 (45.66906462722591,-73.55373342576331)
1 (45.4422869359518,-73.26998150303048)
1 (45.36625049499869,-73.52889633788904)
1 (45.49507842432858,-73.44043516920523)
1 (45.34336037363041,-73.66727009483398)
1 (45.31822031013303,-73.39883809764773)
1 (45.74615430917541,-73.46624922284482)
1 (45.68457236808823,-73.67422010139065)
1 (45.28302270677048,-73.4322553803569)
1 (45.32028503695265,-73.64808126998753)
1 (45.261691471022644,-73.41775950309878)
1 (45.33478292451699,-73.3045836442842)
1 (45.422161813076286,-73.49307428447408)
1 (45.48739582126711,-73.3151273195842)
1 (45.6351136902518,-73.35729649210019)
1 (45.61987615116443,-73.53566488910191)
1 (45.652677954365686,-73.68682130255067)
1 (45.45952992289018,-73.31883858654069)
1 (45.356782826254616,-73.4482687491831)
1 (45.26380182054134,-73.35112983369358)
1 (45.34920615835134,-73.56545571614947)
1 (45.43389293431824,-73.5176916751298)
1 (45.26701572931975,-73.42721430437719)
1 (45.272353373626274,-73.57438966971736)
1 (45.38725563905831,-73.55440097333974)
1 (45.49757992849889,-73.66780761609708)
1 (45.405537641967584,-73.31035839808524)
1 (45.45676232438198,-73.4895796453626)
1 (45.73462185203995,-73.33938503887835)
1 (45.69806011482698,-73.58139105276547)
1 (45.27112245737794,-73.45243565076099)
1 (45.67265512401158,-73.52134527114016)
1 (45.321149359363396,-73.44831852788337)
1 (45.33781305400772,-73.42112523615674)
1 (45.2589978133729,-73.36207350135338)
1 (45.323200823373234,-73.34648273870555)
1 (45.516923748253745,-73.37000767317586)
1 (45.60444469290553,-73.44106961993216)
1 (45.6685932406981,-73.5530337588708)
1 (45.300277464052144,-73.68548055492751)
1 (45.673970498971414,-73.4264987946238)
1 (45.2726111768861,-73.35960714956613)
1 (45.299209370141824,-73.58560926601831)
1 (45.662485361419726,-73.39700906372693)
1 (45.311539161295954,-73.49085123498209)
1 (45.3390786821437,-73.42498783166464)
1 (45.276186540169874,-73.32747239632735)
1 (45.473835556631116,-73.37340492122848)
1 (45.65005079106997,-73.5171357099596)
1 (45.577247378258264,-73.60901577842496)
1 (45.37515069413141,-73.33827237255494)
1 (45.35194126933977,-73.61019728988244)
1 (45.32378692049481,-73.72445478741258)
1 (45.62246759583626,-73.73942629452192)
1 (45.7369148230323,-73.65727819110145)
1 (45.39954081807019,-73.69772263455961)
1 (45.727398009906494,-73.6517825141757)
1 (45.32447638771081,-73.25650013063664)
1 (45.49061408507478,-73.64836412904859)
1 (45.31817985865412,-73.35787506881611)
1 (45.57630968825097,-73.67541999111224)
1 (45.728282525027524,-73.65446156404559)
1 (45.42765261581621,-73.4316346595446)
1 (45.62788121023063,-73.52403904119879)
1 (45.38610477096551,-73.45586379941027)
1 (45.66982817257092,-73.54320744166142)
1 (45.4940403203333,-73.30598555469791)
1 (45.54163033155712,-73.33725123155666)
1 (45.700959284254125,-73.65588413458583)
1 (45.59775524367966,-73.64091373045957)
1 (45.49369762771682,-73.44189826620197)
1 (45.66850465380177,-73.30663868937333)
1 (45.52621049563979,-73.64660952514294)
1 (45.357604645577844,-73.38306678146256)
1 (45.52030637634868,-73.49876425481906)
1 (45.34427473943202,-73.25717979723825)
1 (45.54513523566065,-73.29341503332951)
1 (45.29977650860291,-73.70846595279886)
1 (45.26028504497963,-73.69603625091221)
1 (45.513305603755015,-73.56283529636278)
1 (45.325016447263096,-73.28841081121404)
1 (45.69757948722266,-73.45774451116101)
1 (45.434466270816834,-73.74250329969254)
1 (45.71058609794392,-73.53809589392885)
1 (45.34257634089104,-73.37132780893891)
1 (45.58669739396023,-73.69495583343381)
1 (45.271054962771764,-73.40298641318357)
1 (45.31771469383126,-73.73599360349482)
1 (45.28385393908751,-73.65559765366167)
1 (45.26240109393192,-73.63777155587152)
1 (45.52744503675932,-73.356751842757)
1 (45.39166961028168,-73.27562355058758)
1 (45.69860548919072,-73.65142346996315)
1 (45.29583389503961,-73.2568386963199)
1 (45.703472891208925,-73.37693865640631)
1 (45.49019155064442,-73.69722310040765)
1 (45.71430562852344,-73.45263852239796)
1 (45.55569865582072,-73.47984263155543)
1 (45.71368582476706,-73.73529769049163)
1 (45.542607054428025,-73.71785535642607)
1 (45.63982749381062,-73.42914957390099)
1 (45.34667449209491,-73.31082266839012)
1 (45.41120341376911,-73.61153855639692)
1 (45.43992072152178,-73.6357436148536)
1 (45.41387996842307,-73.64176183699963)
1 (45.40089139754257,-73.55028729550529)
1 (45.48075009243829,-73.66158176065736)
1 (45.643004256226774,-73.50630399139898)
1 (45.47828008409361,-73.57118245997488)
1 (45.5837909313005,-73.67667573172808)
1 (45.343436964565356,-73.2740126748771)
1 (45.7327106900042,-73.58792279412111)
1 (45.28113878187936,-73.62799924983193)
1 (45.300700851851104,-73.32471292104407)
1 (45.340871003945125,-73.41903432831366)
1 (45.45074167432426,-73.43052567625249)
1 (45.74003807509343,-73.28543165990492)
1 (45.715452152038765,-73.67120459378499)
1 (45.59116978035698,-73.36921582277894)
1 (45.405096101940565,-73.35498547434965)
1 (45.620277912112165,-73.5516508966939)
1 (45.5173663558633,-73.41381948840555)
1 (45.53445984228844,-73.44633326450233)
1 (45.7389281826666,-73.44641541174553)
1 (45.40827059179138,-73.37346595396615)
1 (45.597941289740426,-73.40340543151963)
1 (45.310436852210586,-73.32360017279305)
1 (45.68664300473637,-73.55939486695713)
1 (45.385161107628605,-73.43817248459933)
1 (45.623563594935646,-73.36538628492798)
1 (45.73556563168156,-73.28758405525639)
1 (45.56605788291473,-73.70817417468207)
1 (45.73075141869142,-73.71536143368267)
1 (45.61557578780493,-73.5207865429893)
1 (45.272498163658234,-73.73910625468741)
1 (45.3804573269988,-73.58990571491672)
1 (45.612806855810575,-73.45548422041907)
1 (45.274026346890096,-73.2924304959349)
1 (45.50928785457848,-73.58742173131944)
1 (45.32937013676708,-73.36394792546766)
1 (45.34182256792585,-73.7369714035202)
1 (45.406430689381615,-73.65686283561082)
1 (45.29097792850544,-73.56697581477066)
1 (45.651896378786596,-73.68528919909089)
1 (45.29632854118362,-73.52870168096733)
1 (45.44787128875411,-73.57753759317055)
1 (45.27114230432517,-73.38103468249835)
1 (45.35141263565059,-73.36513855012537)
1 (45.44881083862891,-73.60961812530252)
1 (45.683765030780464,-73.32982221442191)
1 (45.275956995927004,-73.45148655067527)
1 (45.47548353265173,-73.40672985911829)
1 (45.447327596816365,-73.56228849414686)
1 (45.411625929344716,-73.40336372568098)
1 (45.498380062257766,-73.42911034547349)
1 (45.74980766051693,-73.53938665853958)
1 (45.33289760972208,-73.43220649848402)
1 (45.40315135513898,-73.54236385171615)
1 (45.66501841167484,-73.49360876243931)
1 (45.49002606684688,-73.74889426435801)
1 (45.59773980903795,-73.51963093918643)
1 (45.652959760828836,-73.35930987099694)
1 (45.44325952846735,-73.34770271663764)
1 (45.34022143861184,-73.67722619794975)
1 (45.41444168357205,-73.6457595533438)
1 (45.525308335169214,-73.332708289623)
1 (45.48124604971618,-73.68458378950116)
1 (45.51193603286259,-73.63967163978195)
1 (45.49113476429763,-73.61003442499243)
1 (45.53511834986309,-73.3743679217073)
1 (45.59827172602335,-73.28302182779937)
1 (45.32253661584389,-73.38241102698018)
1 (45.632755333258,-73.43037588003581)
1 (45.624636575765585,-73.52677949111678)
1 (45.26817639998364,-73.25942440869626)
1 (45.456754329833636,-73.57858635368314)
1 (45.71346842699067,-73.33314175348242)
1 (45.42206078927095,-73.72613858448824)
1 (45.66331859925876,-73.38114503201402)
1 (45.50022787828026,-73.43591334217267)
1 (45.390333370909175,-73.33460884820889)
1 (45.59345749589049,-73.4415586792671)
1 (45.65170347870984,-73.72033708522207)
1 (45.41887786287978,-73.66388221132077)
1 (45.51328880727233,-73.63077343984645)
1 (45.52430005949698,-73.37602128902873)
1 (45.264844511008285,-73.30265018522388)
1 (45.282940689242096,-73.4235939160436)
1 (45.311535456904835,-73.38726782208744)
1 (45.691955286012565,-73.28961010256648)
1 (45.278936872522145,-73.28006607284624)
1 (45.659489863612194,-73.2582787668433)
1 (45.5613947672887,-73.39618968368012)
1 (45.71544663883977,-73.38057580510377)
1 (45.67692079351294,-73.53217067527888)
1 (45.722273145724486,-73.37754431430372)
1 (45.565721430144336,-73.44164115122085)
1 (45.693822153439115,-73.53477869280766)
1 (45.38401286041835,-73.4751593968855)
1 (45.2526933020249,-73.54339935174126)
1 (45.39994801425317,-73.59077443429837)
1 (45.56945524697939,-73.62905582484042)
1 (45.29428350572803,-73.73287238401929)
1 (45.33076095041602,-73.68110090970126)
1 (45.50483981957502,-73.50214102258309)
1 (45.377606501639995,-73.44905955218057)
1 (45.73085873655786,-73.69915674603232)
1 (45.639847393496666,-73.7128710917758)
1 (45.33103806802706,-73.71814112927242)
1 (45.36857458396371,-73.6571144319454)
1 (45.60732427410006,-73.39585248183793)
1 (45.43406557009825,-73.48753076326894)
1 (45.365469488548925,-73.28337034166078)
1 (45.61376436766344,-73.62063931056709)
1 (45.68291019603259,-73.40569917244632)
1 (45.34210737599176,-73.55409672984396)
1 (45.494700557106825,-73.4056604675432)
1 (45.332000396204414,-73.2866814169163)
1 (45.42903424288941,-73.53446010315035)
1 (45.30636539788593,-73.40238949590953)
1 (45.28531437848093,-73.25161125882468)
1 (45.297413912752646,-73.66310945361657)
1 (45.64978186929923,-73.73156078265016)
1 (45.58116718120556,-73.66869837026454)
1 (45.3863884444119,-73.34340998986806)
1 (45.31523144107435,-73.34201245686262)
1 (45.6239011899183,-73.67353888414654)
1 (45.338950168902485,-73.67955084857125)
1 (45.38415135553341,-73.3987357768436)
1 (45.376793096548404,-73.3758513720077)
1 (45.66089097919604,-73.28960213238183)
1 (45.55820545041488,-73.58163306625332)
1 (45.56389654422638,-73.33054549267845)
1 (45.730128793415645,-73.69191017856329)
1 (45.58875974441401,-73.38359141870377)
1 (45.49201842449965,-73.68090830726763)
1 (45.65923126836096,-73.49853811544052)
1 (45.727420411943164,-73.60559342619435)
1 (45.316034131719704,-73.38164567185603)
1 (45.64103454113056,-73.48898032136856)
1 (45.293738983842374,-73.6790944355354)
1 (45.435678095352685,-73.3681171308375)
1 (45.73559470322211,-73.60986555422934)
1 (45.279678147955984,-73.34974846884118)
1 (45.44513303437595,-73.59548899307835)
1 (45.62195878116936,-73.55913979939311)
1 (45.36291721448555,-73.38127291733389)
1 (45.70945271454209,-73.39440139689293)
1 (45.38698001596183,-73.7251710776878)
1 (45.34945506605953,-73.50988056564623)
1 (45.72629753852192,-73.54636257586175)
1 (45.53815044871963,-73.44779632255998)
1 (45.68807087001879,-73.47591174774423)
1 (45.54578260194612,-73.31727126174675)
1 (45.65163841404679,-73.53654366565101)
1 (45.408799418072626,-73.38427059279016)
1 (45.47451771619547,-73.69761361567903)
1 (45.52979405914022,-73.38468919556226)
1 (45.709375981560235,-73.30476720825033)
1 (45.72717646283332,-73.30593248852493)
1 (45.28465472836306,-73.37158040476585)
1 (45.60824785055218,-73.29981780468563)
1 (45.71612441540285,-73.44263686799876)
1 (45.56171373382486,-73.29147828244422)
1 (45.471821008968384,-73.69404310221047)
1 (45.478659730951996,-73.73518167801453)
1 (45.308616715930945,-73.62829963980369)
1 (45.514627331705974,-73.33858212604062)
1 (45.73510374661486,-73.64573953892283)
1 (45.299665357308825,-73.43190314921218)
1 (45.732519660762044,-73.43441358391665)
1 (45.48809588488436,-73.49790593587446)
1 (45.48311966047916,-73.51434432880062)
1 (45.41522195025642,-73.70222712805516)
1 (45.61370126608213,-73.40048923785666)
1 (45.394317315110236,-73.57177596270982)
1 (45.360912900947,-73.71154606123831)
1 (45.343977220945455,-73.26136113183397)
1 (45.60452871598758,-73.64890169884623)
1 (45.48327195221728,-73.62557298614001)
1 (45.39504754046104,-73.60156851205255)
1 (45.27013367725245,-73.57417741005463)
1 (45.42277492086331,-73.69887027885568)
1 (45.587020012328836,-73.43488303819495)
1 (45.336972753183865,-73.43293286712093)
1 (45.397136320869464,-73.27732394206801)
1 (45.425711882562446,-73.50770251327972)
1 (45.704361656876124,-73.36645548305466)
1 (45.40973887334829,-73.34025783195844)
1 (45.65051208393743,-73.61229133125997)
1 (45.486968889553026,-73.64359947377048)
1 (45.47468773987863,-73.56601535263643)
1 (45.28814232286464,-73.25789434958227)
1 (45.34118890871396,-73.6799822748466)
1 (45.5687337980283,-73.36931926683359)
1 (45.71484927829404,-73.70097676890487)
1 (45.26737770609058,-73.46219198987927)
1 (45.52562274070744,-73.70233071858912)
1 (45.50687543332196,-73.2909954340187)
1 (45.31787397268011,-73.38110443090353)
1 (45.70027506605847,-73.3341937961565)
1 (45.42406046170265,-73.35151733449442)
1 (45.65156523723975,-73.60140748176269)
1 (45.437357682590694,-73.25516990422523)
1 (45.408200469680715,-73.30955645464884)
1 (45.38326696977996,-73.58232836003546)
1 (45.63097631113276,-73.32199992516614)
1 (45.50635905356314,-73.65664970954589)
1 (45.39569805406372,-73.35749268814833)
1 (45.49504448863268,-73.27820468655189)
1 (45.63063800640079,-73.3229472190477)
1 (45.264625539120665,-73.54651203362101)
1 (45.32395166047281,-73.705532743254)
1 (45.606872242504004,-73.39652782930851)
1 (45.706024148921344,-73.27556107604101)
1 (45.592978802305424,-73.37613887683034)
1 (45.32314416200164,-73.40190181652797)
1 (45.58599460512521,-73.67369005802735)
1 (45.27095300066372,-73.56633720607725)
1 (45.578687594879455,-73.36843064320882)
1 (45.34879264501613,-73.68231041199101)
1 (45.323285840350124,-73.32549516018354)
1 (45.52937713811608,-73.57693843522861)
1 (45.36065646751313,-73.59013996097258)
1 (45.41213750199762,-73.48295430760508)
1 (45.58821963599977,-73.55343696314378)
1 (45.74314133960904,-73.60941080239725)
1 (45.42825809244849,-73.56348159419171)
1 (45.63966363683346,-73.31652114180287)
1 (45.47127147783162,-73.5424024338898)
1 (45.353286649987844,-73.61092988612229)
1 (45.672637689792815,-73.54006541615773)
1 (45.74183189605915,-73.60300053240474)
1 (45.2750819347623,-73.51034617320624)
1 (45.597478651386716,-73.7273738668576)
1 (45.614317327754065,-73.43519916726179)
1 (45.59609872965987,-73.42209445213615)
1 (45.340709196556055,-73.74548323110882)
1 (45.391138171887384,-73.590020461509)
1 (45.35592858424812,-73.29560804616258)
1 (45.27430248178271,-73.52902488856961)
1 (45.42029870786515,-73.4415471386236)
1 (45.36485249434299,-73.61466450007882)
1 (45.4339013141125,-73.54861787568655)
1 (45.469494065373176,-73.35053550897904)
1 (45.332498273362084,-73.51665993740654)
1 (45.575645211467624,-73.46745300926064)
1 (45.367937013081736,-73.6558487544035)
1 (45.40229049931834,-73.55288441381013)
1 (45.2619465784326,-73.47636121034766)
1 (45.53468286770398,-73.72673470321715)
1 (45.332094586089106,-73.66946617001351)
1 (45.411829185044645,-73.64862462847395)
1 (45.689163332531436,-73.2563429207262)
1 (45.318996433386324,-73.64522075755983)
1 (45.4963169104669,-73.56403622099283)
1 (45.56140116645968,-73.48396933893608)
1 (45.56216920691238,-73.35543683581818)
1 (45.659795882096546,-73.29175379284044)
1 (45.71222611709406,-73.59203209772303)
1 (45.713841469977844,-73.32353879275502)
1 (45.44616352424018,-73.44440164427147)
1 (45.52495585340059,-73.72698175358322)
1 (45.34201581242532,-73.28603846582584)
1 (45.65675465303533,-73.62428549478778)
1 (45.51258806178567,-73.5110564649184)
1 (45.33825055637886,-73.74223383641052)
1 (45.654268376792054,-73.60570075764193)
1 (45.482653676460835,-73.4653949656683)
1 (45.35390486983228,-73.47730758439506)
1 (45.60291618298546,-73.5658951272136)
1 (45.33552541662287,-73.60246621946663)
1 (45.554090217931424,-73.47595852463843)
1 (45.73541635151135,-73.59861551984342)
1 (45.322118692351815,-73.31657686622819)
1 (45.2914395171499,-73.35016359754653)
1 (45.508854635012334,-73.47721529405692)
1 (45.520455718035926,-73.33144904662473)
1 (45.73390534310294,-73.35737931016571)
1 (45.536335376974066,-73.2644682396693)
1 (45.385323482668504,-73.43116010695815)
1 (45.63027593516528,-73.72927313458372)
1 (45.50321792793422,-73.58054397242363)
1 (45.59500860144055,-73.30929970769225)
1 (45.573033058242345,-73.66231422813838)
1 (45.52496529349633,-73.30261784629924)
1 (45.63854597948353,-73.52679208014105)
1 (45.46559007601023,-73.4631984804017)
1 (45.41855675585084,-73.69445590914331)
1 (45.31671759547955,-73.6537747348041)
1 (45.525797883120056,-73.61864633087153)
1 (45.31730413324832,-73.69372890537846)
1 (45.441764520657294,-73.4191074156879)
1 (45.25178543820769,-73.5716679245949)
1 (45.596968251366405,-73.66203247843985)
1 (45.721948714012825,-73.56295509474556)
1 (45.742542591027565,-73.68757556650897)
1 (45.42244422352153,-73.64744659595404)
1 (45.27617946949828,-73.64545805054713)
1 (45.342925516671826,-73.46203668878012)
1 (45.30305146512334,-73.29334261962212)
1 (45.69529544526163,-73.3463457621066)
1 (45.47067566645548,-73.7410646345585)
1 (45.6306483386576,-73.34799137970622)
1 (45.51560038797582,-73.68660436244389)
1 (45.467237194409485,-73.3463622343229)
1 (45.49934724040063,-73.2868509409058)
1 (45.69815776437405,-73.73067108612268)
1 (45.391216411076456,-73.63775233488307)
1 (45.48542995883492,-73.32929269801714)
1 (45.47636399561904,-73.4043633971889)
1 (45.67577013926978,-73.53299856234935)
1 (45.52898612308746,-73.4415969412795)
1 (45.59258597504305,-73.28468061986429)
1 (45.292495001469575,-73.28115107635163)
1 (45.46858929329236,-73.32251143372858)
1 (45.551248271347085,-73.62912848087666)
1 (45.38391012295587,-73.26221911387645)
1 (45.46169344987216,-73.52228195415965)
1 (45.46570874864535,-73.28726045334152)
1 (45.33471526473879,-73.52861281917912)
1 (45.38702066955051,-73.38315633372413)
1 (45.72552440224959,-73.35021732543332)
1 (45.37493284898635,-73.70410890784588)
1 (45.492601818577505,-73.39281876340881)
1 (45.501177722004215,-73.29625053041947)
1 (45.43301382534391,-73.30734121407572)
1 (45.48184477223046,-73.5224799716199)
1 (45.68783875070871,-73.68417374892678)
1 (45.557147834003715,-73.63882156243889)
1 (45.33849674349508,-73.49044172183233)
1 (45.25704955489844,-73.56159902260126)
1 (45.48245018574795,-73.48464505257172)
1 (45.48403256998965,-73.43844555409284)
1 (45.585042903076825,-73.7214411321964)
1 (45.360420384471574,-73.69427758862003)
1 (45.55317211332696,-73.37214303174827)
1 (45.69438937786159,-73.26583999213408)
1 (45.26603788471096,-73.43367168086904)
1 (45.71617608280192,-73.26528601584592)
1 (45.72839061315301,-73.48024360894175)
1 (45.423972884113304,-73.32448564721331)
1 (45.58249788386633,-73.42799386506704)
1 (45.45761807801794,-73.36736159147861)
1 (45.4264777411766,-73.33302664577873)
1 (45.38742454096609,-73.53753257664584)
1 (45.738696270552296,-73.52805413975778)
1 (45.66535492580987,-73.47289904466338)
1 (45.70060323693732,-73.42182714691319)
1 (45.73623897416303,-73.56753688194543)
1 (45.34368001087722,-73.53897886193838)
1 (45.447842472644155,-73.29437027324495)
1 (45.720100243823055,-73.36569626195786)
1 (45.43033506157486,-73.57957514603822)
1 (45.71125410961067,-73.28880151357737)
1 (45.53806785962669,-73.62152026877033)
1 (45.64346301977348,-73.3723687835969)
1 (45.25955984913647,-73.43328346575683)
1 (45.576012249651924,-73.40691975513745)
1 (45.70520538133331,-73.2583859271663)
1 (45.463054960547986,-73.59153417342925)
1 (45.37645344974873,-73.36436790394455)
1 (45.36799161990559,-73.36887961224338)
1 (45.4050724914595,-73.55818484788739)
1 (45.5266048423085,-73.32720790681105)
1 (45.326603087543894,-73.59113322834101)
1 (45.31353018569797,-73.71178320212722)
1 (45.71821386902491,-73.42912080523463)
1 (45.56556959446152,-73.45100002296023)
1 (45.687914354918334,-73.65657685471152)
1 (45.25490446401544,-73.69961733594312)
1 (45.74944188541338,-73.55915281955241)
1 (45.68544164734549,-73.73307783177911)
1 (45.55512779630207,-73.69159488001785)
1 (45.70632594221449,-73.5927995116166)
1 (45.28766145676465,-73.48277486590626)
1 (45.39807893846521,-73.68261949602008)
1 (45.73090908350904,-73.65984700015818)
1 (45.2888742732653,-73.55123832412183)
1 (45.64980740965689,-73.48785277169449)
1 (45.40113579694798,-73.3645554812283)
1 (45.609840669395176,-73.51982727630501)
1 (45.31194532284848,-73.57520524371087)
1 (45.257722579289386,-73.73556548608293)
1 (45.4346727712968,-73.53439479697752)
1 (45.36664329270137,-73.6146875331928)
1 (45.39379229449907,-73.26331442018429)
1 (45.62180465262086,-73.34149745525495)
1 (45.67002350463122,-73.3079327200846)
1 (45.68495522453381,-73.47536042416478)
1 (45.63873797458998,-73.54190763136558)
1 (45.53024997194701,-73.54092894736446)
1 (45.71099686032696,-73.45763708350596)
1 (45.387997670337015,-73.5975288084951)
1 (45.513636200414176,-73.39514105249488)
1 (45.367722419406505,-73.43637130332795)
1 (45.41249236126679,-73.30250980297534)
1 (45.45745407997622,-73.62798850187234)
1 (45.691160798048905,-73.50007086412195)
1 (45.612275348304486,-73.70039388656292)
1 (45.34660706738253,-73.5332207213609)
1 (45.55189188781787,-73.27095121319898)
1 (45.252499962876065,-73.54603448324707)
1 (45.68435497604067,-73.48178972643512)
1 (45.37131207018469,-73.68931049122948)
1 (45.26105446895242,-73.59983456840544)
1 (45.267034355519,-73.39262429000343)
1 (45.44671309649778,-73.6381265651919)
1 (45.38177663582755,-73.38025944521118)
1 (45.45735162855757,-73.33508596365229)
1 (45.39157690469638,-73.59555089167503)
1 (45.279057329236906,-73.29273036647406)
1 (45.44941823128525,-73.71721924543247)
1 (45.730876764448155,-73.52358736841194)
1 (45.256752526423384,-73.70469245734196)
1 (45.276267147060594,-73.5891480287114)
1 (45.6787564987145,-73.29720435474337)
1 (45.519278658458134,-73.43018769786856)
1 (45.53309585164379,-73.61362740709103)
1 (45.74400359009096,-73.39113620130654)
1 (45.73714929709551,-73.45654005022608)
1 (45.668816226690524,-73.32690983414922)
1 (45.69444516054729,-73.61494701516068)
1 (45.29054096380315,-73.55122316670432)
1 (45.63748887995189,-73.38536385407296)
1 (45.28792416565419,-73.74037901640803)
1 (45.62121043311629,-73.69064495391311)
1 (45.43864859679945,-73.74589051861359)
1 (45.47893660763793,-73.56997737426725)
1 (45.37961780569708,-73.59301957124285)
1 (45.31109397865239,-73.44188058759694)
1 (45.306350691268676,-73.25042161810497)
1 (45.47577383458576,-73.40484536682418)
1 (45.3640651124799,-73.54856682640091)
1 (45.58984144579312,-73.43741298691407)
1 (45.530392569159,-73.40146371803873)
1 (45.72944762704574,-73.69103881458612)
1 (45.72765410692182,-73.74744112337345)
1 (45.33960152303235,-73.63500238767236)
1 (45.73124129857997,-73.37035051775455)
1 (45.32388902994351,-73.61291904667043)
1 (45.659883767296606,-73.49253064890118)
1 (45.38747242555287,-73.40507612041704)
1 (45.443448858175614,-73.74523213160938)
1 (45.44918221428716,-73.65985968238797)
1 (45.66440647156936,-73.3209302207829)
1 (45.32181323624069,-73.56095579765262)
1 (45.56020602142472,-73.29505924447098)
1 (45.38366262235371,-73.33480325609295)
1 (45.25555033049951,-73.27218268467917)
1 (45.62889828982182,-73.67494261790999)
1 (45.46591494352152,-73.66346853088575)
1 (45.28952208818583,-73.36644948932113)
1 (45.476649175302455,-73.53856984496151)
1 (45.667492708969185,-73.33455779306253)
1 (45.65560882278277,-73.61561587633511)
1 (45.40199927042022,-73.51687197354492)
1 (45.60150872548392,-73.55799988059741)
1 (45.6239271360343,-73.36823475325521)
1 (45.26504642924462,-73.3360046672888)
1 (45.31723334890156,-73.45136025597948)
1 (45.50533673416721,-73.48503810579126)
1 (45.71524998904329,-73.44476025133429)
1 (45.560309995329774,-73.65035565494183)
1 (45.70885922897105,-73.51228408059227)
1 (45.316465461438796,-73.3506277916785)
1 (45.5330351030728,-73.32576103976815)
1 (45.56073422772073,-73.41956558111215)
1 (45.42842223841106,-73.61377675812389)
1 (45.585194418318565,-73.59604817328865)
1 (45.5454230968211,-73.4255331264628)
1 (45.59399489434156,-73.72880123882412)
1 (45.56969063916624,-73.34903448805315)
1 (45.331081683451586,-73.5416563170961)
1 (45.39997446332586,-73.70751037559484)
1 (45.70718486106782,-73.36977586175672)
1 (45.701943875492475,-73.2770285504348)
1 (45.455011776105835,-73.72595986534125)
1 (45.294912579357494,-73.32166950084374)
1 (45.482705827176154,-73.48925489878658)
1 (45.60231486947815,-73.73042717191645)
1 (45.62736827953923,-73.42556737341893)
1 (45.311334733022235,-73.2621680346069)
1 (45.432803898648885,-73.65183772880329)
1 (45.44226426696275,-73.36152399503887)
1 (45.38863935850811,-73.54156328259349)
1 (45.7239692560707,-73.69951251801969)
1 (45.27157699875055,-73.4400625322144)
1 (45.508265037929526,-73.51797006315994)
1 (45.32378418244103,-73.41285433747005)
1 (45.4330569833805,-73.51655346183638)
1 (45.48828245988278,-73.58988096745033)
1 (45.661775300869536,-73.4151060675668)
1 (45.296688550787145,-73.4920342334364)
1 (45.28493504787759,-73.4526041777079)
1 (45.27077263594692,-73.53454958948932)
1 (45.36857762990758,-73.44669185479829)
1 (45.356037713436464,-73.69431352329653)
1 (45.6739012370902,-73.63498014539623)
1 (45.45288695000128,-73.604984893406)
1 (45.252562986133434,-73.35083003387477)
1 (45.548934522533735,-73.60506154223394)
1 (45.44293695312774,-73.65225604153842)
1 (45.28462824997009,-73.50962885663404)
1 (45.25403726743342,-73.322880565973)
1 (45.503591143276694,-73.60650733189667)
1 (45.72586699110257,-73.69853709177484)
1 (45.44895182386115,-73.59187193372678)
1 (45.59762876355187,-73.54216309801222)
1 (45.26742231473393,-73.35914627431319)
1 (45.498534144259324,-73.69304173401875)
1 (45.373994965875575,-73.7380801277119)
1 (45.399874536754666,-73.45424415738262)
1 (45.511868339844476,-73.4483994723109)
1 (45.7315668918081,-73.65429241486935)
1 (45.5145754783943,-73.68427335631957)
1 (45.371563884439304,-73.52560580909446)
1 (45.3402760154264,-73.38207273988284)
1 (45.662318188901914,-73.48321143616508)
1 (45.40178699004893,-73.34450171855372)
1 (45.69491703444862,-73.56249287395282)
1 (45.56016546901498,-73.49916191507457)
1 (45.328553514171894,-73.6844186774043)
1 (45.384519366828094,-73.65896666009394)
1 (45.28067707669597,-73.56073543197097)
1 (45.40621113198428,-73.72555154882612)
1 (45.63146637679992,-73.43002813710724)
1 (45.61173228641676,-73.33493390004237)
1 (45.73519349420034,-73.42834354198888)
1 (45.32526496105892,-73.48715379037468)
1 (45.3205992560029,-73.7452401002201)
1 (45.42931011488384,-73.7284849573157)
1 (45.49257514440244,-73.29767112895279)
1 (45.55975001473527,-73.46603430286093)
1 (45.418248223337145,-73.47002584110737)
1 (45.49032623414677,-73.49015418762558)
1 (45.69199102033254,-73.51894570532689)
1 (45.3907525004443,-73.26007214522832)
1 (45.72592935853283,-73.5262017251126)
1 (45.50254485874545,-73.47249820287504)
1 (45.50519681013922,-73.30196107553313)
1 (45.52714043995332,-73.38170039817915)
1 (45.68048502672778,-73.39418960705797)
1 (45.66198857603592,-73.27264449823247)
1 (45.74436543926338,-73.34772964146163)
1 (45.2520371321689,-73.40627457830986)
1 (45.45240813153579,-73.57876036358579)
1 (45.44639964461091,-73.6578662816455)
1 (45.7052996696462,-73.68689137971649)
1 (45.5629773335955,-73.4556155176071)
1 (45.30396261670972,-73.71805748378918)
1 (45.5674232962335,-73.4972302006711)
1 (45.326104876925335,-73.31667626137653)
1 (45.66707459265698,-73.57727374125044)
1 (45.34967814084484,-73.36519751405707)
1 (45.50534097550815,-73.69736400236238)
1 (45.36640024019547,-73.60321697259403)
1 (45.317527565003516,-73.45506210658539)
1 (45.48679718670665,-73.34674432255888)
1 (45.67518183335585,-73.51539097382532)
1 (45.43714629764968,-73.2910089117021)
1 (45.60279365287862,-73.26140371013553)
1 (45.38825268236571,-73.47735403517324)
1 (45.398040486748876,-73.49707791233881)
1 (45.33616713620509,-73.33631425037319)
1 (45.42475793350452,-73.33704172493438)
1 (45.57575425788782,-73.28488743319782)
1 (45.476429237837124,-73.66324368499231)
1 (45.269445298814524,-73.65630697116943)
1 (45.52722564878038,-73.25865829053015)
1 (45.71556129299326,-73.27528682483174)
1 (45.2974927686469,-73.44247507830609)
1 (45.66326742797328,-73.26075572490664)
1 (45.56106623987765,-73.72994917382283)
1 (45.40452079375179,-73.64151416214126)
1 (45.51291359016587,-73.72319698661248)
1 (45.397298993618215,-73.60804142389806)
1 (45.29733714314793,-73.60670108094342)
1 (45.33894839156278,-73.69584728511529)
1 (45.46933624336854,-73.27314363593756)
1 (45.413666023345435,-73.40230643312601)
1 (45.72471546876344,-73.74141859537964)
1 (45.383930387003204,-73.67983129176383)
1 (45.68813844531415,-73.64927787353552)
1 (45.28212200805527,-73.42353221207767)
1 (45.39256563321889,-73.70804751452421)
1 (45.68562511316637,-73.48118167372226)
1 (45.31837726355336,-73.59620529059552)
1 (45.42637825485322,-73.3573423028208)
1 (45.48597113789553,-73.34234145926753)
1 (45.59414165655824,-73.66193637650191)
1 (45.611738470997125,-73.3061301002398)
1 (45.341675566017756,-73.46632754313241)
1 (45.74405853873926,-73.40841874860298)
1 (45.28957414684421,-73.57715338287153)
1 (45.593317227814126,-73.28839965381704)
1 (45.25867558664412,-73.31969035927851)
1 (45.45794178062684,-73.57705629838243)
1 (45.62876965723839,-73.73845090773003)
1 (45.727058156828676,-73.47168445427968)
1 (45.333749815259004,-73.67300502843317)
1 (45.409615109110305,-73.27626741325572)
1 (45.35540782624556,-73.45168700784555)
1 (45.4996829478093,-73.53684050122035)
1 (45.57074442257492,-73.46489079141251)
1 (45.73812246116755,-73.34971047307573)
1 (45.4409704995929,-73.63307537072122)
1 (45.471933694955865,-73.35350094184034)
1 (45.30429912227349,-73.27239467218425)
1 (45.344331663132934,-73.3334752375162)
1 (45.449179246016456,-73.58303438026068)
1 (45.470959994941964,-73.26844382889736)
1 (45.69979799684271,-73.44188092580623)
1 (45.57064150507409,-73.5367937217553)
1 (45.441479101618924,-73.37206614526248)
1 (45.722677961391646,-73.36878281461945)
1 (45.350030645291945,-73.48722384086977)
1 (45.516949770194344,-73.48722254951142)
1 (45.566146556651226,-73.36796242077833)
1 (45.34792932843356,-73.71802784612781)
1 (45.67364151479147,-73.72210105279449)
1 (45.479210366757954,-73.67584357609644)
1 (45.59859996434574,-73.30863435795891)
1 (45.27126863902408,-73.43806247156323)
1 (45.445445898544406,-73.46818394876388)
1 (45.621907711898146,-73.41302969149848)
1 (45.32549040428008,-73.6998628745866)
1 (45.71620688812288,-73.38508485598655)
1 (45.413690279398594,-73.55602216791178)
1 (45.620776525981015,-73.48032271909388)
1 (45.29015123577882,-73.69226653348952)
1 (45.585739404071,-73.54255926153414)
1 (45.58433555738557,-73.71041916870412)
1 (45.637094967093084,-73.63897023431868)
1 (45.541984414810024,-73.46678391102658)
1 (45.65198645373879,-73.62922493071144)
1 (45.377441023233516,-73.28709551322368)
1 (45.609879588425954,-73.43066816302017)
1 (45.657361686949464,-73.53296713794691)
1 (45.603774351068644,-73.2952091533824)
1 (45.48572729939156,-73.70243694833576)
1 (45.4773098357842,-73.58105613655542)
1 (45.42461885280417,-73.7193836655936)
1 (45.62598553595329,-73.65429153456904)
1 (45.39039636765738,-73.27312405637687)
1 (45.56371051956122,-73.6915123180712)
1 (45.71072105828043,-73.51042304033808)
1 (45.30950542915167,-73.27536623244323)
1 (45.61428680436267,-73.55744037280526)
1 (45.49342025035536,-73.27979474781284)
1 (45.65217746627544,-73.25880556412663)
1 (45.315594429600296,-73.63114903088783)
1 (45.41744235338426,-73.66505582913697)
1 (45.617873933569584,-73.605075933072)
1 (45.43778328825491,-73.67808977676204)
1 (45.34351307216372,-73.37717619109789)
1 (45.265171916957286,-73.37708246703512)
1 (45.567227613915605,-73.58791768219236)
1 (45.575767305052956,-73.3944755521201)
1 (45.57522841043345,-73.70914196522583)
1 (45.52367916533866,-73.29319914404033)
1 (45.662853552824096,-73.51073291941907)
1 (45.662923075148704,-73.71219975510029)
1 (45.39602994436745,-73.42162152655108)
1 (45.46333984157201,-73.59764232209615)
1 (45.5520338781108,-73.55928156569242)
1 (45.298301829370935,-73.6218212701363)
1 (45.3148829897415,-73.66622635191523)
1 (45.27470489162177,-73.41085964073125)
1 (45.551180804383975,-73.64074706943498)
1 (45.40904540302192,-73.4556923219889)
1 (45.633347783127554,-73.28223877737564)
1 (45.427307566908155,-73.56862316116107)
1 (45.30891162570743,-73.28894071341065)
1 (45.38093702183265,-73.46991298532869)
1 (45.536892372107324,-73.44777274419181)
1 (45.32635254382906,-73.54539929982028)
1 (45.525306519982735,-73.34218055365113)
1 (45.5112483262682,-73.50706565109394)
1 (45.40742739444619,-73.27450751197716)
1 (45.34736533768559,-73.61377216995098)
1 (45.58867737774059,-73.45439158381174)
1 (45.426460670387556,-73.26902647651649)
1 (45.28089097847516,-73.34404122574504)
1 (45.45388001461925,-73.70671724917489)
1 (45.616175750684505,-73.37497446151448)
1 (45.73243875567638,-73.6041505681744)
1 (45.49871174547134,-73.55891126641885)
1 (45.7282433038889,-73.32452232636781)
1 (45.50956797993979,-73.30798919260006)
1 (45.28963481859627,-73.58812780202983)
1 (45.72697815000975,-73.55632822310592)
1 (45.2706133785909,-73.70315247067607)
1 (45.26250574463721,-73.53620104651661)
1 (45.6309014583461,-73.55280624215207)
1 (45.64214222475882,-73.3076703384744)
1 (45.546231261864385,-73.33585602442184)
1 (45.38062007960861,-73.37053533346027)
1 (45.664491237897124,-73.59227987209478)
1 (45.70708590981301,-73.4017853065106)
1 (45.3860431155092,-73.31480839626484)
1 (45.40076699479041,-73.36048795514213)
1 (45.42982114852292,-73.45053770866063)
1 (45.586377992056605,-73.38514641183193)
1 (45.47075149844358,-73.33459059303715)
1 (45.62075282334322,-73.57603875840277)
1 (45.29858012676517,-73.56997097104409)
1 (45.37454991288332,-73.4069096998432)
1 (45.25337360233468,-73.57429935230057)
1 (45.275867464611274,-73.6466142943499)
1 (45.63875770288036,-73.45503534155812)
1 (45.436218458589835,-73.2919191631858)
1 (45.400384846126876,-73.55008571346028)
1 (45.523553593050536,-73.61764715752648)
1 (45.58417188402688,-73.38036511386998)
1 (45.281883498635715,-73.53970683120839)
1 (45.45652565426187,-73.40491893046227)
1 (45.72253994336975,-73.56027855621366)
1 (45.67707451142494,-73.34763610476458)
1 (45.52822890902231,-73.62253460262183)
1 (45.56334979659016,-73.47737264959042)
1 (45.61776689575021,-73.7447510462323)
1 (45.2764120196603,-73.57047427809715)
1 (45.616754819906085,-73.33052464473722)
1 (45.68659222280126,-73.36623013245566)
1 (45.66743241550919,-73.56303844070013)
1 (45.749319945397545,-73.641706789316)
1 (45.58956922411627,-73.28692539689041)
1 (45.43243470604235,-73.5827054514186)
1 (45.37348640343483,-73.26125951145882)
1 (45.58842913975088,-73.41225255195393)
1 (45.34616718627491,-73.6315598338134)
1 (45.65774719502523,-73.25707753067032)
1 (45.6019017458506,-73.41742260266176)
1 (45.722561930995504,-73.48594900839167)
1 (45.43002573016753,-73.74550304518253)
1 (45.70438322281867,-73.74153393413556)
1 (45.50405004985647,-73.4750478653685)
1 (45.413396195592675,-73.60961208335794)
1 (45.518842476424425,-73.26503592493988)
1 (45.712607342406706,-73.32602118029091)
1 (45.275510289475385,-73.51821413305424)
1 (45.25567572204737,-73.61262615520599)
1 (45.41724623854588,-73.50792187388062)
1 (45.59373276957186,-73.65889860054618)
1 (45.61363835932777,-73.34857712825375)
1 (45.42354469518645,-73.42536096010122)
1 (45.47580767540844,-73.31005330537755)
1 (45.36704738572297,-73.33919246540198)
1 (45.3602258099913,-73.29990606867672)
1 (45.43058468165086,-73.58071221573141)
1 (45.48517808535092,-73.64551500302174)
1 (45.69110616574283,-73.52224739875736)
1 (45.440575780295404,-73.60068541889365)
1 (45.29613209692686,-73.47806297280597)
1 (45.719184548010695,-73.2781110194679)
1 (45.544468187200394,-73.25557181575617)
1 (45.33532434482835,-73.47032869574137)
1 (45.635454292565825,-73.5639624325271)
1 (45.42570942077785,-73.56740210193334)
1 (45.635956386585626,-73.63667437846895)
1 (45.44633524347742,-73.50955122628449)
1 (45.316362426456784,-73.45881921222238)
1 (45.68918245936769,-73.42730050872777)
1 (45.74951806617498,-73.25968826812905)
1 (45.34299634911581,-73.32044872550354)
1 (45.44983924362554,-73.43390587555264)
1 (45.7135135358516,-73.31026904952594)
1 (45.35376442521889,-73.29258019743921)
1 (45.50024576947643,-73.66682851431517)
1 (45.60725985219328,-73.51797157164883)
1 (45.69929424227309,-73.46517123238675)
1 (45.43126718983975,-73.4017409728432)
1 (45.26465586854553,-73.36034037548005)
1 (45.28178364059503,-73.38775981938407)
1 (45.614096356914494,-73.59181947316556)
1 (45.60769032103394,-73.61575456380633)
1 (45.40990326370389,-73.43295376742118)
1 (45.73649549892198,-73.57172807624349)
1 (45.279695338406405,-73.39026811248746)
1 (45.285835214167726,-73.5951424778236)
1 (45.26795288650811,-73.53132834507964)
1 (45.506874367553436,-73.37126613172323)
1 (45.325047074339835,-73.37789819965353)
1 (45.61467724642598,-73.64988042427628)
1 (45.547284383131824,-73.34362480212805)
1 (45.45016736162407,-73.27871017706308)
1 (45.678845867034006,-73.72234091903303)
1 (45.74847193286667,-73.7214839727235)
1 (45.574488759820206,-73.74430258506297)
1 (45.35924752056932,-73.54644936400108)
1 (45.40049184214145,-73.71328648792849)
1 (45.47600879713466,-73.42146022227722)
1 (45.32056359035576,-73.71745163878273)
1 (45.283533323261175,-73.43642182728935)
1 (45.273295982535586,-73.37122545734579)
1 (45.425091072201184,-73.59292234783452)
1 (45.698234813823355,-73.49420499866766)
1 (45.324548058955294,-73.55429689052724)
1 (45.70875069376556,-73.5661692260299)
1 (45.67231933345735,-73.73716381257319)
1 (45.741633257133245,-73.71477899016291)
1 (45.298697310045874,-73.54764052318296)
1 (45.63569430841456,-73.39439670292367)
1 (45.713257257759345,-73.52198918326476)
1 (45.404654026074034,-73.30068805577208)
1 (45.284842476661545,-73.3223607571844)
1 (45.6731974542728,-73.4362739619378)
1 (45.37305751762109,-73.46359843839389)
1 (45.33932693288198,-73.59768091458227)
1 (45.69924861027472,-73.3067300825214)
1 (45.510999444067025,-73.39319375340908)
1 (45.362626089833896,-73.7488215752531)
1 (45.64052589920759,-73.72494518226218)
1 (45.66548466144629,-73.66728153396511)
1 (45.54632290595548,-73.47668180926706)
1 (45.310402909477794,-73.53950046188125)
1 (45.66834576696154,-73.44112705607141)
1 (45.57185421143756,-73.25587548462185)
1 (45.45089465979345,-73.29771669825305)
1 (45.72483727153857,-73.47581481079503)
1 (45.68447435533804,-73.71271312204149)
1 (45.33393487849328,-73.44223397391102)
1 (45.46700101740017,-73.37931024644253)
1 (45.46763572110538,-73.47034902294158)
1 (45.66388800650778,-73.54532102670298)
1 (45.504804420098644,-73.36123942549663)
1 (45.35640568692062,-73.29039530549193)
1 (45.4428609945506,-73.25969699116321)
1 (45.26819884198363,-73.51344609659604)
1 (45.50053183749816,-73.47929460138901)
1 (45.550958269523406,-73.27406777582756)
1 (45.33195971913898,-73.55540156317325)
1 (45.59198162569913,-73.29921045794893)
1 (45.33351143299887,-73.25904081538391)
1 (45.67872164401221,-73.61822970817572)
1 (45.32979734778614,-73.511025518641)
1 (45.418408571286925,-73.425661892499)
1 (45.37121795870761,-73.57673106951651)
1 (45.2644461940643,-73.39168046888287)
1 (45.46177818915055,-73.59715121859534)
1 (45.345520105081306,-73.745169030269)
1 (45.26296117602863,-73.42155516277455)
1 (45.52821911779434,-73.54370275144676)
1 (45.687128849591275,-73.35110535333668)
1 (45.26945977704551,-73.61845982842641)
1 (45.302217647921545,-73.281213551232)
1 (45.33111692709384,-73.74019034892693)
1 (45.61842308501154,-73.34320609980361)
1 (45.336001342323975,-73.59485036544656)
1 (45.617118191279324,-73.49303682630848)
1 (45.441689238608696,-73.68436448083112)
1 (45.31242620403172,-73.57632926732101)
1 (45.59669625404889,-73.27921052345309)
1 (45.70666884495398,-73.71494783245947)
1 (45.422101982431755,-73.54512571953144)
1 (45.71233727755682,-73.4105904260261)
1 (45.73096962362884,-73.4462137704959)
1 (45.465283687657376,-73.5455630786612)
1 (45.55776811919685,-73.49108824647676)
1 (45.44650704658764,-73.47993994335131)
1 (45.320492848170765,-73.33741762681578)
1 (45.46320753635339,-73.6977304463686)
1 (45.379294107135244,-73.70334330816655)
1 (45.313709913725795,-73.44246759130964)
1 (45.28716081597664,-73.45172188156961)
1 (45.375406654478006,-73.50480014260818)
1 (45.450570139000554,-73.61499888899989)
1 (45.4100479139471,-73.2812139219074)
1 (45.73100221386636,-73.51475137130814)
1 (45.57650557138403,-73.41392554698186)
1 (45.721832260037736,-73.50054229587649)
1 (45.477564949510686,-73.74728497284738)
1 (45.52935059022327,-73.68771015198685)
1 (45.544348205676854,-73.49569105398031)
1 (45.371524591793296,-73.41307268283903)
1 (45.67964932241403,-73.41206740771506)
1 (45.683604671436704,-73.45125403598927)
1 (45.33976140501398,-73.37436371956915)
1 (45.68578971706298,-73.34245025906256)
1 (45.6333027412279,-73.67034079809697)
1 (45.524905842683054,-73.47492825516302)
1 (45.55509892739661,-73.35806540739038)
1 (45.64941531293821,-73.34240917495273)
1 (45.6533539214031,-73.41108403634016)
1 (45.51506106347705,-73.65771724742487)
1 (45.74914413671344,-73.42316268685158)
1 (45.547065307039794,-73.74968090788951)
1 (45.288694832948295,-73.44777273913859)
1 (45.50403918481403,-73.4002533242096)
1 (45.51094943383976,-73.58217092885079)
1 (45.49862347626212,-73.49317494493793)
1 (45.35561783750557,-73.67496441086328)
1 (45.43036893460973,-73.54423119024212)
1 (45.4201905880185,-73.53946983278347)
1 (45.47747779664383,-73.36626381875573)
1 (45.298331779898774,-73.29296843916377)
1 (45.5757666164893,-73.28957509898477)
1 (45.29661406060689,-73.4141270131183)
1 (45.4855735419194,-73.51021917108484)
1 (45.33173510109261,-73.31739757627332)
1 (45.61032168059881,-73.2749056487666)
1 (45.25615551944301,-73.6841266593964)
1 (45.68406334623538,-73.73184589633145)
1 (45.446524212726295,-73.46539793756759)
1 (45.28956828227143,-73.38185291726498)
1 (45.71630758003648,-73.38130007302915)
1 (45.40338228446495,-73.65336111785247)
1 (45.48171518898377,-73.38535436079906)
1 (45.28977090153981,-73.69876298777518)
1 (45.61831496066168,-73.44125504632042)
1 (45.58157612972536,-73.5675648594633)
1 (45.59465690793091,-73.57186790796212)
1 (45.29275232931664,-73.4543446059165)
1 (45.25877515833839,-73.48760078650592)
1 (45.304710949565184,-73.74634948143485)
1 (45.583613761411655,-73.68280257300341)
1 (45.55659183619002,-73.60680293452873)
1 (45.748222709843574,-73.70476548062007)
1 (45.74819207004083,-73.32559446409734)
1 (45.64299608425996,-73.35019783204622)
1 (45.333521974941874,-73.64900723853982)
1 (45.73927535708066,-73.32870320025819)
1 (45.44282061012752,-73.26449365674789)
1 (45.256316425644755,-73.45184413287085)
1 (45.621351940769266,-73.56523932972301)
1 (45.69191990900403,-73.65978708930753)
1 (45.414415708816335,-73.25236172026598)
1 (45.55694974252431,-73.68531800874854)
1 (45.35974562366754,-73.25006977076218)
1 (45.56851631686531,-73.37718574605616)
1 (45.37083052440797,-73.31096675819869)
1 (45.61177571625827,-73.66127393199753)
1 (45.30768262340692,-73.57490861266426)
1 (45.4760977587046,-73.30901955276383)
1 (45.73519016933305,-73.7154358833466)
1 (45.707781194122774,-73.60778944707243)
1 (45.463430134318635,-73.66277754200301)
1 (45.3985450375115,-73.68759406154393)
1 (45.44917971588896,-73.7317806736342)
1 (45.346701102063044,-73.65256079168756)
1 (45.51335403365254,-73.30685034241814)
1 (45.28621337582658,-73.29400694004633)
1 (45.59521030583787,-73.54408940213094)
1 (45.27777565534035,-73.52474564636846)
1 (45.420897196205985,-73.34330862508521)
1 (45.39558974357013,-73.27142579068112)
1 (45.51129164454225,-73.619432864622)
1 (45.52370225438597,-73.39325006819537)
1 (45.392053067237406,-73.66405947553511)
1 (45.39655877579152,-73.26133335059843)
1 (45.69743887160438,-73.63353070077078)
1 (45.47986003035464,-73.43325626030867)
1 (45.578662885168335,-73.42986216152849)
1 (45.38985548045631,-73.39203715147103)
1 (45.43744199555391,-73.45522511795369)
1 (45.29188528985449,-73.58778831117094)
1 (45.50586438119609,-73.4194105828916)
1 (45.60228290844823,-73.52374049274673)
1 (45.68482597023146,-73.56280882812759)
1 (45.34167578236777,-73.36611258123318)
1 (45.33502026908992,-73.32491842547947)
1 (45.65227272140749,-73.52947145351494)
1 (45.38682962648967,-73.64025413288758)
1 (45.29690223727965,-73.39576968100967)
1 (45.698454631689565,-73.67975388271233)
1 (45.40336697486909,-73.2661670984028)
1 (45.54523146607899,-73.47639000060306)
1 (45.30410491149024,-73.32003496035281)
1 (45.467325200729334,-73.47867082862011)
1 (45.5481991678064,-73.26520944990831)
1 (45.437850564867105,-73.66507400000935)
1 (45.53045362060422,-73.50760430019591)
1 (45.43895982649648,-73.4261832425107)
1 (45.690552671152844,-73.54671027455244)
1 (45.54955061833661,-73.47940602727473)
1 (45.3842491027065,-73.41630210047785)
1 (45.55498516747457,-73.62362986977999)
1 (45.318074664637905,-73.33684158680875)
1 (45.38657524612449,-73.66803056798597)
1 (45.369244087135506,-73.32760845295815)
1 (45.38657572884263,-73.38047595250681)
1 (45.68322372803798,-73.34250859409181)
1 (45.47304283069184,-73.296574583809)
1 (45.65286196569137,-73.54380215794308)
1 (45.74815137311286,-73.71039882436104)
1 (45.73502921990373,-73.61266210969784)
1 (45.453428764743684,-73.63226762743189)
1 (45.55339130830541,-73.51451668166477)
1 (45.425851480206695,-73.44770442326009)
1 (45.36924048183071,-73.39054722030872)
1 (45.34986349052064,-73.44479136867928)
1 (45.276234414905964,-73.73450579901544)
1 (45.63211381692194,-73.29462138591681)
1 (45.38944416152274,-73.73618508221587)
1 (45.648074291263896,-73.47140506462473)
1 (45.35428783630817,-73.62941576133402)
1 (45.42268628191478,-73.48501977398894)
1 (45.6967275846812,-73.57338481541439)
1 (45.51079896838097,-73.66939417521675)
1 (45.37253318624771,-73.52136108039898)
1 (45.43739960477616,-73.62510121145696)
1 (45.350466435442065,-73.69058221698693)
1 (45.542499666362126,-73.25388878762996)
1 (45.68191621091367,-73.64110048147744)
1 (45.45102922120536,-73.64660728550018)
1 (45.267814857933296,-73.59980233370852)
1 (45.654204736831026,-73.39409877891104)
1 (45.43259241947426,-73.52861023206835)
1 (45.34557430227758,-73.68309325499342)
1 (45.45447599653026,-73.53304263391797)
1 (45.7023070416153,-73.3160126222749)
1 (45.38161714881823,-73.53885141781619)
1 (45.74028223058892,-73.55481366929982)
1 (45.28433126247068,-73.73037371800427)
1 (45.70014657504469,-73.43460671074114)
1 (45.55515845913787,-73.5445283089032)
1 (45.640746490099495,-73.42276705696601)
1 (45.470506333230745,-73.54905446774126)
1 (45.52620567497734,-73.51361199543297)
1 (45.47031081925825,-73.30263447407808)
1 (45.593406191677914,-73.54744632052288)
1 (45.495452012136504,-73.29795843598308)
1 (45.67774493745515,-73.72588495751496)
1 (45.74658770639237,-73.32658368504643)
1 (45.4567753688055,-73.46284187406357)
1 (45.39261815950309,-73.57660838812966)
1 (45.743707862344856,-73.36242958815723)
1 (45.56217134372236,-73.48072236151326)
1 (45.525730090355104,-73.25124434979163)
1 (45.397298751995386,-73.27311591235869)
1 (45.39572247525097,-73.31311747373341)
1 (45.53499761480493,-73.38902049901968)
1 (45.37018156588109,-73.47939366806725)
1 (45.60922616601874,-73.25032291690107)
1 (45.32102798658487,-73.31715272397011)
1 (45.733754299969966,-73.62473793789773)
1 (45.37446339091801,-73.73152153928828)
1 (45.43449292437243,-73.6244418605758)
1 (45.646154602690984,-73.35632860556183)
1 (45.648870818996784,-73.52286286705684)
1 (45.58876098479017,-73.54983399469371)
1 (45.69937892374352,-73.4154917174005)
1 (45.52518468029943,-73.43912283131056)
1 (45.57857746504957,-73.33211940229903)
1 (45.628911454111076,-73.46798115971237)
1 (45.45366227424035,-73.72382641346026)
1 (45.69142325352459,-73.39867836357887)
1 (45.51011241473928,-73.298341099349)
1 (45.48590184879348,-73.6980607738124)
1 (45.60599195853314,-73.46205267352069)
1 (45.39630614330521,-73.70271657408212)
1 (45.701154562623444,-73.64600738658261)
1 (45.73139414433174,-73.40670268910098)
1 (45.65890036356969,-73.54663419810748)
1 (45.28437374183556,-73.64842962998458)
1 (45.291560275021375,-73.29973963980386)
1 (45.73060484639666,-73.39078091495927)
1 (45.43603383655456,-73.32847891109793)
1 (45.37813855894872,-73.6903990191056)
1 (45.40048226419317,-73.56255391758175)
1 (45.598867532878224,-73.338300332929)
1 (45.319179366588244,-73.41680630657984)
1 (45.4716747459359,-73.52458711772827)
1 (45.288948614430005,-73.34266705342002)
1 (45.263206367252,-73.735004794422)
1 (45.63766553247906,-73.42559165365005)
1 (45.356757612982555,-73.42644855362902)
1 (45.29298021698341,-73.39565325365619)
1 (45.61524870096428,-73.35225351312731)
1 (45.47771587400348,-73.54688400967667)
1 (45.430381389232736,-73.71620836840374)
1 (45.35732458205129,-73.42374772972515)
1 (45.366804921646306,-73.62671269193008)
1 (45.30433276379764,-73.73029492363206)
1 (45.357483215585354,-73.59935378758803)
1 (45.62488425867117,-73.74909457701324)
1 (45.34444371328144,-73.61740915838112)
1 (45.41328988872725,-73.62295453787664)
1 (45.58770154845337,-73.5053864797126)
1 (45.66191800582711,-73.65273555187282)
1 (45.584390665343555,-73.60069299695998)
1 (45.35581156320465,-73.2992322419466)
1 (45.649997236535754,-73.42288224317662)
1 (45.5240927034769,-73.3461366349234)
1 (45.714078691328254,-73.73865591864285)
1 (45.60351689016815,-73.68451853084674)
1 (45.27396512473289,-73.60390481209022)
1 (45.49346428464179,-73.41704943081464)
1 (45.73167799625498,-73.63155238954606)
1 (45.34620692141186,-73.45236503886169)
1 (45.51166451058537,-73.38582096956353)
1 (45.441465777848144,-73.46650410258805)
1 (45.419934034935224,-73.43977022562835)
1 (45.440073060223824,-73.54927956902513)
1 (45.65879658676345,-73.25356348450448)
1 (45.397980402061805,-73.52873070827344)
1 (45.255641375673264,-73.63589777580574)
1 (45.64890457862391,-73.37647307063386)
1 (45.399056818732866,-73.64038903432605)
1 (45.5315782169119,-73.74080599920974)
1 (45.30108172865567,-73.32243422537384)
1 (45.445873667247916,-73.53285539612203)
1 (45.7204905811142,-73.34017781961484)
1 (45.37099401329979,-73.60382238753918)
1 (45.688754176630574,-73.42569025757494)
1 (45.268475923696954,-73.39857664439613)
1 (45.27768007264176,-73.27932183572132)
1 (45.72292493601394,-73.55237589276973)
1 (45.43572578890165,-73.45142563128202)
1 (45.74420448505703,-73.71341114173819)
1 (45.49859063579899,-73.2712486302582)
1 (45.366225720886895,-73.42417031502201)
1 (45.44893071211737,-73.36277081950473)
1 (45.529536012156406,-73.67928072209148)
1 (45.3599046388721,-73.25162738108195)
1 (45.727579825773695,-73.29653393449078)
1 (45.707745877902155,-73.51597937472287)
1 (45.529806422066486,-73.49121436901197)
1 (45.37967104277345,-73.36730434353642)
1 (45.36872446082219,-73.53164620452927)
1 (45.7351714170848,-73.46455799811442)
1 (45.392554773854336,-73.57604093697931)
1 (45.501098732145536,-73.66701431154343)
1 (45.74030773398494,-73.74727085337052)
1 (45.59394398390064,-73.31732121337674)
1 (45.29191320781778,-73.69311197337223)
1 (45.66632183367977,-73.51691510034114)
1 (45.28245598802354,-73.30479253779389)
1 (45.268911038944594,-73.71091738006444)
1 (45.64662121282601,-73.42635141468158)
1 (45.503964985677015,-73.73899195995094)
1 (45.577129474174555,-73.2813537953013)
1 (45.42199425327361,-73.33237314458263)
1 (45.539242267283065,-73.47192904043028)
1 (45.67933689726798,-73.34537863287545)
1 (45.38234447970615,-73.26788928537499)
1 (45.631070093611214,-73.30220296317638)
1 (45.729160923445995,-73.50085460365948)
1 (45.58108010544111,-73.61664214764761)
1 (45.50334004335865,-73.70985402540289)
1 (45.3490959186909,-73.60363074662635)
1 (45.27693868981434,-73.25078948047202)
1 (45.64310521986733,-73.64707803565666)
1 (45.58076734982116,-73.3824426453709)
1 (45.44480936729437,-73.61847044353038)
1 (45.422606516827,-73.37637276866876)
1 (45.72563768660384,-73.35506293248558)
1 (45.50097997076502,-73.46709649729358)
1 (45.31132946860396,-73.70521236973752)
1 (45.485472296462575,-73.46235859228663)
1 (45.604205230281174,-73.33151147097803)
1 (45.25850306966333,-73.57109546839382)
1 (45.65398751247056,-73.62986233550735)
1 (45.67802132626542,-73.47886159050316)
1 (45.740394121339634,-73.27448420747722)
1 (45.72575967458729,-73.40703135262933)
1 (45.693715719060705,-73.53508019542176)
1 (45.351487898799206,-73.33300748555185)
1 (45.63320230498487,-73.63299366354337)
1 (45.41013216228579,-73.72395973015944)
1 (45.64732189077053,-73.50816497320508)
1 (45.31567620919409,-73.54628547341994)
1 (45.67481764646207,-73.45805515381173)
1 (45.403437091266376,-73.45702719817423)
1 (45.47097824605773,-73.68343318275446)
1 (45.50060861140397,-73.46189943255591)
1 (45.55964934049433,-73.33402937426428)
1 (45.353891396799035,-73.43737077229434)
1 (45.478252405737685,-73.68953741930497)
1 (45.352579412114856,-73.26141480239133)
1 (45.42044053459383,-73.63830363391881)
1 (45.41564834260596,-73.37908638764495)
1 (45.569008809626006,-73.62727191281225)
1 (45.48219232605285,-73.44499796671728)
1 (45.490290530741014,-73.25235860362551)
1 (45.25598097021243,-73.73506343429639)
1 (45.430508552700076,-73.6384121510045)
1 (45.70695963634665,-73.3045450570497)
1 (45.714414372996416,-73.7222673718425)
1 (45.325191556206036,-73.38848203638298)
1 (45.697035914936535,-73.5011352008568)
1 (45.25604132152877,-73.29399700729864)
1 (45.360468219068196,-73.74167383381756)
1 (45.71932490406108,-73.52177011762559)
1 (45.67937953301916,-73.56256778006025)
1 (45.529702166753225,-73.57613781585401)
1 (45.30126848593898,-73.70529709601375)
1 (45.59076379078562,-73.37981701844909)
1 (45.40049652160169,-73.69400881527228)
1 (45.43106499042886,-73.4001727532704)
1 (45.26873286582669,-73.45600901533865)
1 (45.68678455523522,-73.51924063663967)
1 (45.29868753329811,-73.32937352754482)
1 (45.412738178934674,-73.3393835871477)
1 (45.50287148943041,-73.72353147678382)
1 (45.72115109247187,-73.5105048083043)
1 (45.58461091234823,-73.52240576308986)
1 (45.50589563453928,-73.29315746925792)
1 (45.344656165097646,-73.62780050295696)
1 (45.40882523728668,-73.4346840314627)
1 (45.363464136021996,-73.33320556135106)
1 (45.724387131750426,-73.53268659004233)
1 (45.446595982040094,-73.4950439965541)
1 (45.61887173048416,-73.39167217080264)
1 (45.25866059067676,-73.72961871206792)
1 (45.36145748896529,-73.44463522690293)
1 (45.399847299366556,-73.60961986280202)
1 (45.725635963388534,-73.61163219750057)
1 (45.39832980575069,-73.5640353119276)
1 (45.32165230850364,-73.50207134729176)
1 (45.70168630847713,-73.39966168172197)
1 (45.363272452025775,-73.63648374792444)
1 (45.250969382596274,-73.56114413582145)
1 (45.255488799927804,-73.366959389297)
1 (45.612172261367945,-73.42957847235422)
1 (45.41370234447535,-73.41322540238382)
1 (45.42157655144711,-73.62718959115686)
1 (45.38946947325942,-73.40351120564017)
1 (45.573829503961726,-73.4474556852666)
1 (45.68307794637297,-73.51588853852493)
1 (45.64458766420276,-73.66627840179245)
1 (45.569017041908076,-73.25669208808192)
1 (45.49317638838708,-73.61040413312462)
1 (45.34683255688243,-73.58791968661245)
1 (45.33495366435804,-73.46428257025535)
1 (45.656908623670354,-73.52517865325937)
1 (45.30792933370688,-73.38590378330498)
1 (45.36839343993036,-73.47178820031763)
1 (45.68367964432124,-73.57588573128072)
1 (45.55478724806363,-73.43306550322718)
1 (45.38870992647945,-73.502189416628)
1 (45.72163649496813,-73.36761614417757)
1 (45.4091566543822,-73.5253196949268)
1 (45.74032894834286,-73.27961758701201)
1 (45.449083461038086,-73.6957247148373)
1 (45.37216030676853,-73.73762729702693)
1 (45.40061386239886,-73.50633798310648)
1 (45.33764349489351,-73.3213650386164)
1 (45.26275679224614,-73.37881201559584)
1 (45.59745800813618,-73.54821207198385)
1 (45.61501923218854,-73.64197340738332)
1 (45.363486836007354,-73.61583745130957)
1 (45.611763770228045,-73.72538438330838)
1 (45.351064944238416,-73.31640534542387)
1 (45.71375674891198,-73.73962636893813)
1 (45.416863515075796,-73.73123441206975)
1 (45.51446641668095,-73.54802686573541)
1 (45.500760293038844,-73.30257396199589)
1 (45.550408467469936,-73.3520308503232)
1 (45.704597022174,-73.6013291926859)
1 (45.407199773265816,-73.71427399076556)
1 (45.395900723672625,-73.56611082243226)
1 (45.7459693265185,-73.32964502205408)
1 (45.42044637514758,-73.67990252196606)
1 (45.578388771672365,-73.72523017587105)