2350 2350
101 (45.5,-73.5)
1 (45.34396437018014,-73.47593245159237)
1 (45.712823037650715,-73.42501325856725)
1 (45.62034687699925,-73.4240031455703)
1 (45.27896512663758,-73.45456002638198)
1 (45.70138299754722,-73.64257694231563)
1 (45.61380703332884,-73.38464642326389)
1 (45.36135335586301,-73.51033230280669)
1 (45.55791241152198,-73.42089538509403)
1 (45.408740730600876,-73.61369904958894)
1 (45.36769465272954,-73.33896743695988)
1 (45.496863830638,-73.5640487635783)
1 (45.496767373602886,-73.34170605346586)
1 (45.42541731584087,-73.54975942373684)
1 (45.43742269437278,-73.67586877712107)
1 (45.64570190484434,-73.55429140208257)
1 (45.64190576417295,-73.5916809165357)
1 (45.64375408186512,-73.47170479811712)
1 (45.26239251097144,-73.45842900788526)
1 (45.47763587275125,-73.38571623729858)
1 (45.558440669822524,-73.56366652219853)
1 (45.48782075845918,-73.54743603434912)
1 (45.32117260028371,-73.32233511118477)
1 (45.5829127323064,-73.59034469707136)
1 (45.554561482158505,-73.30520985069869)
1 (45.52686121197429,-73.25886080702935)
1 (45.43593102014221,-73.66355747682718)
1 (45.318385234202914,-73.39902000975171)
1 (45.25014175683374,-73.67875226909985)
1 (45.558496320394134,-73.66632804330344)
1 (45.554925682024724,-73.30182443733177)
1 (45.64781003867873,-73.34676873724594)
1 (45.288443901699374,-73.66852144756554)
1 (45.74176201218731,-73.36224064220391)
1 (45.37438051978965,-73.68044330596264)
1 (45.61889517271442,-73.4413640963885)
1 (45.61474899338286,-73.3321681018269)
1 (45.485060569410926,-73.58064363010112)
1 (45.286075889689684,-73.53801464356798)
1 (45.74467484804829,-73.29938810111882)
1 (45.370739688181146,-73.27019459571582)
1 (45.41910356561444,-73.30458457147469)
1 (45.261981149857846,-73.36258677599683)
1 (45.6817898587521,-73.52908936981551)
1 (45.57846452284645,-73.36122205579886)
1 (45.409924214908884,-73.58804299274662)
1 (45.4122575928403,-73.31379733613147)
1 (45.72325150330204,-73.51433347753226)
1 (45.41271153762648,-73.3861430655173)
1 (45.69203746922287,-73.68422577621948)
1 (45.57795990661278,-73.6735487368225)
1 (45.74826742497702,-73.62894264906011)
1 (45.48561955066412,-73.53920666910018)
1 (45.32682600146383,-73.44702549420192)
1 (45.444764199819325,-73.26076451640324)
1 (45.396707207485505,-73.28572179549462)
1 (45.69235504964614,-73.69908268932559)
1 (45.3162301098573,-73.34743832371572)
1 (45.289050785296446,-73.62077324327822)
1 (45.360786115927574,-73.59946770140874)
1 (45.291682839816104,-73.70795209312243)
1 (45.32681964765503,-73.32173863480091)
1 (45.592669843303284,-73.67486715595545)
1 (45.311544816268245,-73.31825814551779)
1 (45.52025873834119,-73.28167040536245)
1 (45.60432625562872,-73.54320705300063)
1 (45.387718028135765,-73.39058205737948)
1 (45.602703556561025,-73.55231810093863)
1 (45.664472174751495,-73.54905100541774)
1 (45.283713871154916,-73.58420882454688)
1 (45.31765421777611,-73.40824565856131)
1 (45.51946860956997,-73.70475953343391)
1 (45.638667102925375,-73.5933151391956)
1 (45.42486565347218,-73.31041940031263)
1 (45.52608250378361,-73.43434103564847)
1 (45.46486922533599,-73.38349199217222)
1 (45.74356908061423,-73.74375553710489)
1 (45.72896559321392,-73.72399415273325)
1 (45.60953052049512,-73.58723215328736)
1 (45.60120332919477,-73.4486006194284)
1 (45.403746888452645,-73.74066062340306)
1 (45.51565272600595,-73.34747901137743)
1 (45.49555125916982,-73.25579837546624)
1 (45.5891698673399,-73.72448866572161)
1 (45.307936615227725,-73.27154596523394)
1 (45.666026259210376,-73.61525894999701)
1 (45.732476544377995,-73.40652470434968)
1 (45.69226620307663,-73.28108121504627)
1 (45.50105644351786,-73.25174006228953)
1 (45.36157955023118,-73.6143412485719)
1 (45.302150150630176,-73.64959478377641)
1 (45.63902827587017,-73.56338709866019)
1 (45.60174027481636,-73.59737127814269)
1 (45.574141264089725,-73.39127024338707)
1 (45.6919688743821,-73.74953338185476)
1 (45.26069222808237,-73.5237157952172)
1 (45.44421819355679,-73.6138026602815)
1 (45.38690174181776,-73.41697064139471)
1 (45.58755957293969,-73.64094542285483)
1 (45.546854991708635,-73.28584629198335)
1 (45.56837206189248,-73.4975617292889)
1 (45.35160256092404,-73.6763161007229)
1 (45.67242022835416,-73.38489818969978)
1 (45.38671249158001,-73.74544468629757)
1 (45.60679424837216,-73.32481199537435)
1 (45.71196769573662,-73.72422009770436)
1 (45.64585340173424,-73.37649384548615)
1 (45.38845324418979,-73.38602749083987)
1 (45.742677651979164,-73.27441310761225)
1 (45.44845424770096,-73.42504583816597)
1 (45.6955199013723,-73.48917891396209)
1 (45.29438563235525,-73.46476735853808)
1 (45.537365169962534,-73.70861641272047)
1 (45.72440075482988,-73.46713211041808)
1 (45.285941004034214,-73.71633773700844)
1 (45.63437695897397,-73.59743834341333)
1 (45.55138669269614,-73.60944301127316)
1 (45.43865150114567,-73.61923209472943)
1 (45.749277317305584,-73.74571677629402)
1 (45.38518242224975,-73.64679738711783)
1 (45.307811792620825,-73.74379103975191)
1 (45.71473462296871,-73.57066171752746)
1 (45.289712328046,-73.2772265275557)
1 (45.52824197781187,-73.69369889787093)
1 (45.27174621658261,-73.30531895713077)
1 (45.281672429167756,-73.57195480725369)
1 (45.637768810525735,-73.26966804505987)
1 (45.5235235393016,-73.74523945799926)
1 (45.64480024058859,-73.65615197790619)
1 (45.3265018402596,-73.46782145757496)
1 (45.71588624733005,-73.67693090802572)
1 (45.341990255607215,-73.70922938150001)
1 (45.3983571862833,-73.66645829988252)
1 (45.52358319583524,-73.58920703741907)
1 (45.30158735092361,-73.60920945147822)
1 (45.3242703498489,-73.53928810195434)
1 (45.59447000543042,-73.52494208608442)
1 (45.57077545813477,-73.34624811570018)
1 (45.29956187248809,-73.72978423114716)
1 (45.258107321624784,-73.32986007868219)
1 (45.668214205625404,-73.268300128504)
1 (45.68755613202868,-73.73892269922425)
1 (45.35899561083655,-73.5729155262535)
1 (45.69216891938841,-73.51544842870803)
1 (45.47032521351372,-73.6526888811078)
1 (45.65516371688632,-73.37719133848698)
1 (45.697473132118056,-73.34339575666728)
1 (45.62879279995284,-73.70336281969215)
1 (45.49394826620125,-73.36524900215278)
1 (45.60384113352365,-73.47742610124895)
1 (45.61778193057699,-73.63330777846569)
1 (45.363247099452494,-73.54427866375879)
1 (45.334328975560126,-73.44873408951126)
1 (45.377257997590426,-73.67692424054609)
1 (45.328946395793935,-73.36653577418821)
1 (45.36208406000061,-73.41990453853144)
1 (45.555272704545324,-73.68729050691016)
1 (45.42919005220387,-73.38330345643769)
1 (45.30781961842139,-73.6565757800483)
1 (45.69816472403194,-73.60205455865655)
1 (45.2612008592472,-73.5764352716318)
1 (45.33253376902463,-73.25057570853522)
1 (45.56256120985118,-73.63819261482757)
1 (45.68493300820655,-73.4124226502033)
1 (45.29863223206994,-73.37527876374574)
1 (45.605734270394606,-73.74869619921711)
1 (45.284329216255685,-73.70847009252437)
1 (45.4775170086769,-73.28735570826576)
1 (45.63591751093702,-73.61403920879275)
1 (45.68670473446937,-73.66838474161818)
1 (45.49851423910983,-73.48780152562632)
1 (45.53323599488041,-73.52692225115338)
1 (45.595055108540016,-73.30489577222109)
1 (45.509315372634795,-73.27801615092505)
1 (45.45184398792223,-73.68636712168247)
1 (45.449090932483784,-73.3825737414861)
1 (45.734416393004324,-73.4792271690678)
1 (45.26253008526133,-73.72437657131785)
1 (45.59668623944675,-73.43664546258326)
1 (45.31881683245381,-73.51269524345948)
1 (45.306208462812286,-73.54928262345975)
1 (45.537268993118886,-73.64408269373904)
1 (45.65887847753151,-73.52750574745556)
1 (45.377074934519044,-73.71034235190278)
1 (45.3375026404894,-73.36733209260285)
1 (45.69107487227463,-73.32746066879653)
1 (45.40041222140446,-73.350427671931)
1 (45.32336296611757,-73.68246134179195)
1 (45.50865669005849,-73.73034261591154)
1 (45.38566173077506,-73.65168164390474)
1 (45.313300238321226,-73.74339595624565)
1 (45.34322154097486,-73.53488923914755)
1 (45.62795904825155,-73.45322763316607)
1 (45.37742350650561,-73.3749506805418)
1 (45.60595472660548,-73.29301622729155)
1 (45.46931476331804,-73.49243092961729)
1 (45.62632300370346,-73.50871623293281)
1 (45.26598121021094,-73.25854614836503)
1 (45.468404631480134,-73.53039926335242)
1 (45.5499632918605,-73.25830991999173)
1 (45.6208591625462,-73.60688905965112)
1 (45.53084638503594,-73.35850617697389)
1 (45.72768019089513,-73.33136040722732)
1 (45.71770789603556,-73.29228982797464)
1 (45.721154123451875,-73.46242797100678)
1 (45.31127927735077,-73.70375936264554)
1 (45.62969281042051,-73.70648103353957)
1 (45.37548164312909,-73.66176339054503)
1 (45.37708357015787,-73.37262605106145)
1 (45.50941963119834,-73.45249628475517)
1 (45.608938479894405,-73.54157895416607)
1 (45.34296889407609,-73.49510586134153)
1 (45.691988043524155,-73.60420509683495)
1 (45.421768333489574,-73.4935790329314)
1 (45.532352767564646,-73.72413465876032)
1 (45.43072910873544,-73.44158968798894)
1 (45.250039195099106,-73.46198733654663)
1 (45.729098004823946,-73.3347852661315)
1 (45.52864553363318,-73.46622018862226)
1 (45.33466378369422,-73.41715737332532)
1 (45.63162500403616,-73.28746821781596)
1 (45.29987072208243,-73.49468399351083)
1 (45.63944355912949,-73.50947764147125)
1 (45.36840444518446,-73.29034931831697)
1 (45.415581807766486,-73.51033728107376)
1 (45.38724085963706,-73.48993981806301)
1 (45.65356911653821,-73.27269404204537)
1 (45.67619991213061,-73.53768359904862)
1 (45.59210147553288,-73.25099378884595)
1 (45.42472135080817,-73.38484244920085)
1 (45.61078265202997,-73.37751955745705)
1 (45.693881016406,-73.27278455380721)
1 (45.4351416534214,-73.34710425654637)
1 (45.25059130053404,-73.74485846739825)
1 (45.586317728655466,-73.3628759151624)
1 (45.25048078297507,-73.42855692775572)
1 (45.50816739881994,-73.55224843995684)
1 (45.71612332911539,-73.71100222529384)
1 (45.49253632212051,-73.27360183483657)
1 (45.328088268175556,-73.74670265610628)
1 (45.602052166467914,-73.52970094365713)
1 (45.257708425262294,-73.28682262623323)
1 (45.259032599875646,-73.68388244749644)
1 (45.62251415940027,-73.60387696250834)
1 (45.52896641559741,-73.63939518067177)
1 (45.63795682614172,-73.3048028322884)
1 (45.37751330866577,-73.59100947963509)
1 (45.6723463083555,-73.5787808349352)
1 (45.321081826407145,-73.39111650114451)
1 (45.68585269892823,-73.41396963155518)
1 (45.42278286774565,-73.49001915708322)
1 (45.448973193122384,-73.53948654460825)
1 (45.507919361841914,-73.31197156675917)
1 (45.49104098136821,-73.30550943108598)
1 (45.28616143074256,-73.3147546398895)
1 (45.42515363393515,-73.40529327396777)
1 (45.2711691815452,-73.3511805912774)
1 (45.63232442035599,-73.26818768348949)
1 (45.48266379357978,-73.30589992430839)
1 (45.26471067222081,-73.61240962726316)
1 (45.40081074454059,-73.32023960959368)
1 (45.645448953690675,-73.54036867257642)
1 (45.51826750457445,-73.74153203436349)
1 (45.400927963891384,-73.68775988488017)
1 (45.60136091006941,-73.74149931744718)
1 (45.56025545538549,-73.3004325592154)
1 (45.42859819195927,-73.34073839809676)
1 (45.396226510751475,-73.71021099477039)
1 (45.3220784811733,-73.35320767026757)
1 (45.46227617223778,-73.51238640788692)
1 (45.7253602302482,-73.52584629430137)
1 (45.60070024119974,-73.31351700191314)
1 (45.4099530786805,-73.39406295838319)
1 (45.658853838503816,-73.71846631489177)
1 (45.61184093578439,-73.60381123132127)
1 (45.25208819330657,-73.26027791289998)
1 (45.50930662999714,-73.66532416336393)
1 (45.654861584044994,-73.74552726556936)
1 (45.45381631230758,-73.30231113998956)
1 (45.28476168851205,-73.49120990891376)
1 (45.25683549074713,-73.74352569643183)
1 (45.268101782977055,-73.6670177781527)
1 (45.617186600209116,-73.47109322366265)
1 (45.74030447626904,-73.42902357264165)
1 (45.44592139053004,-73.59184315607371)
1 (45.339462103475306,-73.73733609945101)
1 (45.40866964658662,-73.6341204554555)
1 (45.2972640404352,-73.69120730688958)
1 (45.4590392245657,-73.69315712755808)
1 (45.6179065891177,-73.39036493175568)
1 (45.480880241732976,-73.45306434584285)
1 (45.562652170673324,-73.74101250240406)
1 (45.392090065034125,-73.70286185148015)
1 (45.5253802224086,-73.26898137792945)
1 (45.688123636612076,-73.53769123522727)
1 (45.3927729188833,-73.38093760659181)
1 (45.41948714193333,-73.49446565365196)
1 (45.631704826942105,-73.62733923681131)
1 (45.50423124166967,-73.41368857445171)
1 (45.63595606255157,-73.36800777357793)
1 (45.573823305099395,-73.3460299448353)
1 (45.29454464336384,-73.32272031727095)
1 (45.73876668055351,-73.33347840687885)
1 (45.314774250920564,-73.30514707965463)
1 (45.73894773583773,-73.39049380556878)
1 (45.54451954362338,-73.48875172795611)
1 (45.41293038163047,-73.49056469755433)
1 (45.39032188508377,-73.33794012984795)
1 (45.28028037883186,-73.32793084910288)
1 (45.42054411809342,-73.35678602340839)
1 (45.281490720687295,-73.57296151818535)
1 (45.37613388928224,-73.56107994652197)
1 (45.36119191120725,-73.27278539632057)
1 (45.58547067827904,-73.5672410555576)
1 (45.612069953581965,-73.4662489159905)
1 (45.694322547442724,-73.41379899927557)
1 (45.61927758158088,-73.4841347711415)
1 (45.677114391066645,-73.687696422446)
1 (45.45811295595769,-73.2918033149653)
1 (45.29151036479319,-73.71858028567785)
1 (45.50135299301915,-73.6020245453965)
1 (45.474738553708264,-73.5295433892694)
1 (45.28686703486347,-73.34074937075133)
1 (45.65713737073934,-73.39244532582242)
1 (45.68099980883207,-73.38792372420932)
1 (45.58607825156792,-73.72998513260842)
1 (45.44870069900824,-73.3391801537304)
1 (45.51172064774954,-73.73511584986163)
1 (45.607489846282036,-73.34234660028964)
1 (45.484980471155716,-73.44118418666217)
1 (45.59908987228449,-73.35519250330083)
1 (45.5576445136076,-73.57334631344689)
1 (45.35991521303468,-73.44768832405383)
1 (45.35473872793696,-73.34335410254502)
1 (45.309599277100915,-73.53328438697872)
1 (45.31005921256121,-73.41572374083975)
1 (45.60535311161774,-73.65932090680118)
1 (45.31720050123427,-73.57359184555638)
1 (45.729187416280745,-73.7166613196231)
1 (45.650466509198004,-73.64723209394955)
1 (45.584893000242886,-73.64299659582913)
1 (45.252725390423585,-73.53724828793581)
1 (45.28216313711027,-73.39299849388854)
1 (45.37057006665402,-73.66787793155791)
1 (45.67635455271739,-73.63160552125424)
1 (45.54107233317081,-73.4436332065297)
1 (45.51412194179854,-73.2742055617201)
1 (45.59896890985425,-73.25467415092949)
1 (45.70752436284556,-73.64933450499342)
1 (45.67829380363528,-73.28285203484822)
1 (45.32219008381224,-73.69574116130376)
1 (45.628271993225816,-73.30127876605879)
1 (45.31873956410045,-73.72627371933118)
1 (45.3497153053098,-73.33557096892865)
1 (45.430904819237576,-73.39602363382345)
1 (45.28521207300071,-73.4645857047424)
1 (45.298646529758216,-73.6015184394294)
1 (45.66407808759928,-73.68250746414238)
1 (45.60005855088468,-73.61148526658211)
1 (45.611336907273724,-73.62256420247218)
1 (45.44196273859376,-73.28781237231476)
1 (45.378923486489356,-73.55544296450525)
1 (45.675835416825706,-73.29781655526615)
1 (45.74685606216378,-73.42264399513066)
1 (45.60306993035175,-73.74577963161175)
1 (45.572296606065606,-73.74655465203433)
1 (45.721568079708334,-73.66294766172355)
1 (45.535221291364934,-73.57494298906727)
1 (45.74426665471834,-73.2907922913161)
1 (45.3408479759279,-73.66786329240406)
1 (45.589443115799206,-73.57231368296951)
1 (45.49101870410516,-73.41963433859051)
1 (45.40250846839269,-73.73052025632617)
1 (45.72941077087533,-73.527593737202)
1 (45.41948292028642,-73.2619508593612)
1 (45.3987508266351,-73.67274977709232)
1 (45.62346369399382,-73.60621037930174)
1 (45.7221322316317,-73.46524534157648)
1 (45.67713244211377,-73.6699703562818)
1 (45.435086701484316,-73.62971615791724)
1 (45.5367130140284,-73.28574167705152)
1 (45.25023697356971,-73.36216884640058)
1 (45.465778690953144,-73.57195665414304)
1 (45.33215809607959,-73.48092198786256)
1 (45.37092105579882,-73.53150363934894)
1 (45.296500624763496,-73.41944671924885)
1 (45.47553132586225,-73.58083739338845)
1 (45.724479976138724,-73.26861084609197)
1 (45.33280788657457,-73.54114429338779)
1 (45.30151170011977,-73.46987396152217)
1 (45.5545922496078,-73.4467714969645)
1 (45.447073423467735,-73.38939864643778)
1 (45.39874885430313,-73.33423510990934)
1 (45.701800015081446,-73.365835977411)
1 (45.514542529377145,-73.46760248772247)
1 (45.67736901573925,-73.42171147568652)
1 (45.69283054789698,-73.73289947754265)
1 (45.55490963878637,-73.65988063496697)
1 (45.4058746237377,-73.69542386419654)
1 (45.43846886650638,-73.43244105150471)
1 (45.25019135335112,-73.55945167120196)
1 (45.331494529987424,-73.66978128261128)
1 (45.62509812108344,-73.49980344104503)
1 (45.6063454510633,-73.29211446181938)
1 (45.589474405804864,-73.54909326087527)
1 (45.579515053057044,-73.39488755705167)
1 (45.339747092362124,-73.42321343936918)
1 (45.68855527112053,-73.40287532989251)
1 (45.643221335571035,-73.35071365940527)
1 (45.29061342425026,-73.62556095082752)
1 (45.34261714038803,-73.63921332632856)
1 (45.26704565899477,-73.61857300357433)
1 (45.720034731181066,-73.36384193068496)
1 (45.4237462147686,-73.46249198663081)
1 (45.571560393820285,-73.6989321855423)
1 (45.62263254703856,-73.51125687944707)
1 (45.29733757218264,-73.53479645628686)
1 (45.666152113536064,-73.33769581388559)
1 (45.65616636047339,-73.62639747985958)
1 (45.68372763339479,-73.51337250877262)
1 (45.56855770747547,-73.61007955587083)
1 (45.63673295329482,-73.50398316041502)
1 (45.47765706312864,-73.29825725248394)
1 (45.56689293743937,-73.33995663693408)
1 (45.29356545683306,-73.72006385682973)
1 (45.36192625136053,-73.33470353291024)
1 (45.35332418997391,-73.41844235608882)
1 (45.60180079229225,-73.47012776740534)
1 (45.62619260138584,-73.54101725892357)
1 (45.47914732452458,-73.65055743884234)
1 (45.58183685792921,-73.27331587139304)
1 (45.35817757695918,-73.34216930880633)
1 (45.71766071032857,-73.65851339739493)
1 (45.74787903200241,-73.66527469116973)
1 (45.71074765765529,-73.32785635326199)
1 (45.31730909764854,-73.29150213077125)
1 (45.51974707335245,-73.63027450619533)
1 (45.5734874629604,-73.51695541574543)
1 (45.51252538851314,-73.59842198012187)
1 (45.45568601395805,-73.63584337484603)
1 (45.336516279197085,-73.62149349168345)
1 (45.373841514487225,-73.72687087865589)
1 (45.28044257322941,-73.61264235278624)
1 (45.63336713379393,-73.68684845417587)
1 (45.29844558688846,-73.3606821817545)
1 (45.74381451635436,-73.30252086887982)
1 (45.680645761929426,-73.64198482104156)
1 (45.30463896154144,-73.34253303977006)
1 (45.557772267893526,-73.5390924825307)
1 (45.49774615763099,-73.57674454860762)
1 (45.521736830777,-73.26754231133378)
1 (45.69354945373461,-73.28977200063255)
1 (45.62889094282295,-73.65175755285865)
1 (45.29494266660693,-73.74968161464348)
1 (45.42819344507002,-73.71458939606714)
1 (45.701894154402396,-73.72117205456767)
1 (45.42262910953937,-73.65319954620381)
1 (45.67829345811058,-73.47538078381336)
1 (45.52895672439303,-73.26645359648339)
1 (45.44223293628542,-73.3456151528283)
1 (45.64822898688532,-73.67585114567244)
1 (45.48108236731373,-73.70985221110799)
1 (45.39751423124713,-73.4432487527649)
1 (45.413515277956634,-73.34676935169097)
1 (45.381863755404105,-73.43423748272916)
1 (45.682071643131884,-73.4123609913192)
1 (45.6048065256491,-73.50601725588979)
1 (45.461892381270985,-73.31886405628926)
1 (45.72551638259793,-73.31296546790007)
1 (45.41393664522335,-73.56675849818582)
1 (45.371285269284634,-73.7218282021248)
1 (45.29429410760644,-73.58402663193395)
1 (45.60504907311831,-73.51156739597575)
1 (45.455129630037355,-73.36464835790434)
1 (45.4294511030809,-73.70037814174977)
1 (45.437349078299555,-73.67047707081096)
1 (45.38129155005941,-73.49424558950865)
1 (45.66025052148556,-73.26718413512089)
1 (45.33319933021222,-73.48764140466824)
1 (45.659225705396274,-73.60587778751623)
1 (45.57297627852993,-73.36756518526293)
1 (45.40900294365386,-73.53729533081969)
1 (45.57530169173401,-73.47711691664193)
1 (45.49697268811112,-73.55513520524225)
1 (45.61534869238791,-73.68414162252024)
1 (45.27881356386583,-73.70913887825748)
1 (45.499352091770064,-73.57421826156099)
1 (45.65693676719246,-73.70695020980001)
1 (45.703280606094516,-73.5453700235814)
1 (45.27119290057993,-73.33657278478817)
1 (45.61750477178995,-73.42435395936677)
1 (45.680836067695914,-73.68841424877539)
1 (45.392714988055175,-73.25124309614762)
1 (45.54691564815728,-73.7374488337809)
1 (45.570332615812845,-73.3902448007213)
1 (45.395067079408776,-73.66194794066232)
1 (45.25927002035915,-73.6203045951847)
1 (45.250098825719036,-73.32552128877379)
1 (45.590134119602354,-73.33902510000627)
1 (45.28582334838244,-73.6338790271507)
1 (45.53783087833095,-73.47778514159181)
1 (45.62625567174486,-73.49676847308818)
1 (45.45401688822771,-73.67467480832867)
1 (45.567604141157204,-73.37895675320405)
1 (45.29195703932054,-73.68496728254101)
1 (45.26440346869707,-73.41192400685841)
1 (45.538085900758084,-73.42632924753326)
1 (45.337691069454756,-73.2600992659605)
1 (45.28693349081602,-73.45782664668911)
1 (45.41830355832338,-73.39201466783396)
1 (45.709064589004484,-73.57801344042642)
1 (45.334170873592875,-73.59767109846598)
1 (45.365293792591864,-73.59799617971049)
1 (45.48691145252593,-73.51870170633792)
1 (45.414676987702606,-73.70034789879439)
1 (45.44008249023336,-73.61758754161472)
1 (45.748643210239614,-73.63410016806596)
1 (45.35911531162549,-73.40622250250757)
1 (45.45911888756699,-73.31977265443084)
1 (45.70126646488185,-73.38254284737114)
1 (45.314610057333326,-73.74650504763261)
1 (45.45284092960181,-73.48672945208011)
1 (45.574946311939755,-73.33583654749339)
1 (45.250494950234746,-73.48565897351622)
1 (45.52275329593846,-73.72353383549473)
1 (45.4036011963905,-73.52582295022319)
1 (45.52770934904726,-73.67209853132726)
1 (45.65546030981361,-73.66085201788333)
1 (45.28825455879381,-73.572191058586)
1 (45.48256834445538,-73.46007530379381)
1 (45.61465938864159,-73.72118791494336)
1 (45.33320045994876,-73.33921288468845)
1 (45.72722274345775,-73.28144504356005)
1 (45.44924702049731,-73.52334251230567)
1 (45.54385809678888,-73.51957044012437)
1 (45.29853915954235,-73.55569933464511)
1 (45.32243927841858,-73.61111448255822)
1 (45.66882627717687,-73.50366078151622)
1 (45.30501599504201,-73.4625670659181)
1 (45.63911929499099,-73.48543622596465)
1 (45.68337217048202,-73.65440608337178)
1 (45.44928864864641,-73.34752461678126)
1 (45.2683889814851,-73.74517218240229)
1 (45.73460729891758,-73.26392063227078)
1 (45.69928698931509,-73.29715023729402)
1 (45.67835446809885,-73.70334333401134)
1 (45.37306085732767,-73.58921846548186)
1 (45.36264683577415,-73.62042902823396)
1 (45.50928287238217,-73.57178157648961)
1 (45.46533949054594,-73.37087301791692)
1 (45.39093988733677,-73.69243484500856)
1 (45.45913991159183,-73.72892314327284)
1 (45.33808179928494,-73.27911126104405)
1 (45.61800394550559,-73.49842056793614)
1 (45.37779764777483,-73.7099448017088)
1 (45.425433447807485,-73.55575156609501)
1 (45.371398991499284,-73.62593787124628)
1 (45.409471228097495,-73.74461696211519)
1 (45.54767822365899,-73.4537516626504)
1 (45.499989539773026,-73.35844374140231)
1 (45.46972294356567,-73.50154383839914)
1 (45.715294245193164,-73.49655639051088)
1 (45.43200589352596,-73.37075781643604)
1 (45.33711749575638,-73.3648935197642)
1 (45.64433281879178,-73.39112421893051)
1 (45.72574762884474,-73.61109828035181)
1 (45.30971946410063,-73.73486475254731)
1 (45.56034568705027,-73.53722890570964)
1 (45.344381652193825,-73.29919474137445)
1 (45.56342383736432,-73.52112903961684)
1 (45.51976121796408,-73.36370084230187)
1 (45.68301153969104,-73.69966496760061)
1 (45.728873239021624,-73.4310259272698)
1 (45.26121145686065,-73.4235803587275)
1 (45.392248886213686,-73.54552359820973)
1 (45.41364753821621,-73.68463675177819)
1 (45.722361065912295,-73.25515028632624)
1 (45.68073358576942,-73.64100101249737)
1 (45.65965851607852,-73.73684339252094)
1 (45.48874159804014,-73.5265092055223)
1 (45.278197218896906,-73.44498930122342)
1 (45.57632459655746,-73.623478975958)
1 (45.33434641078963,-73.46631555428984)
1 (45.30044977745923,-73.60716074642541)
1 (45.39815943531517,-73.57264722847027)
1 (45.63462337692921,-73.43271079247904)
1 (45.66373841027435,-73.25544751654934)
1 (45.71183953312897,-73.53273754605087)
1 (45.582284543061654,-73.30291848656954)
1 (45.444861139824845,-73.42501498917578)
1 (45.39951448508334,-73.74166816016285)
1 (45.57724159805807,-73.39587541507088)
1 (45.50773627912986,-73.71055556478224)
1 (45.47992190081301,-73.72508651899977)
1 (45.742116759382576,-73.56430601477155)
1 (45.61028863008232,-73.45268591444511)
1 (45.360535585591386,-73.71884424981418)
1 (45.29325382020117,-73.45728895372547)
1 (45.446909244618006,-73.44902331066771)
1 (45.3672187731934,-73.61880392628701)
1 (45.36898177358263,-73.53253318195044)
1 (45.2617094972905,-73.57628150781123)
1 (45.70331726184948,-73.30125265749575)
1 (45.73802221635548,-73.56379330525355)
1 (45.71259223247834,-73.31316448208038)
1 (45.32939335076838,-73.51377754656725)
1 (45.52327467417411,-73.49418334733708)
1 (45.463008895909965,-73.55820749765329)
1 (45.60538927971546,-73.71985239780933)
1 (45.33259417639079,-73.7332316474327)
1 (45.50030724623714,-73.41184409160785)
1 (45.31737546717953,-73.60260219986891)
1 (45.47736192157891,-73.31355679578122)
1 (45.61088104947532,-73.65925192367406)
1 (45.42557993560068,-73.68282899933611)
1 (45.73134968764642,-73.74279667879324)
1 (45.30293087081824,-73.69789840742986)
1 (45.73444071923624,-73.32353466068064)
1 (45.37223658570543,-73.41521380368772)
1 (45.73849029633807,-73.35068079234742)
1 (45.2502448186495,-73.64456276331683)
1 (45.302734494844536,-73.44411794064142)
1 (45.48435985127279,-73.61820916293401)
1 (45.269720505717935,-73.52486455257237)
1 (45.450136154274404,-73.32633951838262)
1 (45.394552960234,-73.529751287153)
1 (45.331879680595954,-73.37109783783949)
1 (45.43567337325369,-73.64046707192182)
1 (45.308564162998685,-73.65584422620353)
1 (45.3745463647994,-73.47617819553228)
1 (45.31775842771149,-73.67500268714673)
1 (45.564926919366535,-73.45234179857783)
1 (45.41137404136804,-73.60296933536141)
1 (45.38630913504131,-73.4961282711848)
1 (45.74878060970084,-73.29803242842304)
1 (45.390707344615144,-73.53103487769211)
1 (45.695199592765654,-73.73911132818326)
1 (45.48709634312762,-73.59981604669339)
1 (45.30627563915813,-73.29935184145027)
1 (45.40363841770905,-73.6857736002531)
1 (45.683337841306596,-73.63122082338631)
1 (45.504250417239014,-73.71774324840658)
1 (45.27810141668881,-73.29272351415942)
1 (45.51311504075317,-73.40378169080063)
1 (45.71042378882647,-73.58372255916045)
1 (45.31841620906503,-73.43260139320178)
1 (45.53821717680525,-73.38506783436844)
1 (45.28487929056076,-73.71021845156736)
1 (45.68473325105099,-73.60135217135571)
1 (45.40362249842708,-73.66207157933498)
1 (45.385173453457384,-73.60058813733504)
1 (45.647376931260645,-73.72803845093897)
1 (45.56194208342553,-73.3209565380205)
1 (45.579308039219285,-73.50931842283235)
1 (45.47584745798188,-73.47600806628537)
1 (45.584472566651016,-73.59206885204338)
1 (45.32916969916377,-73.53530463848601)
1 (45.554370371929586,-73.37297491765386)
1 (45.71575194804921,-73.38746766477517)
1 (45.45710161751533,-73.746601095438)
1 (45.423135298027844,-73.30695579882502)
1 (45.46831545105287,-73.28341517480969)
1 (45.59224569040243,-73.54462541078082)
1 (45.721437117263925,-73.53079384916599)
1 (45.631254622717485,-73.54523216384727)
1 (45.259586197174485,-73.30711180003298)
1 (45.56197363694525,-73.46251292371872)
1 (45.436149552095195,-73.33118412268983)
1 (45.649505642754065,-73.29434233824033)
1 (45.31614813751981,-73.73587500302558)
1 (45.72886503990774,-73.59668919293722)
1 (45.57633786942498,-73.45560345424796)
1 (45.59589102371529,-73.35570294388549)
1 (45.488410300627706,-73.65277000043966)
1 (45.67401748781156,-73.70224125631964)
1 (45.296709750392964,-73.25779591540574)
1 (45.40332577798109,-73.7425051216395)
1 (45.669559361305396,-73.34150992854671)
1 (45.42379503208363,-73.35217819616952)
1 (45.41158918451292,-73.41703498018224)
1 (45.64077800327529,-73.33957279539239)
1 (45.27338530955609,-73.3811208240316)
1 (45.667468643085165,-73.42576534003805)
1 (45.48432974402429,-73.65203599134838)
1 (45.436490967327785,-73.51655944729492)
1 (45.56467666571381,-73.64267582553279)
1 (45.460726945613004,-73.25234546288446)
1 (45.54371127936215,-73.5234611855963)
1 (45.30211456787653,-73.31753052371494)
1 (45.42226339254229,-73.27989524749908)
1 (45.27638543166177,-73.47119398626276)
1 (45.56989859349044,-73.35431411820838)
1 (45.28157440025686,-73.72497812768354)
1 (45.739785686719756,-73.68040954114826)
1 (45.388622402252444,-73.5429549597497)
1 (45.517539850043384,-73.67252034089304)
1 (45.47350645062164,-73.3713150168077)
1 (45.29426665518028,-73.71948193938383)
1 (45.70206947476264,-73.72320474952686)
1 (45.26858306812877,-73.45499129635017)
1 (45.60108560606176,-73.4458946406413)
1 (45.53756711461276,-73.53298778182943)
1 (45.262085097554014,-73.68369022305691)
1 (45.53238878283836,-73.32746817519944)
1 (45.42807610025293,-73.42060429237064)
1 (45.39080059036877,-73.4014471640998)
1 (45.30753897166211,-73.34178845535006)
1 (45.335716885317716,-73.74944268020833)
1 (45.44493198531578,-73.59207803802558)
1 (45.74678668975035,-73.71190806020482)
1 (45.3524356090023,-73.33373469733152)
1 (45.37016599338686,-73.588451633443)
1 (45.373775804394484,-73.31357644964396)
1 (45.51062078064278,-73.33947655848036)
1 (45.40770511684715,-73.44216554612481)
1 (45.589643161673095,-73.36304221109094)
1 (45.66608352211315,-73.66457988383148)
1 (45.63343847456363,-73.66529128916176)
1 (45.579489352347146,-73.66352415089376)
1 (45.57544241263255,-73.30870461864431)
1 (45.2919039134925,-73.68114241782612)
1 (45.71945259549847,-73.32273874732384)
1 (45.40525157037764,-73.47587439033255)
1 (45.31150991604828,-73.29606934509536)
1 (45.74444052436522,-73.64505292001387)
1 (45.411341122418925,-73.63870645891791)
1 (45.41403765260463,-73.74267081446884)
1 (45.63747409349048,-73.50566549218311)
1 (45.308824206432156,-73.30485062404993)
1 (45.384064051349085,-73.61167090597121)
1 (45.522217134184544,-73.56303135764963)
1 (45.27201875472342,-73.63853747007965)
1 (45.26890458959228,-73.27674165745505)
1 (45.402187303522524,-73.64341702829427)
1 (45.501031985605444,-73.25405947753914)
1 (45.424177374906506,-73.31701652947825)
1 (45.35088836430335,-73.74846358464188)
1 (45.52079188254115,-73.6161861544316)
1 (45.37728149646997,-73.52576286483408)
1 (45.63512661584905,-73.70494432088867)
1 (45.32765267327626,-73.48414489580384)
1 (45.63504631394595,-73.28204932448739)
1 (45.253471237353914,-73.28411539715232)
1 (45.61805727839699,-73.25164520814697)
1 (45.332561615645254,-73.50320620732313)
1 (45.70852061108891,-73.30630279423185)
1 (45.65875415969334,-73.37280925455718)
1 (45.488700718430586,-73.33894419539449)
1 (45.55661418154328,-73.68135004925115)
1 (45.63531972248513,-73.68168267939463)
1 (45.66699223079204,-73.43924417937282)
1 (45.40408896198046,-73.48552740687454)
1 (45.62775142278449,-73.39668621040892)
1 (45.31611480511722,-73.60519548857253)
1 (45.64326639195599,-73.48530054815832)
1 (45.252126555665946,-73.63794203468115)
1 (45.59615134522107,-73.7190393862756)
1 (45.65315020064,-73.28436158188929)
1 (45.605163255472995,-73.5384433912328)
1 (45.659552309732106,-73.45253244421377)
1 (45.57433936200397,-73.51548617099321)
1 (45.29430446268272,-73.514668285208)
1 (45.31016644392828,-73.25370403134472)
1 (45.71086907792293,-73.34760950520933)
1 (45.70594261077573,-73.72016809022693)
1 (45.58128345003273,-73.74502961135236)
1 (45.30548081993615,-73.63208621983226)
1 (45.39581965323583,-73.48014999829275)
1 (45.26191614911338,-73.39142765287895)
1 (45.28202353959979,-73.72304947832494)
1 (45.30161775192224,-73.41594384047433)
1 (45.42798696477325,-73.67632278866326)
1 (45.28806920831514,-73.55431429348413)
1 (45.31238329804517,-73.68688524559305)
1 (45.356069421892705,-73.59687683213627)
1 (45.70209663610988,-73.7201389335074)
1 (45.35271966513524,-73.70150706780149)
1 (45.27720150578737,-73.4455084398046)
1 (45.47840038415487,-73.34669231472822)
1 (45.282600056863934,-73.27952234397509)
1 (45.56830477372467,-73.7007008951983)
1 (45.28579983874087,-73.56415962138914)
1 (45.393084526211744,-73.55697777447087)
1 (45.44111614337478,-73.62409798577073)
1 (45.685776283854885,-73.73150345248503)
1 (45.62200817973096,-73.74679420752729)
1 (45.32141550295948,-73.54783321475584)
1 (45.385309824691404,-73.66399453349375)
1 (45.685608207474125,-73.74988927065395)
1 (45.47379080906156,-73.38231608000936)
1 (45.26881869482727,-73.38130908016659)
1 (45.44678543349943,-73.71395825788933)
1 (45.41424516223304,-73.35325820250962)
1 (45.552551531860864,-73.59639603560994)
1 (45.428893055286444,-73.5900969009249)
1 (45.620573101520925,-73.26207510212205)
1 (45.43981956520527,-73.29414492812788)
1 (45.55719593580238,-73.52567165045441)
1 (45.4405106934777,-73.50701942435126)
1 (45.47378633528957,-73.397397722508)
1 (45.42596575072592,-73.26562652084539)
1 (45.56302873624326,-73.40612580599398)
1 (45.359302501503606,-73.25586731098872)
1 (45.56602881595593,-73.42577455040055)
1 (45.44755912538604,-73.45647489345346)
1 (45.54056459236738,-73.44244036238335)
1 (45.32985789192742,-73.33912900924217)
1 (45.64912861020146,-73.57817748302784)
1 (45.29720843783137,-73.74910089770329)
1 (45.33433027314392,-73.30012226785595)
1 (45.569966735233415,-73.6331608824571)
1 (45.53877792159748,-73.59082538291132)
1 (45.45632951109691,-73.30833716874272)
1 (45.55673644120495,-73.43719849675868)
1 (45.40323171552652,-73.47634440718055)
1 (45.67565641675089,-73.31139996013584)
1 (45.52962821337678,-73.6841063795587)
1 (45.47709717559662,-73.36727720542359)
1 (45.70137908619311,-73.41077725948367)
1 (45.5186164157605,-73.36065120592504)
1 (45.566821070840454,-73.4260218815607)
1 (45.61087524446242,-73.32077159912167)
1 (45.7225961741858,-73.5130452533747)
1 (45.537507888193254,-73.2536889480668)
1 (45.320421585242265,-73.58296769067783)
1 (45.33923143115233,-73.64608348576873)
1 (45.45722345446686,-73.62462194445658)
1 (45.69822151802733,-73.26025773017048)
1 (45.61342023897721,-73.33570441139997)
1 (45.51395582423349,-73.66754352744388)
1 (45.71712962895446,-73.66744279952785)
1 (45.457527871903665,-73.65829155177312)
1 (45.615686544628126,-73.38554834498255)
1 (45.62785945312734,-73.59190487854346)
1 (45.33009759483642,-73.60520081606197)
1 (45.410290908055714,-73.41004564519882)
1 (45.45292108067894,-73.59717035561941)
1 (45.25570410161775,-73.43018720300415)
1 (45.42554958385898,-73.48591039913109)
1 (45.356633774577546,-73.66510195657418)
1 (45.69698569535047,-73.26856151356036)
1 (45.59574872193321,-73.27666791215529)
1 (45.42293950274124,-73.37628649519354)
1 (45.68163519027924,-73.36954533181517)
1 (45.41144001767388,-73.27621239817694)
1 (45.56699030772478,-73.66181741074308)
1 (45.459140648289534,-73.37348576423412)
1 (45.56513450207602,-73.63560715321931)
1 (45.55111243913171,-73.71855281545764)
1 (45.54217754060925,-73.57097547208335)
1 (45.61615692049477,-73.25475662948877)
1 (45.664223388059995,-73.40107351316031)
1 (45.63953356714601,-73.5556990178267)
1 (45.421675258589254,-73.59556528774188)
1 (45.43548560660389,-73.7005452283868)
1 (45.53600260194932,-73.28275448052918)
1 (45.27306040687562,-73.6185549982287)
1 (45.378257885930964,-73.55864234622648)
1 (45.33045996748211,-73.40160398100763)
1 (45.69318161257963,-73.40331172150776)
1 (45.6255193135804,-73.73531509165964)
1 (45.72790987653638,-73.33157484627733)
1 (45.63289963592712,-73.73564975125618)
1 (45.31009946335211,-73.34574100424149)
1 (45.252195893783245,-73.59841443745972)
1 (45.506711455677404,-73.43365261670054)
1 (45.63539697257009,-73.57411845488994)
1 (45.72174484313888,-73.26480667390871)
1 (45.6169999161143,-73.3699743753614)
1 (45.45888764879846,-73.38142130421063)
1 (45.61556763861939,-73.65456292196379)
1 (45.483353630229864,-73.559724892249)
1 (45.39163345104633,-73.39878960055422)
1 (45.266098744419324,-73.62953889435957)
1 (45.45359328893769,-73.32924101311151)
1 (45.38316183749215,-73.38739252315702)
1 (45.700590296680275,-73.29690387136294)
1 (45.47305038473585,-73.31995125623713)
1 (45.57938468568671,-73.37544073390073)
1 (45.42589232090873,-73.67045856643736)
1 (45.61081472725083,-73.49882131459263)
1 (45.68950130801561,-73.4311835636788)
1 (45.61069332602013,-73.42808936530609)
1 (45.42955314613997,-73.62953495799744)
1 (45.28984795306198,-73.3014000066534)
1 (45.273746999716096,-73.29454479403091)
1 (45.66849959721145,-73.47019329120788)
1 (45.50312597900013,-73.74384371680463)
1 (45.38129016833467,-73.25747490159551)
1 (45.32765718329035,-73.31904170644883)
1 (45.481005742687174,-73.69165565644485)
1 (45.29772231626104,-73.41959717865385)
1 (45.27140637078568,-73.67125678044201)
1 (45.458345500739775,-73.64179949705286)
1 (45.51256164862689,-73.402018405943)
1 (45.54878603070876,-73.52040829334636)
1 (45.54570416097069,-73.31855426687262)
1 (45.38654931760433,-73.29578601347991)
1 (45.478851641468225,-73.55767595393341)
1 (45.551920102744695,-73.28902781100766)
1 (45.55931155992436,-73.38986570658098)
1 (45.60679796147172,-73.36163616363699)
1 (45.734670391659996,-73.33910699280261)
1 (45.33991571815892,-73.56470527081541)
1 (45.669983027053284,-73.52938776536868)
1 (45.42944725046466,-73.44537362098646)
1 (45.6456160208693,-73.58867161980784)
1 (45.45356195081938,-73.5754706141399)
1 (45.30756173544106,-73.71798768858477)
1 (45.35965880332705,-73.69882662135673)
1 (45.68002863092041,-73.29452042903668)
1 (45.32381404226657,-73.45963335399445)
1 (45.67872632004914,-73.62318602854545)
1 (45.39340184228175,-73.47453470401386)
1 (45.58250225108842,-73.68116259410658)
1 (45.40789846342969,-73.54579610417173)
1 (45.530850122444846,-73.41419674156418)
1 (45.43555604361082,-73.58194328512002)
1 (45.615298477904766,-73.34223972681906)
1 (45.34693289338851,-73.29567947819481)
1 (45.523801166166855,-73.41507159161243)
1 (45.670193143405676,-73.48668300199593)
1 (45.47898974076773,-73.72605248138524)
1 (45.53763912530834,-73.68905503107325)
1 (45.3835108751836,-73.34399557225112)
1 (45.33811577520672,-73.66973057847743)
1 (45.6486605606473,-73.65938661865673)
1 (45.63572725426441,-73.70508331732343)
1 (45.63613975837895,-73.26178045894194)
1 (45.501731422068666,-73.73824822801453)
1 (45.486994686748666,-73.47018560056134)
1 (45.63352900434612,-73.42935377922133)
1 (45.346668120949545,-73.72760308789451)
1 (45.502339717627414,-73.25489831872598)
1 (45.62057638529151,-73.64461647760659)
1 (45.27945853858176,-73.69092349776903)
1 (45.41073995486746,-73.53503550708588)
1 (45.43991124319996,-73.62743033568415)
1 (45.690733970160295,-73.32907587515467)
1 (45.73187873200846,-73.50865156132109)
1 (45.573588132622675,-73.27641370364233)
1 (45.630435865503635,-73.27533690562144)
1 (45.71525371919767,-73.36268318033336)
1 (45.464951083790204,-73.50112588691168)
1 (45.474869015420715,-73.35859178127328)
1 (45.62091878065257,-73.66537569954093)
1 (45.42229219511547,-73.4008075303956)
1 (45.56904748340178,-73.28947958823044)
1 (45.64323461867638,-73.4681286085971)
1 (45.467102387248744,-73.68275438447922)
1 (45.54281526008192,-73.56517574537035)
1 (45.7133017273847,-73.29739352784696)
1 (45.489470472056084,-73.35895363696014)
1 (45.6039921505002,-73.6797750636496)
1 (45.672891784333096,-73.43110778719107)
1 (45.6628791767818,-73.72758201724719)
1 (45.47202719397503,-73.71055885270911)
1 (45.26426448705159,-73.41873546189537)
1 (45.442170244734776,-73.53742693657307)
1 (45.36854251508625,-73.36905864128285)
1 (45.73377410779156,-73.67976378976125)
1 (45.52463491814129,-73.50088350802301)
1 (45.34986628442349,-73.4795913108045)
1 (45.27109173976683,-73.26447884649684)
1 (45.63380284137385,-73.64410031038689)
1 (45.685264494693165,-73.74822228409755)
1 (45.25458937357345,-73.52159371628157)
1 (45.58825658934902,-73.6418564301135)
1 (45.723109077093824,-73.50986424768725)
1 (45.31228273078144,-73.37996219816088)
1 (45.62933675045156,-73.53717667129455)
1 (45.47661948323433,-73.38995062503578)
1 (45.33798065841896,-73.33288055435224)
1 (45.39850506025254,-73.70041719026779)
1 (45.317982674773745,-73.46590953701568)
1 (45.58614709800643,-73.73162072019774)
1 (45.60992011212353,-73.37502906235655)
1 (45.72242306411829,-73.39014201083991)
1 (45.654591243305504,-73.34467451396435)
1 (45.649908690934076,-73.62444510160466)
1 (45.315929639553104,-73.59457753915734)
1 (45.61054546487787,-73.36710724339636)
1 (45.43188066933452,-73.35010854248374)
1 (45.37655934284816,-73.29290154537539)
1 (45.61798692281104,-73.44336902956776)
1 (45.43316811675647,-73.55970909948546)
1 (45.330167503201004,-73.66254776392125)
1 (45.53816622737759,-73.67140568909728)
1 (45.365539572058246,-73.71891026200173)
1 (45.288651058798486,-73.30841075845925)
1 (45.54311850552401,-73.3370216518276)
1 (45.270955978138474,-73.41250455378717)
1 (45.2598466454765,-73.59440818649544)
1 (45.4562807815722,-73.4878122538381)
1 (45.461638683836725,-73.74184356299885)
1 (45.731561361444214,-73.48952187512998)
1 (45.30399510161429,-73.32480120340887)
1 (45.322795815401996,-73.31594559322548)
1 (45.40222331230246,-73.50034450847762)
1 (45.376345337306795,-73.29795233608088)
1 (45.587419485280364,-73.50183228059784)
1 (45.61265377970905,-73.69259219175116)
1 (45.49110227013591,-73.7462972258883)
1 (45.256380638065764,-73.53490138127151)
1 (45.57875291159467,-73.6062106632463)
1 (45.37711802745366,-73.28341935443177)
1 (45.44050466368749,-73.37857726009004)
1 (45.34566295859114,-73.51086758237147)
1 (45.72583743702062,-73.47990899789512)
1 (45.322241946029145,-73.44173269743732)
1 (45.57837206409001,-73.37560794353313)
1 (45.54513593582547,-73.42316438013208)
1 (45.286722004922815,-73.71664299581467)
1 (45.68082912683139,-73.434641508148)
1 (45.61784816523831,-73.60513627759993)
1 (45.630106089842286,-73.49527815363692)
1 (45.44047611780404,-73.3435801629597)
1 (45.45844752818401,-73.31543366949431)
1 (45.277873369089384,-73.43988642377697)
1 (45.53362561733903,-73.26145940895877)
1 (45.351647166720724,-73.54232475518147)
1 (45.50857560915,-73.65895733845474)
1 (45.49121211422978,-73.36463776496124)
1 (45.48342149658884,-73.65084398931863)
1 (45.487189819625115,-73.53222575043101)
1 (45.51695878615235,-73.25180596322572)
1 (45.56124122000437,-73.63527442828632)
1 (45.63494877614295,-73.40040125168323)
1 (45.60969543266092,-73.61405460547323)
1 (45.60025411170355,-73.70410374325651)
1 (45.2538273639017,-73.42535312173811)
1 (45.46814627161479,-73.7010059293576)
1 (45.49574955460987,-73.74709985334123)
1 (45.34904153089174,-73.32468821724657)
1 (45.43562178940172,-73.27073611261585)
1 (45.34047273282721,-73.35593072609191)
1 (45.55324584241856,-73.40772521591826)
1 (45.270279588846314,-73.47648699761622)
1 (45.49510029865077,-73.4978363230428)
1 (45.71380177643468,-73.60605639478682)
1 (45.63648431271663,-73.35243838100911)
1 (45.709283941105525,-73.50388547438415)
1 (45.407676899116005,-73.69602130725215)
1 (45.697753456311844,-73.65109624573354)
1 (45.48288219882695,-73.28351696555124)
1 (45.45630664069175,-73.69888231697259)
1 (45.43121885683564,-73.66972308957803)
1 (45.67704079289746,-73.27113192315477)
1 (45.3201254387616,-73.29023882550342)
1 (45.36779440107995,-73.64782971980833)
1 (45.54329167815406,-73.68080065395415)
1 (45.41540930142307,-73.32775732420203)
1 (45.31758900037452,-73.31376352836024)
1 (45.45740392434906,-73.67555529102104)
1 (45.356461783734005,-73.66670197816833)
1 (45.65374768747865,-73.29912759975826)
1 (45.68085410269212,-73.25871170552044)
1 (45.536852482526065,-73.47866227306174)
1 (45.3729852961521,-73.49497258621443)
1 (45.34494776847091,-73.37820995846477)
1 (45.313150491163945,-73.74948940220615)
1 (45.61168174828002,-73.41480525903881)
1 (45.56521090231031,-73.68965729964869)
1 (45.29309180805299,-73.53853338840956)
1 (45.592551896635314,-73.40440405647932)
1 (45.36201314865761,-73.28973802281372)
1 (45.393024895319925,-73.44014223952297)
1 (45.589545392861815,-73.34673386515936)
1 (45.43875280225628,-73.37561921387636)
1 (45.663372749193364,-73.35893049626871)
1 (45.494666658839094,-73.5779839348905)
1 (45.363533908256535,-73.67619226860603)
1 (45.46825460715077,-73.27799465763623)
1 (45.727663916009064,-73.63555164962443)
1 (45.41224258303662,-73.58227220575179)
1 (45.489780813174995,-73.351061573584)
1 (45.661789314785366,-73.50485895300957)
1 (45.56936570735604,-73.47161530449424)
1 (45.338266611833085,-73.54907407504227)
1 (45.52078576707628,-73.62498033928938)
1 (45.592809024851626,-73.3037612234598)
1 (45.627035290643775,-73.25408557967417)
1 (45.494555548427606,-73.43550514283625)
1 (45.736320872416194,-73.27376943126092)
1 (45.39086902505035,-73.36024907901258)
1 (45.495192459343095,-73.43273898817918)
1 (45.37980718837639,-73.2639757257973)
1 (45.327722903084556,-73.45640869920493)
1 (45.738732981383876,-73.51271946613598)
1 (45.34666425150926,-73.47157993395342)
1 (45.747189410956445,-73.34715828818192)
1 (45.359559964790385,-73.37359051834757)
1 (45.32702809412551,-73.59638948979286)
1 (45.250468008809115,-73.69060664539165)
1 (45.298268495521135,-73.46922322528299)
1 (45.27625041684564,-73.62814727149883)
1 (45.31527843122451,-73.28943394352012)
1 (45.71531084426974,-73.33972424567091)
1 (45.70460451418412,-73.33388986462094)
1 (45.34621240075076,-73.56664928835642)
1 (45.473144570811584,-73.70933640073602)
1 (45.41378368254427,-73.62160193369948)
1 (45.693342264978725,-73.46483949617489)
1 (45.56112195776951,-73.25647048687173)
1 (45.30069767888154,-73.38250091232908)
1 (45.66732800109982,-73.25527116567191)
1 (45.55812550369712,-73.61903732303873)
1 (45.632857950511415,-73.62761827418456)
1 (45.55155613519162,-73.58517101844394)
1 (45.39705344729892,-73.54726161359714)
1 (45.58166296463327,-73.64851027417937)
1 (45.35571184148956,-73.68362483646449)
1 (45.7077127775728,-73.42870296678042)
1 (45.370484351746136,-73.31207192862391)
1 (45.48127396196171,-73.6211274477479)
1 (45.7264405101445,-73.56079653535312)
1 (45.57988104533063,-73.43724016942117)
1 (45.699313353849305,-73.35877202220067)
1 (45.613741976294435,-73.38593016014805)
1 (45.33974022463217,-73.59011829075092)
1 (45.33218796154782,-73.74083555581167)
1 (45.668240245648946,-73.63553382956428)
1 (45.30080414108251,-73.64355840284068)
1 (45.7017198641846,-73.39111001409438)
1 (45.35504220143736,-73.38206881292894)
1 (45.59997409712822,-73.49888742133153)
1 (45.26160491047013,-73.45732059640684)
1 (45.72895151206672,-73.40193161796506)
1 (45.53500530949317,-73.60920543475868)
1 (45.58647690689272,-73.44949937925904)
1 (45.26344189404824,-73.51545358913444)
1 (45.32567660807046,-73.62503383381423)
1 (45.59549427160877,-73.40394431507238)
1 (45.54152672594859,-73.55127017901101)
1 (45.72713210658786,-73.33011965181545)
1 (45.55674574704157,-73.74265153128242)
1 (45.30714344158091,-73.36680091365717)
1 (45.65467862885336,-73.62554757423152)
1 (45.648326674079506,-73.43368742719444)
1 (45.558870181995296,-73.63143635739085)
1 (45.491654039344816,-73.45817272626478)
1 (45.45170140918742,-73.68725287749756)
1 (45.32110217337842,-73.50784373104165)
1 (45.45776328595458,-73.6805257876898)
1 (45.36795937309462,-73.46813405490484)
1 (45.29156822088368,-73.46471683815173)
1 (45.475156680309624,-73.25608295840051)
1 (45.68375001244017,-73.69234520274989)
1 (45.414533797744774,-73.46300687207886)
1 (45.25507940371654,-73.72002226218528)
1 (45.562938714708245,-73.70512113726936)
1 (45.703422485811934,-73.52044009325745)
1 (45.54667358051252,-73.3317547047995)
1 (45.50519542764027,-73.4616499512357)
1 (45.55803713117223,-73.49578135718966)
1 (45.309919824720644,-73.47363509278149)
1 (45.532577898418594,-73.4302463357166)
1 (45.3241581607503,-73.51622508724309)
1 (45.25116014027757,-73.59889753676985)
1 (45.73941049005697,-73.39081688559396)
1 (45.69705797084844,-73.69643636267902)
1 (45.657478637701544,-73.3011608074677)
1 (45.65503160216544,-73.2667833432989)
1 (45.5063549961614,-73.6656376327317)
1 (45.5867024439374,-73.48450927621771)
1 (45.61986940297196,-73.51499582446667)
1 (45.254532624514354,-73.4058132396539)
1 (45.475127332561115,-73.37543606426449)
1 (45.39532727206616,-73.74103405530073)
1 (45.543199549926065,-73.33722307787606)
1 (45.46341664778503,-73.4306623934255)
1 (45.31057316224035,-73.54367287723223)
1 (45.57353807539432,-73.52117619044063)
1 (45.271550556143865,-73.60440621671705)
1 (45.27392620248806,-73.53575243464086)
1 (45.57508290156625,-73.44017748663303)
1 (45.67123326714686,-73.7180139072615)
1 (45.53345112910195,-73.30438073888476)
1 (45.71063934627319,-73.69444991249196)
1 (45.364757803756206,-73.6985028620573)
1 (45.58687587370219,-73.25300551078247)
1 (45.346369114243515,-73.60533679888023)
1 (45.32487396186519,-73.57156424745955)
1 (45.502247206888036,-73.4046854563715)
1 (45.52236235237245,-73.35065474645961)
1 (45.533538571490695,-73.51158043221287)
1 (45.590978106184394,-73.40969221177909)
1 (45.42883506461371,-73.68670696277196)
1 (45.567316430507404,-73.39542104981368)
1 (45.558200232423395,-73.61277015910511)
1 (45.690834371884584,-73.32495564895795)
1 (45.56335377529155,-73.70895496994233)
1 (45.46163613297714,-73.7439214801033)
1 (45.50533340319984,-73.26842577180602)
1 (45.29790655967982,-73.32267940196013)
1 (45.52050366984163,-73.35097911379931)
1 (45.710122040291125,-73.74047137750917)
1 (45.6659574025084,-73.44450622716725)
1 (45.59715670837455,-73.71855632840548)
1 (45.70615602875292,-73.72483991849491)
1 (45.348015119497454,-73.55901039400214)
1 (45.30408078216519,-73.29385348976646)
1 (45.40216057607772,-73.52584617495961)
1 (45.43221792521689,-73.5603469363355)
1 (45.28127193542686,-73.36946104539439)
1 (45.311376281811235,-73.44729928075913)
1 (45.3557497126473,-73.74415535689961)
1 (45.31863692500374,-73.3624831743954)
1 (45.250405655205505,-73.70156633416383)
1 (45.57965984355487,-73.35723143990806)
1 (45.32550838448412,-73.36034437405331)
1 (45.375123884176524,-73.62031274903546)
1 (45.591720783986425,-73.25425368368305)
1 (45.54625161938653,-73.41041697890626)
1 (45.730453212324704,-73.74710977126163)
1 (45.280171722522475,-73.7216684618071)
1 (45.59476986228441,-73.27357170736592)
1 (45.49229721153008,-73.40187851481578)
1 (45.660223883734716,-73.51978757200207)
1 (45.49994867084174,-73.60291639813937)
1 (45.37986017834818,-73.49724696768155)
1 (45.299127305800596,-73.33662112821096)
1 (45.27311298349203,-73.28692500019066)
1 (45.51464373213722,-73.53809419386059)
1 (45.344438737130595,-73.53890741618676)
1 (45.49273362148287,-73.40100639817828)
1 (45.58426299436183,-73.60516739272346)
1 (45.54484280641694,-73.34672004487572)
1 (45.35218335675133,-73.46001948698748)
1 (45.53143960229632,-73.32057047622203)
1 (45.38035871634391,-73.3240071960058)
1 (45.29551334953762,-73.67456915347898)
1 (45.463628413409744,-73.65258565771495)
1 (45.41684367137769,-73.69608323807563)
1 (45.62214316807027,-73.38094181864544)
1 (45.36017583326188,-73.37671472015111)
1 (45.63215293800422,-73.53064944670174)
1 (45.33311341151732,-73.28464518547786)
1 (45.321085073146826,-73.48258742354756)
1 (45.55284014145328,-73.40713002903422)
1 (45.4141595220857,-73.40365457476169)
1 (45.64470868357006,-73.5676191331884)
1 (45.501526080799266,-73.4822952714002)
1 (45.56028489763535,-73.49414887376938)
1 (45.36727192639166,-73.2797052863361)
1 (45.707611749978895,-73.32219340173083)
1 (45.48463590929832,-73.63981773976634)
1 (45.43225804137814,-73.25608086071391)
1 (45.43537966704885,-73.72177475585042)
1 (45.574142732981784,-73.28837356976413)
1 (45.355503364084065,-73.32357067074943)
1 (45.55217657050732,-73.28627872073986)
1 (45.74435767013157,-73.25490816053657)
1 (45.29643828445011,-73.39819951774633)
1 (45.599691586702804,-73.59103913047026)
1 (45.355903733071735,-73.61195434171897)
1 (45.35728902751986,-73.69746774417143)
1 (45.65867177085224,-73.40898467895587)
1 (45.52058547530006,-73.45787328175096)
1 (45.69118173880133,-73.30604047035636)
1 (45.66301911983298,-73.664466270447)
1 (45.29309304028027,-73.65737441952413)
1 (45.67385944279356,-73.54122133030926)
1 (45.335298076551084,-73.40639497056725)
1 (45.69686911330571,-73.36603620904954)
1 (45.259965840340335,-73.5260203704122)
1 (45.6803937552182,-73.6378464731015)
1 (45.313563652748925,-73.67164444922273)
1 (45.317337062855024,-73.69908109414142)
1 (45.296481181087074,-73.5896675622051)
1 (45.4039673593218,-73.67257451481981)
1 (45.28618075166192,-73.57796415508567)
1 (45.28761460957827,-73.50515622323404)
1 (45.564724499461256,-73.28245136819567)
1 (45.605055557387736,-73.32761936057844)
1 (45.396079088377846,-73.3360910921479)
1 (45.43574757571101,-73.74262549749893)
1 (45.353775019993904,-73.30320090919079)
1 (45.30706047189083,-73.53833287570609)
1 (45.59529792923938,-73.58286709300218)
1 (45.692268374505105,-73.69614120270172)
1 (45.31601528371989,-73.35054609315051)
1 (45.7363025052256,-73.41592632440474)
1 (45.59249257670529,-73.27660881953709)
1 (45.42912856413216,-73.72149370689448)
1 (45.44272899047002,-73.65462480525663)
1 (45.322100979257264,-73.53271005328024)
1 (45.68914313004562,-73.70060159677598)
1 (45.64875952640286,-73.39887788522714)
1 (45.609065353727175,-73.64718748485167)
1 (45.368271895438895,-73.38039836700945)
1 (45.39704388217541,-73.35401377520189)
1 (45.69708943921998,-73.34262315488142)
1 (45.64344791577513,-73.48689566072383)
1 (45.63237115298201,-73.6870264670405)
1 (45.35465123795683,-73.38452878443447)
1 (45.299344706094615,-73.29043407577386)
1 (45.501506234667275,-73.53161157314544)
1 (45.674011206802305,-73.65302636706308)
1 (45.684868503098365,-73.59199142086406)
1 (45.342463911060705,-73.47018820259136)
1 (45.749608252908025,-73.7244755398225)
1 (45.45857934999071,-73.54200851830961)
1 (45.561845514662686,-73.40736559543892)
1 (45.45295244369092,-73.61733834124608)
1 (45.68807171094537,-73.73556806377728)
1 (45.32768573291686,-73.43679624096367)
1 (45.3793713021243,-73.62630005813352)
1 (45.54400591842831,-73.3909657574774)
1 (45.56913259045609,-73.57595360481727)
1 (45.57266924038511,-73.34625963140623)
1 (45.53843789527497,-73.55159926941477)
1 (45.6307305888162,-73.3115315316659)
1 (45.48974881268621,-73.27590269596304)
1 (45.47248936502713,-73.72349593354276)
1 (45.49655335243398,-73.57389614757545)
1 (45.33728867594965,-73.7183727156206)
1 (45.66431718800416,-73.59408950902726)
1 (45.282332172274394,-73.33090322648142)
1 (45.34638228544871,-73.59482360520694)
1 (45.64479698681978,-73.61999021345807)
1 (45.40738192761098,-73.59956155444269)
1 (45.28425850627031,-73.26269428641953)
1 (45.31629177240341,-73.57198165210903)
1 (45.55380681265462,-73.68517535898452)
1 (45.28141263533374,-73.34327854130053)
1 (45.636222565592924,-73.31039752343764)
1 (45.710381050005566,-73.3399971678987)
1 (45.460193181179406,-73.49802192170966)
1 (45.4897300718202,-73.71101716092794)
1 (45.38078900187331,-73.73189183243231)
1 (45.43057282813908,-73.73697299868141)
1 (45.6682817471978,-73.5748705325295)
1 (45.719657717094336,-73.42443872683367)
1 (45.599876524894235,-73.35952224025972)
1 (45.34834462227886,-73.44062332830956)
1 (45.59004127993303,-73.51623233943856)
1 (45.2659772785043,-73.5321165423843)
1 (45.32685638704627,-73.35784335595989)
1 (45.418678017036584,-73.29339222073557)
1 (45.304170027805206,-73.54173878372552)
1 (45.38976633021002,-73.60731982100657)
1 (45.45233356308794,-73.3165371671319)
1 (45.55380416339995,-73.27085219830266)
1 (45.27390393771002,-73.53116437034264)
1 (45.492696078505055,-73.7443511308609)
1 (45.48493908376881,-73.7390524910786)
1 (45.39932341920998,-73.62267971895324)
1 (45.64737493869484,-73.56956932662838)
1 (45.311867532252215,-73.32023411055087)
1 (45.65346137278951,-73.36251259026345)
1 (45.28027749876848,-73.59050443582419)
1 (45.689347457087095,-73.36960898954605)
1 (45.46526409880462,-73.36354849859381)
1 (45.46164483331634,-73.61943804835636)
1 (45.709752074647945,-73.48192907613205)
1 (45.51816113827763,-73.31905685659582)
1 (45.30289875430638,-73.74720913008547)
1 (45.431983842723334,-73.42683165110483)
1 (45.477588015056824,-73.25501690849921)
1 (45.446708057697926,-73.27658807723328)
1 (45.6437338944265,-73.2969860289653)
1 (45.3998401745367,-73.36317227517448)
1 (45.46177947177844,-73.64254359464573)
1 (45.35127246697456,-73.61387035347941)
1 (45.60345209265101,-73.28256225304072)
1 (45.34421209193643,-73.668864495668)
1 (45.43013676734338,-73.72031027166324)
1 (45.61706119761208,-73.37700907498373)
1 (45.34315571945028,-73.63292646743996)
1 (45.36648311316327,-73.38069097879668)
1 (45.724792315079995,-73.69881487313738)
1 (45.334252876221186,-73.31539360134634)
1 (45.694073757479806,-73.59289715324626)
1 (45.553478689460746,-73.28581437413827)
1 (45.34712772559389,-73.5925783825982)
1 (45.54339406991819,-73.40099149833424)
1 (45.73835363574622,-73.41257523699348)
1 (45.58615886668082,-73.2558755904167)
1 (45.58570018058401,-73.29642310579588)
1 (45.45397047493427,-73.33613770412732)
1 (45.55101663768909,-73.53652211110531)
1 (45.580275003544855,-73.3967355603926)
1 (45.45474611206229,-73.47299959940204)
1 (45.684981248434205,-73.4228653763502)
1 (45.4331545459226,-73.63445980488166)
1 (45.27031879277723,-73.3244069727436)
1 (45.335840510028355,-73.53085936126061)
1 (45.701344697165815,-73.5418254370036)
1 (45.591446007807335,-73.69029028729001)
1 (45.2730916096743,-73.25272321435901)
1 (45.34028983333622,-73.34736997566739)
1 (45.744963359610026,-73.36384154742471)
1 (45.34407051183882,-73.74123076174803)
1 (45.29222236354561,-73.45329121326931)
1 (45.53483663446305,-73.26576968841758)
1 (45.68427660957091,-73.29214748196169)
1 (45.55809829883572,-73.73386174416578)
1 (45.74996192501892,-73.52327503448004)
1 (45.29825414486297,-73.27065828018893)
1 (45.33112898551376,-73.50835377777808)
1 (45.648434094188815,-73.33888488501634)
1 (45.45758233817348,-73.27155725048073)
1 (45.70140886828625,-73.62122109006499)
1 (45.39878231026072,-73.37019048418578)
1 (45.59339305593441,-73.44138741983554)
1 (45.56070885696541,-73.40882483066548)
1 (45.42836929091089,-73.59648299443654)
1 (45.39989966006555,-73.2840728553948)
1 (45.54698684353972,-73.3984100189299)
1 (45.62091300373402,-73.60212641869876)
1 (45.381138863700436,-73.38188942777852)
1 (45.40832950472217,-73.55053705222252)
1 (45.252998027075016,-73.53061500637504)
1 (45.319894685527316,-73.32944799910806)
1 (45.73559140681346,-73.5015110381995)
1 (45.73351792499162,-73.55559246195719)
1 (45.590920976353665,-73.6898518345677)
1 (45.39758159211276,-73.34485372900474)
1 (45.34118699089531,-73.57516912759063)
1 (45.68137716567217,-73.55603765348947)
1 (45.708847311878905,-73.61941659442375)
1 (45.56047395238975,-73.439738798379)
1 (45.482046471154774,-73.55477849534807)
1 (45.70043862803759,-73.68178696061203)
1 (45.32337407580501,-73.69880251081547)
1 (45.72156277248683,-73.56074124015666)
1 (45.64196285199104,-73.46920480196852)
1 (45.337118355077365,-73.65325425984065)
1 (45.391612708477,-73.53973830392307)
1 (45.558149628535055,-73.71985958699109)
1 (45.54092741592942,-73.58193314227209)
1 (45.54892324364901,-73.58684111074547)
1 (45.48537699248174,-73.27531122825819)
1 (45.49889631993964,-73.50732314324131)
1 (45.335748984621105,-73.74084477691432)
1 (45.549426077954415,-73.63657599278397)
1 (45.32262811310472,-73.25897173336412)
1 (45.37643224379968,-73.39276186969236)
1 (45.50234429409437,-73.57439890193112)
1 (45.48383736885603,-73.59495153467806)
1 (45.53625484438818,-73.26521656912648)
1 (45.606847867078756,-73.37522272024943)
1 (45.542277587516644,-73.5635163789016)
1 (45.35900241009446,-73.45100660816274)
1 (45.38526713261969,-73.65874728342436)
1 (45.38240222795669,-73.41757923817204)
1 (45.28112767960121,-73.39346213783446)
1 (45.27665133103221,-73.27870019332447)
1 (45.738481127424926,-73.3739008195715)
1 (45.48877277963515,-73.47588132931097)
1 (45.65126046553275,-73.36502329084692)
1 (45.643730627765805,-73.70362381657618)
1 (45.28577374230397,-73.42114937361941)
1 (45.48317540744475,-73.30919219500277)
1 (45.47658512482019,-73.5192798140281)
1 (45.65864394105512,-73.57109961377338)
1 (45.556984992225274,-73.5124660662348)
1 (45.59468318957135,-73.63045907013837)
1 (45.40187205628098,-73.50526455615905)
1 (45.49723052938444,-73.31371054757228)
1 (45.45354609698434,-73.27235355569556)
1 (45.33307152735811,-73.53396485709408)
1 (45.73421073868601,-73.59480956951734)
1 (45.74730932108821,-73.39131010348035)
1 (45.62291159421598,-73.37633227710319)
1 (45.41751815962168,-73.5099074463277)
1 (45.58918558679677,-73.62387562202088)
1 (45.2656168262179,-73.5515579825244)
1 (45.63087347684419,-73.33368540082805)
1 (45.26148598868772,-73.7316535125798)
1 (45.359347919092976,-73.51466165869637)
1 (45.2559669150174,-73.53402879088648)
1 (45.511835595133356,-73.50625713195517)
1 (45.37511690848377,-73.6762138941322)
1 (45.64756231926371,-73.40779123191457)
1 (45.49246071015595,-73.71594062068701)
1 (45.40212634930048,-73.33010142512114)
1 (45.67146470023037,-73.51348708701896)
1 (45.432805206011885,-73.30887270190532)
1 (45.73657458841005,-73.57255045893518)
1 (45.58642782717067,-73.58177787434506)
1 (45.287895227046775,-73.57481813673036)
1 (45.36099404598196,-73.5287300966093)
1 (45.52195453521801,-73.7002630543308)
1 (45.41239957302292,-73.40609172185893)
1 (45.65898195948438,-73.58641942577776)
1 (45.67842520689984,-73.57160144355541)
1 (45.605744881326316,-73.52550045088375)
1 (45.65357498937159,-73.6970748684754)
1 (45.70222497762271,-73.72820045712051)
1 (45.45039851693132,-73.5006015857554)
1 (45.51027960907209,-73.69737873980392)
1 (45.525608680765274,-73.2990046097058)
1 (45.60292161212613,-73.4535535006263)
1 (45.33260676204114,-73.68474623097451)
1 (45.703964335751806,-73.5372392349027)
1 (45.68595258861131,-73.36925720740925)
1 (45.309516761862675,-73.38064181141112)
1 (45.287868176183196,-73.70683416068825)
1 (45.59517709084011,-73.29308058198059)
1 (45.67203934904245,-73.61979302491085)
1 (45.475761195769635,-73.44073752192317)
1 (45.2657801002247,-73.58648447846907)
1 (45.638016005684875,-73.32193900371688)
1 (45.3580508383179,-73.52907007087435)
1 (45.71100567167618,-73.34415586818814)
1 (45.487871905412895,-73.34762577568453)
1 (45.47372207342033,-73.69826338052555)
1 (45.635349946619655,-73.49118292946186)
1 (45.62495931015292,-73.29933282600327)
1 (45.60583524180315,-73.33473399366757)
1 (45.656605064196945,-73.62133205224372)
1 (45.64665391354011,-73.74402396304374)
1 (45.27824015668136,-73.29559284357454)
1 (45.62540992724927,-73.55711608748342)
1 (45.63830074974449,-73.36975825345856)
1 (45.52902721024265,-73.29326347069376)
1 (45.27504605356378,-73.63515370540641)
1 (45.61350338463783,-73.71553608791454)
1 (45.3091875409935,-73.42613107106399)
1 (45.74577210415069,-73.42394593832682)
1 (45.359274093867555,-73.27491529961988)
1 (45.33112187218689,-73.44048062580963)
1 (45.5207906890463,-73.26983878097386)
1 (45.71229508113659,-73.2664990748904)
1 (45.50041659628544,-73.41357915587021)
1 (45.5596916044807,-73.64636071285898)
1 (45.63800216439857,-73.71112135200009)
1 (45.54602722753859,-73.25895255812536)
1 (45.58056188438175,-73.6346457532832)
1 (45.51334790847796,-73.2809467125566)
1 (45.294944286471555,-73.51439917126292)
1 (45.395476646394066,-73.72216342645108)
1 (45.41882788733678,-73.29083635009685)
1 (45.35477049353872,-73.62433331403807)
1 (45.65330537109286,-73.43392474561406)
1 (45.42849112570133,-73.63984482814921)
1 (45.4945567525275,-73.69048620404244)
1 (45.4571430206857,-73.66673139412573)
1 (45.58697530034788,-73.65980420619701)
1 (45.68480915172486,-73.61019527674236)
1 (45.3555985131336,-73.52145617729566)
1 (45.6798150315187,-73.46938368830357)
1 (45.34180940537422,-73.54743564257191)
1 (45.622977302616796,-73.3109249412029)
1 (45.32301209423937,-73.32310948699836)
1 (45.550244425723164,-73.28790112987639)
1 (45.34434851809258,-73.3784110674519)
1 (45.316712275557116,-73.6944761832181)
1 (45.728511592586955,-73.69190050949989)
1 (45.36979856621798,-73.61231664019986)
1 (45.45832354146819,-73.27592875163107)
1 (45.38078564601529,-73.50523494837783)
1 (45.54598605012161,-73.28112255205559)
1 (45.38599212265246,-73.65315344902828)
1 (45.61277253958252,-73.27276311385576)
1 (45.331509370191995,-73.58553006332369)
1 (45.40342090607891,-73.53036139954848)
1 (45.298739892485166,-73.67780453787657)
1 (45.35059846986679,-73.40483872268027)
1 (45.711900326683924,-73.31221724316596)
1 (45.586549098160056,-73.43520159094983)
1 (45.4932025203647,-73.47652041582883)
1 (45.47139576366783,-73.5784554572229)
1 (45.43660191960634,-73.38064467866835)
1 (45.27056009067763,-73.54273218465613)
1 (45.516803477979565,-73.61230174990921)
1 (45.56737376946445,-73.33421172286477)
1 (45.43664081197353,-73.52779704103419)
1 (45.34119484864649,-73.73339903819829)
1 (45.442995221372094,-73.48399401846937)
1 (45.37620535058664,-73.50567243725651)
1 (45.30909711332043,-73.66141495633346)
1 (45.29155495747125,-73.72475035773567)
1 (45.38935281710299,-73.60688091459917)
1 (45.499628521370404,-73.64582885031332)
1 (45.301765945079254,-73.7368865527111)
1 (45.30595392583145,-73.6076224496984)
1 (45.582572972887824,-73.39007338116753)
1 (45.66162946948007,-73.46939695454193)
1 (45.587888547506765,-73.59870819574556)
1 (45.26713893474571,-73.6003124933202)
1 (45.48795687212565,-73.56499117213819)
1 (45.30503502341944,-73.43400138919193)
1 (45.411031235381195,-73.37831117528609)
1 (45.54821096983319,-73.58128528505219)
1 (45.64595462500632,-73.29423389254784)
1 (45.450342544159945,-73.45829172496073)
1 (45.30519000491102,-73.41505117974039)
1 (45.57557167798482,-73.33596082202826)
1 (45.483349716990226,-73.36513819199915)
1 (45.36561567616141,-73.65003801411788)
1 (45.720199236910474,-73.54215755583475)
1 (45.27422482213253,-73.32812950048381)
1 (45.49166136793009,-73.74731821679313)
1 (45.72127370947093,-73.29225239219522)
1 (45.5075224067175,-73.45443910413653)
1 (45.6317607610108,-73.68154191923344)
1 (45.290343193804155,-73.66848607378445)
1 (45.52860298445023,-73.71038379864781)
1 (45.346503033567224,-73.74954341953695)
1 (45.74235174191691,-73.43222009763655)
1 (45.717355939044126,-73.73784914658846)
1 (45.28581831805955,-73.51863244244454)
1 (45.31615389538093,-73.60956643385185)
1 (45.31708648179306,-73.48703704227717)
1 (45.714692801812504,-73.52138122211467)
1 (45.38050260385185,-73.61843114332363)
1 (45.44256282736516,-73.46480935972811)
1 (45.271971835812735,-73.59911145316084)
1 (45.40143510158614,-73.34826431648399)
1 (45.42225266518811,-73.69714013369334)
1 (45.67699297764394,-73.35647958498005)
1 (45.62992987605729,-73.54556452973158)
1 (45.351916688465984,-73.50279794596314)
1 (45.304359636762086,-73.35000254504547)
1 (45.384755804791396,-73.59013254890539)
1 (45.59811853336801,-73.56818564888526)
1 (45.721575115516174,-73.33107286235852)
1 (45.41835175650497,-73.3234071377851)
1 (45.549934902828994,-73.64665154086059)
1 (45.306903726353404,-73.5125539386127)
1 (45.48806765690269,-73.66670605438253)
1 (45.57022796589286,-73.2525053009036)
1 (45.52603886032378,-73.69256214344607)
1 (45.32181128337387,-73.47616250827261)
1 (45.70023042037748,-73.35493388169742)
1 (45.2722102342551,-73.64122921939982)
1 (45.28766104171145,-73.40647829410872)
1 (45.66478678637454,-73.65109217658858)
1 (45.25245849159191,-73.52936028843618)
1 (45.70884277041312,-73.70775799373263)
1 (45.26322472472325,-73.71347679554555)
1 (45.706091281035235,-73.4217817079648)
1 (45.3270854444671,-73.67065683252052)
1 (45.30126642095273,-73.59347865018792)
1 (45.45389148576588,-73.39419720028727)
1 (45.413161172098164,-73.65344135723633)
1 (45.27234021098453,-73.35151161541086)
1 (45.418496086908675,-73.30848893447663)
1 (45.66871102498953,-73.41046386631797)
1 (45.56776034892513,-73.4816565732612)
1 (45.30845946208499,-73.4471237405751)
1 (45.409529514043726,-73.6616886151053)
1 (45.331090699147545,-73.66422716498897)
1 (45.687752699957336,-73.28872872480017)
1 (45.57953361597396,-73.46554039648714)
1 (45.25511555299677,-73.2985064533316)
1 (45.43666255537677,-73.2816205822037)
1 (45.514823005250335,-73.42729987417992)
1 (45.69366465159865,-73.52713331537636)
1 (45.26300984587605,-73.3443093837067)
1 (45.36762639104714,-73.3889307276594)
1 (45.55447458554922,-73.62680824984416)
1 (45.519013810067,-73.39751146139494)
1 (45.35554630751829,-73.52654105829195)
1 (45.39364663653475,-73.72227704155112)
1 (45.279631566691435,-73.39332147681581)
1 (45.62831726119101,-73.35316697882132)
1 (45.62335233936334,-73.52363645128854)
1 (45.31438140352787,-73.28779805333637)
1 (45.73417406702193,-73.58829427950481)
1 (45.409447985562934,-73.53415103417461)
1 (45.4440359690765,-73.66375946482604)
1 (45.32372164845705,-73.66414116450521)
1 (45.39773439385062,-73.74679777921466)
1 (45.48460187111556,-73.3130766983419)
1 (45.589673051308395,-73.47141048224302)
1 (45.30081878248278,-73.41405273917344)
1 (45.2980822548883,-73.5707669256936)
1 (45.70568623359671,-73.58474550631874)
1 (45.37192268174654,-73.43495052275809)
1 (45.35797862175252,-73.44686540366347)
1 (45.48242735008794,-73.40781319625924)
1 (45.61848881578887,-73.25569473263143)
1 (45.49859882946331,-73.74308918600876)
1 (45.6004999981849,-73.54867951397873)
1 (45.583967122584696,-73.40114939614071)
1 (45.4132055009809,-73.58796216532764)
1 (45.44052645519823,-73.61338297702625)
1 (45.678536017624886,-73.67203543529158)
1 (45.34500825395364,-73.37117330986217)
1 (45.503904702390436,-73.42636527131754)
1 (45.732510131755404,-73.71079103993621)
1 (45.33605621484729,-73.45187385684603)
1 (45.58298950738996,-73.36425721985086)
1 (45.5045067273741,-73.71359169613962)
1 (45.25724341552746,-73.52933517780103)
1 (45.286987573626135,-73.28958066346051)
1 (45.71073455245948,-73.67929009052243)
1 (45.49385608184918,-73.57239788289998)
1 (45.68598691454631,-73.48491088514487)
1 (45.373612747028645,-73.72191346409774)
1 (45.547262408551674,-73.55751928874035)
1 (45.58746501748932,-73.60921266777738)
1 (45.37484337285264,-73.34229655742476)
1 (45.587303345568756,-73.66660660043509)
1 (45.280484092254405,-73.59623882889208)
1 (45.45850623123851,-73.46844291623981)
1 (45.64045772030966,-73.47440738419652)
1 (45.65666664700528,-73.51145150120955)
1 (45.568113236167754,-73.32187080113697)
1 (45.575633030881704,-73.541777777968)
1 (45.46397039647726,-73.32684111631602)
1 (45.53318377050822,-73.38864919409455)
1 (45.38811899242977,-73.73298707910219)
1 (45.550205036404,-73.6117887326651)
1 (45.297051841792644,-73.33576240391434)
1 (45.729417359779404,-73.35123193401508)
1 (45.375049312571996,-73.49881807361511)
1 (45.61049742912803,-73.58412206807785)
1 (45.268846550355335,-73.42217264589277)
1 (45.58986700784064,-73.54335090494475)
1 (45.503552674833585,-73.37379538660454)
1 (45.34547206050542,-73.33758081712212)
1 (45.717654588738505,-73.56061222276506)
1 (45.699550546306625,-73.33122653313343)
1 (45.60542644368421,-73.26367528449599)
1 (45.48568844372795,-73.5963929630763)
1 (45.59617877023342,-73.29534193065807)
1 (45.26038921951437,-73.73655877486571)
1 (45.331519981113246,-73.25378990856339)
1 (45.61393268298903,-73.60396277954784)
1 (45.42416574285173,-73.45205061868356)
1 (45.39047502651382,-73.38919382356636)
1 (45.2948205938527,-73.28497296647392)
1 (45.32314265040866,-73.25240222966043)
1 (45.587268834040266,-73.66813575435984)
1 (45.42629814325793,-73.59084432740731)
1 (45.256050477069515,-73.53770694542285)
1 (45.46420737232016,-73.69713921293614)
1 (45.40596110042291,-73.7396038708675)
1 (45.43301283093158,-73.4566599831898)
1 (45.33810277222233,-73.46003853521569)
1 (45.2512187821949,-73.36089971470496)
1 (45.523326459051844,-73.65763784806029)
1 (45.25281967197702,-73.4764453108087)
1 (45.38064482138724,-73.74980931287024)
1 (45.616754103651914,-73.6063604341747)
1 (45.28555714359169,-73.58287762711318)
1 (45.54654243172174,-73.71232152250207)
1 (45.671216910836264,-73.47674851493203)
1 (45.33476670417888,-73.73176909873061)
1 (45.41398557426051,-73.38046164972984)
1 (45.40847763676103,-73.72462936942327)
1 (45.414154291875114,-73.40497460262338)
1 (45.553663895352955,-73.31882909647676)
1 (45.392478821621175,-73.71387554356043)
1 (45.25959497801126,-73.6928698313104)
1 (45.423661028769104,-73.45145282227392)
1 (45.507149501561415,-73.33714539989556)
1 (45.61902365991481,-73.57065501320143)
1 (45.34916666311373,-73.57347953551577)
1 (45.65236340588434,-73.59095530596547)
1 (45.295409475570274,-73.28452868458358)
1 (45.49533049806326,-73.4679899911444)
1 (45.3199038223799,-73.51123771529019)
1 (45.29167135074074,-73.39307079935494)
1 (45.25421869959056,-73.51745442595005)
1 (45.25328421010934,-73.46127666904462)
1 (45.416678186090024,-73.59610167926726)
1 (45.30527572058818,-73.25181081865348)
1 (45.55454702294753,-73.30097390391354)
1 (45.4420699855837,-73.45366445995056)
1 (45.54390702185204,-73.43226765792134)
1 (45.38210972666286,-73.7433591113835)
1 (45.30024263402445,-73.48237405121982)
1 (45.62480239665575,-73.6796447093059)
1 (45.50167956100868,-73.3612537344487)
1 (45.4201026901875,-73.42251133092574)
1 (45.51637111188418,-73.56788288542674)
1 (45.45848573177696,-73.61072795577077)
1 (45.35570303318464,-73.55580206484716)
1 (45.2770539907649,-73.7433516690925)
1 (45.54578789388695,-73.35671745645392)
1 (45.456133766596864,-73.4062568316194)
1 (45.521146325620435,-73.57639686740113)
1 (45.64995570297715,-73.6647135914326)
1 (45.49652274685141,-73.66177129933729)
1 (45.3548770851902,-73.40740116906848)
1 (45.26545955402269,-73.35719537517114)
1 (45.56909162165269,-73.37597122206385)
1 (45.507553914747504,-73.52123808194261)
1 (45.63888608139718,-73.54738252522732)
1 (45.46024755785219,-73.46316847383876)
1 (45.61824123494306,-73.45370851901323)
1 (45.72555048203946,-73.68046840375041)
1 (45.39093775704055,-73.42597465104612)
1 (45.53727545404274,-73.33524794656002)
1 (45.617316386650124,-73.63481297685038)
1 (45.51016071879963,-73.49835666270896)
1 (45.2714543834917,-73.67132711322837)
1 (45.72868442225939,-73.61527713385966)
1 (45.62875906401079,-73.26654073309905)
1 (45.51042476417228,-73.30755483823455)
1 (45.548842333339174,-73.5871586950662)
1 (45.29649582216158,-73.51756197864822)
1 (45.27402820511699,-73.36910004245475)
1 (45.37988973095778,-73.63280997697048)
1 (45.729959003345456,-73.4583676249773)
1 (45.581481737548714,-73.58881929792177)
1 (45.471503749836444,-73.621299902161)
1 (45.523005263796016,-73.54672241937355)
1 (45.46453599760977,-73.26310530713123)
1 (45.326480155887026,-73.57331914319313)
1 (45.33213611525916,-73.45481074414369)
1 (45.39037779390693,-73.3172215053112)
1 (45.52238687582763,-73.4143606588228)
1 (45.3542327700619,-73.47501804278538)
1 (45.57416906249038,-73.31758404058576)
1 (45.46546148188884,-73.37605570360539)
1 (45.267227274211606,-73.52910180721153)
1 (45.30482370398676,-73.28348023018032)
1 (45.44326429600223,-73.54197779442141)
1 (45.710264199565856,-73.51259402664108)
1 (45.67593585670115,-73.59802195578716)
1 (45.26279709303331,-73.70538348391499)
1 (45.7493556543315,-73.62813461614518)
1 (45.36264635239528,-73.5722355594916)
1 (45.57708396735574,-73.30393650473056)
1 (45.72903185444183,-73.6184065826357)
1 (45.25656131901735,-73.62815942174545)
1 (45.60279097910787,-73.31372405036011)
1 (45.40756222921758,-73.61187800828789)
1 (45.5174515824017,-73.33929525039716)
1 (45.28748185958827,-73.69164356119119)
1 (45.73142304557603,-73.45466443276776)
1 (45.41113222503397,-73.62893616881092)
1 (45.28164776512502,-73.67290341327725)
1 (45.528212493063364,-73.70808223719236)
1 (45.6273561870434,-73.30953807355107)
1 (45.327731315135516,-73.60688944685627)
1 (45.50149454545089,-73.58400671317517)
1 (45.645397543415186,-73.35673213914741)
1 (45.37694488649153,-73.29951368787944)
1 (45.74735873158572,-73.33567536406179)
1 (45.38483298015932,-73.70868505143488)
1 (45.451655259667234,-73.7494561110197)
1 (45.59302040660711,-73.48835080848738)
1 (45.427371178986775,-73.55074630543565)
1 (45.26430300090589,-73.29707117149162)
1 (45.480701123359516,-73.72710175197922)
1 (45.56588836999294,-73.67369263484888)
1 (45.49701591341895,-73.35235765563263)
1 (45.69440128900128,-73.55426201220502)
1 (45.458497792879555,-73.74496085423344)
1 (45.513966338614,-73.4380451830156)
1 (45.598029526173164,-73.50983522113896)
1 (45.5788430099015,-73.72118982990078)
1 (45.28175974461164,-73.65785650610286)
1 (45.32663932064924,-73.43873958047314)
1 (45.63513048198525,-73.3988687617649)
1 (45.28330566806196,-73.61224992881809)
1 (45.74014076957755,-73.59040476849046)
1 (45.31691150731177,-73.59117434850582)
1 (45.43523367195912,-73.69487847533293)
1 (45.31363320310979,-73.70148174838991)
1 (45.34343250845625,-73.45299776397651)
1 (45.626432186434506,-73.67463467661146)
1 (45.73921490795259,-73.32050147875239)
1 (45.264578308590636,-73.72410043390084)
1 (45.74010207562225,-73.53905511276504)
1 (45.5504741093068,-73.26498539362153)
1 (45.575053659591546,-73.52024487977462)
1 (45.36916138854249,-73.63517555326817)
1 (45.33849688430961,-73.51409051373508)
1 (45.6754424102962,-73.27353465869382)
1 (45.68618208362061,-73.31035257575121)
1 (45.603723846305286,-73.64225386669844)
1 (45.36704486882774,-73.48214040854837)
1 (45.346492016739376,-73.74636509545986)
1 (45.3138684716673,-73.42693254877825)
1 (45.428754325709846,-73.40372313606554)
1 (45.734778212210514,-73.6901016127483)
1 (45.60783202489059,-73.45342945582438)
1 (45.25746319965565,-73.27039147689976)
1 (45.37056562513189,-73.35971378763033)
1 (45.67850861503748,-73.30552466181194)
1 (45.383294811773794,-73.67170743611565)
1 (45.26133542788068,-73.71922362074231)
1 (45.273900602806194,-73.53733516535338)
1 (45.30798237399612,-73.57840994607992)
1 (45.28974825814388,-73.44172070600744)
1 (45.40232856419922,-73.56120088348592)
1 (45.68054519994335,-73.5470435423235)
1 (45.285343272396354,-73.57255337134978)
1 (45.60092905729409,-73.45170301505503)
1 (45.276562631315144,-73.66501076139885)
1 (45.41402660574614,-73.36193845991531)
1 (45.50023151022803,-73.52698840671631)
1 (45.50427532472765,-73.57872209081414)
1 (45.4094117406042,-73.39038926538068)
1 (45.57547483615431,-73.34678451377009)
1 (45.726846657346144,-73.28307153584119)
1 (45.41833661381579,-73.49105042062797)
1 (45.43748462346674,-73.6097955568185)
1 (45.280725687084974,-73.3785552791476)
1 (45.37430295050678,-73.58775780559732)
1 (45.263339362470425,-73.59108159752336)
1 (45.73643665734687,-73.58967518821066)
1 (45.593743263216766,-73.27529637925893)
1 (45.56660487686034,-73.45861346964386)
1 (45.702486118097525,-73.45308932602683)
1 (45.29344107291064,-73.35435885205042)
1 (45.73644035228405,-73.62510447481009)
1 (45.413571241690526,-73.67111259596577)
1 (45.49656641312253,-73.28512563795628)
1 (45.74814793970924,-73.53064353959971)
1 (45.279974410070466,-73.48201916719017)
1 (45.45903592005053,-73.30376443849366)
1 (45.73945758247446,-73.31935559653813)
1 (45.65095865779821,-73.54610286775926)
1 (45.64759771291544,-73.27062450785249)
1 (45.41765324049059,-73.65161852006885)
1 (45.36709363001344,-73.41012500537832)
1 (45.61244434029689,-73.42917363585262)
1 (45.38413942429637,-73.6161572292568)
1 (45.43663634581458,-73.69369428274874)
1 (45.45748011863862,-73.49405821064713)
1 (45.642736063953556,-73.33406526249695)
1 (45.27219794976103,-73.69191834149228)
1 (45.74375642318054,-73.67488212978272)
1 (45.464333515161286,-73.4414827998533)
1 (45.60471524231554,-73.28853920535623)
1 (45.5001216583237,-73.55078510191622)
1 (45.6679311373069,-73.73786286054022)
1 (45.651922759789386,-73.70347805832519)
1 (45.32983207249248,-73.53760504002689)
1 (45.71185593854283,-73.28262021426929)
1 (45.64373025223147,-73.41559216998425)
1 (45.62369139817598,-73.53384410970855)
1 (45.57038038089259,-73.73118022262047)
1 (45.39373493934014,-73.71437514911847)
1 (45.436126622648196,-73.66989732945572)
1 (45.46223843703317,-73.44028858297244)
1 (45.587056807744396,-73.5787603352277)
1 (45.678295982405196,-73.74468431170354)
1 (45.44682070045619,-73.53673276879094)
1 (45.62323586265814,-73.39412766890301)
1 (45.29563260735483,-73.46914665628951)
1 (45.27019479880504,-73.27974721353351)
1 (45.58846658480906,-73.31364138969035)
1 (45.350861106307285,-73.7027984272029)
1 (45.52156608959786,-73.42827808230213)
1 (45.324299736830596,-73.61229524342399)
1 (45.33812790658545,-73.59996867681241)
1 (45.50732250379862,-73.32447933756134)
1 (45.53638384174892,-73.66321404544121)
1 (45.73104299311626,-73.4604400490353)
1 (45.70629145263417,-73.37537630612603)
1 (45.33405592524493,-73.27911576582274)
1 (45.67465892379726,-73.31531554666458)
1 (45.38910715935094,-73.2582004710546)
1 (45.4827669212978,-73.67720219406063)
1 (45.287170648374925,-73.6851474466524)
1 (45.45541408321925,-73.42067098240607)
1 (45.67052499133064,-73.66450465737681)
1 (45.7458006288863,-73.31221387697704)
1 (45.71472262526781,-73.32623465010172)
1 (45.25677812646545,-73.45081375403484)
1 (45.40827068149478,-73.6324645788242)
1 (45.7457316070333,-73.41330207136616)
1 (45.268393279288446,-73.52728006269122)
1 (45.71772361607901,-73.68177847602853)
1 (45.361420716785275,-73.25571948807811)
1 (45.39951793668383,-73.52666126332029)
1 (45.56715195597163,-73.4940431956998)
1 (45.66571401952236,-73.51454274595744)
1 (45.73796242788172,-73.48364542042782)
1 (45.25746165061254,-73.29000429316815)
1 (45.25548008641131,-73.645644124036)
1 (45.49408830354109,-73.7449011692937)
1 (45.48032834517932,-73.67222753505506)
1 (45.42846021785926,-73.63735767578493)
1 (45.72373531728864,-73.34425362542481)
1 (45.5380113422859,-73.65581877723093)
1 (45.64373459049761,-73.31239213096372)
1 (45.57511272963951,-73.34098468579859)
1 (45.38323359531415,-73.30126637054867)
1 (45.622817987735154,-73.68031042994595)
1 (45.32240123734731,-73.65259531136189)
1 (45.715009019908834,-73.57598291467588)
1 (45.51362744159133,-73.3142541928982)
1 (45.58357919671593,-73.257893332312)
1 (45.70373295442499,-73.3074650374734)
1 (45.689529717204046,-73.56810339968989)
1 (45.32515846700705,-73.36399625660918)
1 (45.67971805934093,-73.38265933272575)
1 (45.45553798809762,-73.31929364616884)
1 (45.28648544231379,-73.26033786411455)
1 (45.50336226357312,-73.47588299085413)
1 (45.4535041641371,-73.71601405382721)
1 (45.27636351169909,-73.51417741965638)
1 (45.6279231744785,-73.3088213511872)
1 (45.62880388301196,-73.62499068729575)
1 (45.70625411860657,-73.51212953695004)
1 (45.564025661896615,-73.36960043435943)
1 (45.559428078903316,-73.59359676510752)
1 (45.48942187732318,-73.3391236328961)
1 (45.391066574813955,-73.47915751241152)
1 (45.28241218936622,-73.48525917663837)
1 (45.40224874750354,-73.30478843397579)
1 (45.42805913125055,-73.52912062616002)
1 (45.34591978363145,-73.57424994395227)
1 (45.731636040309745,-73.62392519346155)
1 (45.55457408233619,-73.53973144263229)
1 (45.4927586364747,-73.45072281243635)
1 (45.41595981489452,-73.60543388120355)
1 (45.551617784876974,-73.66414231411187)
1 (45.55328990402233,-73.72160366776144)
1 (45.28240219530722,-73.57729959322354)
1 (45.638807604935145,-73.38838737652587)
1 (45.41417515314581,-73.68155554339594)
1 (45.33254340658054,-73.52510735635472)
1 (45.505270363899044,-73.53772969783982)
1 (45.29171286816258,-73.58116348147018)
1 (45.48369788157143,-73.25066838223397)
1 (45.54044364900951,-73.36974719107187)
1 (45.39310157430987,-73.64873401221726)
1 (45.724383119840354,-73.69490901587551)
1 (45.35148572450077,-73.4338255084597)
1 (45.400226097006495,-73.41625156811048)
1 (45.73822871937458,-73.44595729415792)
1 (45.526315857905374,-73.65362518818426)
1 (45.27382805345543,-73.29921771154432)
1 (45.727209453588756,-73.37668416895923)
1 (45.44637120304332,-73.4930954852954)
1 (45.70246201314196,-73.6510167413625)
1 (45.66890296210923,-73.6847057868305)
1 (45.33787278082863,-73.32379251811703)
1 (45.622660646998966,-73.62336556656102)
1 (45.6560488533925,-73.42747669183058)
1 (45.452574087321885,-73.29926059964065)
1 (45.71238121479929,-73.56014052247197)
1 (45.3334784238666,-73.64261486483812)
1 (45.40239043249119,-73.46525336931917)
1 (45.41816331374962,-73.62881577525071)
1 (45.39688819026023,-73.48257177755436)
1 (45.31168297312558,-73.39836653781141)
1 (45.562513691371294,-73.47484672447312)
1 (45.4902773377009,-73.48833029587448)
1 (45.25694246600365,-73.25255058047848)
1 (45.49780523022622,-73.49409830488275)
1 (45.31042840261535,-73.42068076485502)
1 (45.30776641794544,-73.43685755378173)
1 (45.31832795307249,-73.45792755027148)
1 (45.43479013619751,-73.30305116978658)
1 (45.57286896531585,-73.70909903029174)
1 (45.71589325561713,-73.64741792935358)
1 (45.55666459579291,-73.32667658306214)
1 (45.658862472566355,-73.31086506494036)
1 (45.405336356999776,-73.53672980802818)
1 (45.37279020798461,-73.69847172259554)
1 (45.62209832645866,-73.42815018811463)
1 (45.354095022402156,-73.69133821159245)
1 (45.59326812655013,-73.27226830783071)
1 (45.300283005472515,-73.62878924986599)
1 (45.610408250477796,-73.67240003276258)
1 (45.66325731348329,-73.39460727853948)
1 (45.652164835460496,-73.61972223300882)
1 (45.33415902397052,-73.4725151094298)
1 (45.61685922065481,-73.29310944793076)
1 (45.67252294067396,-73.40204486897993)
1 (45.525500760575255,-73.68616802337672)
1 (45.55395821103264,-73.36622331956117)
1 (45.43412786428653,-73.37468500914703)
1 (45.71261373468371,-73.67717159336479)
1 (45.40424728427805,-73.45206437376194)
1 (45.397364967598094,-73.69476036633283)
1 (45.38063024782184,-73.35905373984083)
1 (45.743958733320106,-73.71687932114196)
1 (45.71683689331452,-73.51717003958646)
1 (45.28927884914329,-73.61767295794824)
1 (45.370579276291124,-73.34271324182077)
1 (45.71844621123085,-73.48226260475943)
1 (45.46339596261737,-73.37011274546921)
1 (45.740642384170734,-73.6930173923687)
1 (45.46209993402446,-73.34958114699072)
1 (45.43534692913681,-73.36335519292444)
1 (45.693074517266034,-73.30465613759526)
1 (45.497104212945835,-73.69034726431124)
1 (45.74473052719439,-73.64019116911959)
1 (45.533986474847445,-73.70706829493267)
1 (45.54830098876159,-73.48071153247004)
1 (45.44259534892385,-73.5596767201181)
1 (45.55263805332877,-73.49278239931915)
1 (45.390745188610744,-73.31262784461536)
1 (45.424790177375456,-73.503141488486)
1 (45.58789708987814,-73.39821574442962)
1 (45.61487572794425,-73.2668287850435)
1 (45.31296343705595,-73.67380721337726)
1 (45.42113250753326,-73.26640194174406)
1 (45.59927838489739,-73.6316746834358)
1 (45.37901104304048,-73.43455570075966)
1 (45.54733069475348,-73.62225256499359)
1 (45.3767927172117,-73.68806989157906)
1 (45.44728097192134,-73.50193458177121)
1 (45.36945208585701,-73.64099040481739)
1 (45.74533621627668,-73.40119760338749)
1 (45.42234602733172,-73.32930341075905)
1 (45.38073029687354,-73.32788051920147)
1 (45.566800660271056,-73.72809338379943)
1 (45.65335978386704,-73.57386457450545)
1 (45.590780137016765,-73.27528095463202)
1 (45.55605043592864,-73.38119457259505)
1 (45.419560032370306,-73.53351729319868)
1 (45.419980302411496,-73.54584842624901)
1 (45.66369081130261,-73.52366673301395)
1 (45.276961080401335,-73.59390534718474)
1 (45.724525607885745,-73.64954051433)
1 (45.53808064860239,-73.35578101365726)
1 (45.55119958225623,-73.5041491526191)
1 (45.42463468285996,-73.68949107141613)
1 (45.73718650830496,-73.70272217415892)
1 (45.56432679558315,-73.26357219741901)
1 (45.6294214008707,-73.72709903049694)
1 (45.28339200649108,-73.70433294979318)
1 (45.498466401779574,-73.58982535365706)
1 (45.38359921389369,-73.54052471918394)
1 (45.5843104514945,-73.43439467940865)
1 (45.59201409808688,-73.74131576429282)
1 (45.48913136565768,-73.48055563311485)
1 (45.41095489411876,-73.74061972782873)
1 (45.43571234986708,-73.50046054698112)
1 (45.27574881119794,-73.67237254914377)
1 (45.34819333419506,-73.2726616068893)
1 (45.74869804048206,-73.60726989602662)
1 (45.54045064222124,-73.70656631213099)
1 (45.439090060010415,-73.3817702811129)
1 (45.51663684494633,-73.55994434092868)
1 (45.44113736728209,-73.64483678148441)
1 (45.49827597926088,-73.38643347449951)
1 (45.32440796401789,-73.5169333318632)
1 (45.29279752190571,-73.54872268494867)
1 (45.5946085056233,-73.25920968139441)
1 (45.50950587129907,-73.31619603119127)
1 (45.56650779955146,-73.58860174001039)
1 (45.4107202435918,-73.73330120026023)
1 (45.255339217645265,-73.74674248172845)
1 (45.358183305232465,-73.59676245909695)
1 (45.69819618273378,-73.63712096376106)
1 (45.37782513984822,-73.51598775295955)
1 (45.56273595178036,-73.28584558973404)
1 (45.31958222276946,-73.65162554866458)
1 (45.48693238874476,-73.55666016803374)
1 (45.43320967475358,-73.3322073732928)
1 (45.32066948467149,-73.46052976790932)
1 (45.41588810706049,-73.33816716211284)
1 (45.307642945117365,-73.54415587458378)
1 (45.612914724719275,-73.71625965069832)
1 (45.25433807524697,-73.72019877527784)
1 (45.56888170322468,-73.54550476369953)
1 (45.3817778547113,-73.51477774218637)
1 (45.53348297249853,-73.61826609770058)
1 (45.34528611127737,-73.55498760071193)
1 (45.32345406404228,-73.52692652309254)
1 (45.33768618002636,-73.70071350283891)
1 (45.63013764166931,-73.65785474843359)
1 (45.262156372162906,-73.54094326490662)
1 (45.4407810021861,-73.58996199219344)
1 (45.67238948978956,-73.52506991416902)
1 (45.71090968742334,-73.37512853300136)
1 (45.52975405591424,-73.28434503908254)
1 (45.28498509183273,-73.64213505587797)
1 (45.31983108201714,-73.7176863703049)
1 (45.31304166566441,-73.41446462267261)
1 (45.70400074250405,-73.66946094153559)
1 (45.5521133494556,-73.46544619798196)
1 (45.655679160385176,-73.51465848215419)
1 (45.472996258412415,-73.45169132809549)
1 (45.44535634841999,-73.68903731168344)
1 (45.515258740365894,-73.46763090593144)
1 (45.393762075550285,-73.65836803465487)
1 (45.64639769614274,-73.55018963004545)
1 (45.5082872110688,-73.51181854996919)
1 (45.5846535253193,-73.53324097594859)
1 (45.454213849232474,-73.28981650155912)
1 (45.6392342226955,-73.50646614468444)
1 (45.28935845844499,-73.31639361093059)
1 (45.606562761392816,-73.47259584398114)
1 (45.50840786545881,-73.70005893137042)
1 (45.536649556536894,-73.62074435324962)
1 (45.701528761735666,-73.29566643837798)
1 (45.449805900669034,-73.44165049939552)
1 (45.530757241077886,-73.2825349863886)
1 (45.740651683997065,-73.70312105833777)
1 (45.26722563745085,-73.61124688156089)
1 (45.55373474505266,-73.58082713265857)
1 (45.31245959230576,-73.40309408631897)
1 (45.35306697179422,-73.50083489297805)
1 (45.44777932597024,-73.45205927009025)
1 (45.7364957491856,-73.49585726403801)
1 (45.51726454922577,-73.27951159858785)
1 (45.26506775938079,-73.60719378132919)
1 (45.35179349877754,-73.7264653839366)
1 (45.68740497076352,-73.57868121024835)
1 (45.484342185763204,-73.3372927027199)
1 (45.43960161586187,-73.28770812131476)
1 (45.59003085480093,-73.29219859766545)
1 (45.692263574538494,-73.54145181861186)
1 (45.60833029609918,-73.38356117266878)
1 (45.498050261834074,-73.53397682272572)
1 (45.66939166069026,-73.5034062742311)
1 (45.26544228244301,-73.41168932938638)
1 (45.25163880797944,-73.31582959642249)
1 (45.34744639677453,-73.53087269170696)
1 (45.44356354504415,-73.729097206117)
1 (45.4875625904381,-73.61163423249974)
1 (45.269089386817065,-73.45744812403828)
1 (45.70957646585573,-73.59757447769657)
1 (45.26292050083477,-73.37229086994479)
1 (45.47260316314747,-73.61984501287033)
1 (45.3499683757583,-73.48652856517725)
1 (45.53829765524465,-73.53799201040448)
1 (45.59124923095462,-73.29416551958234)
1 (45.51325932746319,-73.58808757977282)
1 (45.50757119639115,-73.30014069259968)
1 (45.43639697467334,-73.71113172427265)
1 (45.48188110778298,-73.42250194720351)
1 (45.57838389364555,-73.66156340481383)
1 (45.671316291935945,-73.53057759131808)
1 (45.308320764768126,-73.5069490613335)
1 (45.43080775131114,-73.69871972498817)
1 (45.461337400191354,-73.62552313044905)
1 (45.46150683818044,-73.30548708495755)
1 (45.61010275242013,-73.28823497167771)
1 (45.74935829183297,-73.39280285749764)
1 (45.50307587315745,-73.37631251341891)
1 (45.35181823321804,-73.71866589648123)
1 (45.68281859307841,-73.73408308812955)
1 (45.724016645840386,-73.69041181760224)
1 (45.43880432659899,-73.58989763267259)
1 (45.549589542823,-73.35331354875322)
1 (45.280895272842635,-73.39548469375832)
1 (45.455956725843905,-73.33147851974135)
1 (45.54202399422632,-73.33591628948729)
1 (45.54899708760978,-73.57454293404324)
1 (45.53160326825856,-73.64859816685733)
1 (45.39787381962545,-73.4545815647459)
1 (45.36480154501711,-73.26030227230744)
1 (45.43718813646897,-73.68294421894373)
1 (45.68705977336328,-73.60623992888654)
1 (45.730690257084184,-73.67639823922327)
1 (45.49808826916221,-73.33452961890188)
1 (45.65845303026263,-73.39599921869471)
1 (45.655070977565046,-73.42314364334068)
1 (45.34771342509376,-73.31053029453538)
1 (45.400917513159015,-73.54452356699014)
1 (45.56651368164491,-73.49914291111261)