2400 2400
101 (45.5,-73.5)
1 (45.42014164057493,-73.30553466496154)
1 (45.33882430441108,-73.50500049873477)
1 (45.47230839885949,-73.26728515084703)
1 (45.72000672656224,-73.38326904157873)
1 (45.590979959150786,-73.41056647608056)
1 (45.492274756693234,-73.45271656553135)
1 (45.66470393019803,-73.45827624307037)
1 (45.50123926212291,-73.56047675377945)
1 (45.43582596069499,-73.69616610578507)
1 (45.45667138175993,-73.70419957658972)
1 (45.562771682593805,-73.64761206235067)
1 (45.26329559167669,-73.62485500766411)
1 (45.391931526499924,-73.6568353916289)
1 (45.330724452554804,-73.48687371357093)
1 (45.47639512287341,-73.6181078234933)
1 (45.335572766508115,-73.50010173793888)
1 (45.660520119495025,-73.25595481508522)
1 (45.573339751668456,-73.31021401761252)
1 (45.721683840390135,-73.51322660641122)
1 (45.342823304005655,-73.69077457789258)
1 (45.623554345366514,-73.74013700515526)
1 (45.25163162688669,-73.51104931676106)
1 (45.38883052484407,-73.49797518366863)
1 (45.41778300954631,-73.62897009814768)
1 (45.44363958954173,-73.3961766525071)
1 (45.269435234912955,-73.26831698317169)
1 (45.520643146568126,-73.47079464860046)
1 (45.51246228568313,-73.58322832925265)
1 (45.33339167636974,-73.68614371621638)
1 (45.34389626465166,-73.4915664705991)
1 (45.250580245564635,-73.69949297474354)
1 (45.63817874784169,-73.47145958103926)
1 (45.605596819067515,-73.57116677351642)
1 (45.62271609802543,-73.36250852868754)
1 (45.57411752801254,-73.62926595744882)
1 (45.4894094742338,-73.29469021962736)
1 (45.7404918998953,-73.70945354736686)
1 (45.45963067363588,-73.68390695890288)
1 (45.55227388142091,-73.48585390310372)
1 (45.531541003492286,-73.28342459008941)
1 (45.33149325599832,-73.58909525735704)
1 (45.490701074570964,-73.56510970803133)
1 (45.371124928917524,-73.67188048330658)
1 (45.257595076184266,-73.7234196152722)
1 (45.39570206625795,-73.53120185483033)
1 (45.27899405723967,-73.34851633172583)
1 (45.306132297178436,-73.32942092943227)
1 (45.44400841624619,-73.3026692327108)
1 (45.6605144810616,-73.3739148659768)
1 (45.42023053881185,-73.55627855324447)
1 (45.26511666260771,-73.31684639843822)
1 (45.36054452242085,-73.6963953156165)
1 (45.5626645940599,-73.52284487025284)
1 (45.626980286221006,-73.51153083437772)
1 (45.708702686943326,-73.7229912271392)
1 (45.51441573221199,-73.4818421839941)
1 (45.32102845369988,-73.42848042355664)
1 (45.43398079823073,-73.66344794075381)
1 (45.372064044734316,-73.41669014049361)
1 (45.63369353216215,-73.34967134814534)
1 (45.56951712047019,-73.42611516667094)
1 (45.29215868685262,-73.52042618382606)
1 (45.3367966054362,-73.50473216465689)
1 (45.720085447749845,-73.45375349748119)
1 (45.66138696392202,-73.7488402897551)
1 (45.443931471385255,-73.47068536270935)
1 (45.62674796884461,-73.44627820976203)
1 (45.62615633397476,-73.61615466374748)
1 (45.38129542519391,-73.39914894811147)
1 (45.597368065284925,-73.64458825580779)
1 (45.62663128622895,-73.44678908435904)
1 (45.73707256011455,-73.47911321023336)
1 (45.42643008520123,-73.43969961001844)
1 (45.541786044226505,-73.34797448796041)
1 (45.74725179312867,-73.62951093254993)
1 (45.46194690599669,-73.57080478095781)
1 (45.64303953616501,-73.63878528575765)
1 (45.472363755772996,-73.47080567147552)
1 (45.38617391539353,-73.35756492653175)
1 (45.36486243602625,-73.62669189493161)
1 (45.62969384821207,-73.28105538393447)
1 (45.41634551174885,-73.65041871756128)
1 (45.35765721424299,-73.45468803794623)
1 (45.390653484962684,-73.38325518165408)
1 (45.44360293873119,-73.32903715539516)
1 (45.27841786040594,-73.34368418299543)
1 (45.59068920701463,-73.44767182133133)
1 (45.265521816795484,-73.43590304352483)
1 (45.27132099012,-73.4960035490707)
1 (45.647835168301235,-73.33736650011296)
1 (45.518943310750345,-73.3285461262056)
1 (45.277566094437226,-73.62785669290115)
1 (45.55016486970468,-73.66573439907286)
1 (45.63487259465674,-73.6009830033833)
1 (45.71148992666384,-73.7095544512884)
1 (45.26730291157358,-73.3118073532065)
1 (45.65167487255578,-73.46971780089979)
1 (45.629184535384,-73.26145860438146)
1 (45.41808876735166,-73.61896804737673)
1 (45.283257252442546,-73.70114265750239)
1 (45.363445789411095,-73.70733854019747)
1 (45.497646757379194,-73.35387297254496)
1 (45.32789069438599,-73.56078538924946)
1 (45.48270073146549,-73.40253885884057)
1 (45.53065648259306,-73.66960039840687)
1 (45.36426032634844,-73.37759720390632)
1 (45.46537708992012,-73.33636411939463)
1 (45.48261573554712,-73.5967160608963)
1 (45.34362599820875,-73.30192944833713)
1 (45.73969532152652,-73.56211663030199)
1 (45.27236481760334,-73.50103219196353)
1 (45.49096337020697,-73.7091529677158)
1 (45.38272455770732,-73.51660476538908)
1 (45.39305269014292,-73.62183691143497)
1 (45.54990511308601,-73.7037251893626)
1 (45.67333361175619,-73.2875584467602)
1 (45.656967267093265,-73.34036396176705)
1 (45.48342215676765,-73.65417010327018)
1 (45.558904269421454,-73.53269653616134)
1 (45.3350555778582,-73.67789634819981)
1 (45.497618883144966,-73.4577299880298)
1 (45.59381444725819,-73.71019760299578)
1 (45.70329449117328,-73.3653476907605)
1 (45.62384620320291,-73.46576080386042)
1 (45.2931377096302,-73.58560630756996)
1 (45.43504587282523,-73.44220694342667)
1 (45.34458280861169,-73.59522503577394)
1 (45.58307532576533,-73.52489869836997)
1 (45.67678666857027,-73.48968724227552)
1 (45.612153470608824,-73.60739918434619)
1 (45.42160638482925,-73.48423040228155)
1 (45.510725339993236,-73.38967621925772)
1 (45.40323975737994,-73.32823039752229)
1 (45.470918779809985,-73.58206383268396)
1 (45.67432220774247,-73.26309207929215)
1 (45.70412360493373,-73.54328639834618)
1 (45.275512052419046,-73.3837380057289)
1 (45.667078304483105,-73.41551820666423)
1 (45.39545928001758,-73.47814323239784)
1 (45.29552564070898,-73.58849450275925)
1 (45.608541205287246,-73.61809407054668)
1 (45.72579901398047,-73.32810806033852)
1 (45.25886163043767,-73.45745449727688)
1 (45.50862729762558,-73.64271807240291)
1 (45.34074876748649,-73.36170422169597)
1 (45.483996719812694,-73.43256634265877)
1 (45.39834989839639,-73.64436780986252)
1 (45.29108397975655,-73.67423863733045)
1 (45.52990939781598,-73.32218509919163)
1 (45.43307570599331,-73.33302701553808)
1 (45.53593009443218,-73.4214780860977)
1 (45.40311514080818,-73.37134188577153)
1 (45.59465590441943,-73.47315025520028)
1 (45.604667559664804,-73.63099075662662)
1 (45.58317721025722,-73.42310993602788)
1 (45.66727201862665,-73.51118311879691)
1 (45.28794861915892,-73.2586392171833)
1 (45.26694738908456,-73.74253946007397)
1 (45.26462211355679,-73.70933599907495)
1 (45.709446896937024,-73.67017493748632)
1 (45.513836784288785,-73.4237368682064)
1 (45.3241056402635,-73.30609636473064)
1 (45.43696967295962,-73.54958397721052)
1 (45.646201909098565,-73.49269412895697)
1 (45.72384049008233,-73.65692984394899)
1 (45.436553419939294,-73.3350287267852)
1 (45.40297638826737,-73.43887909815847)
1 (45.29849557188602,-73.60990432086561)
1 (45.25428098122033,-73.6047468676009)
1 (45.5044397559689,-73.64438992216948)
1 (45.64381547506907,-73.34476903691609)
1 (45.63688512741066,-73.6754916799406)
1 (45.590887598647946,-73.69422986001534)
1 (45.28205857243713,-73.45609776534288)
1 (45.51875770490576,-73.5579780314488)
1 (45.28828282531147,-73.36011017572848)
1 (45.67200947645756,-73.57378280218522)
1 (45.51572385154436,-73.46184603782145)
1 (45.605995983638714,-73.39483710536402)
1 (45.55934435371551,-73.52133353237426)
1 (45.46676013011907,-73.35794512408164)
1 (45.62269079309755,-73.498046046591)
1 (45.483441898406035,-73.37453735321114)
1 (45.556567420712526,-73.64091060196168)
1 (45.68942292522987,-73.73663648143757)
1 (45.55370133563433,-73.36209503068073)
1 (45.37332228660144,-73.36925301122352)
1 (45.60817862406237,-73.49612106244041)
1 (45.63644578289821,-73.38441994411022)
1 (45.606732032543526,-73.6742684185759)
1 (45.699403979029036,-73.6001813771827)
1 (45.317886897727696,-73.40702839345867)
1 (45.257353017799936,-73.4803302899669)
1 (45.58452244232091,-73.56453267651526)
1 (45.73067487125057,-73.72754626124265)
1 (45.705581430806646,-73.27642691019359)
1 (45.6959026463959,-73.52381439440023)
1 (45.31346218651105,-73.33857573917557)
1 (45.61030935979518,-73.65761200531733)
1 (45.51505232138084,-73.51427973026662)
1 (45.66281705017405,-73.50733051745108)
1 (45.666414763693524,-73.65235181866849)
1 (45.693746405281395,-73.56475480874849)
1 (45.39381209554677,-73.31344464382636)
1 (45.62641535002995,-73.38115348237018)
1 (45.35705623208616,-73.59943744551636)
1 (45.74470820324204,-73.50163836432952)
1 (45.27509611945265,-73.61848465385243)
1 (45.43247550703513,-73.6209324395636)
1 (45.39830694970642,-73.49049583182988)
1 (45.66298768372373,-73.34554059083112)
1 (45.41712017244443,-73.50436016048825)
1 (45.58965421140871,-73.58354826563215)
1 (45.74243442133373,-73.47914599684736)
1 (45.54283293593545,-73.70387835062037)
1 (45.679673123461534,-73.5567995229285)
1 (45.58179286178937,-73.71181735477992)
1 (45.74540544493895,-73.56353406170807)
1 (45.485756663534104,-73.27697707635505)
1 (45.743123034665196,-73.72114505835114)
1 (45.693437581138944,-73.52358875917004)
1 (45.72306563290104,-73.3679031498939)
1 (45.71659883015126,-73.55113206495925)
1 (45.599914667967695,-73.46147121514474)
1 (45.45990147824249,-73.69578146157929)
1 (45.49172443734713,-73.48345899846349)
1 (45.67667061192492,-73.57000853795101)
1 (45.273636550807254,-73.44677182718415)
1 (45.47819732092829,-73.42890877045784)
1 (45.41072384806821,-73.52282815237216)
1 (45.392807753310706,-73.40742704378886)
1 (45.345735848783114,-73.35601334659306)
1 (45.440168602729784,-73.65263659466854)
1 (45.569568829016795,-73.41740542604364)
1 (45.54616146901315,-73.3395813497364)
1 (45.494958914648144,-73.26885093566894)
1 (45.37414733675118,-73.50792256938531)
1 (45.38719771771814,-73.3618877913347)
1 (45.289555044191005,-73.58973549949519)
1 (45.37959592146106,-73.48380422972764)
1 (45.70646649512861,-73.4162828686567)
1 (45.51597048596328,-73.68529136488235)
1 (45.487234212447184,-73.39344705371943)
1 (45.317607542527824,-73.48068977447751)
1 (45.37915534216694,-73.42173350102486)
1 (45.56795333570986,-73.30274836712769)
1 (45.67583946003202,-73.5073632902457)
1 (45.3447117692846,-73.6191068267459)
1 (45.38514573973169,-73.36595319565279)
1 (45.30607742797631,-73.2773810352053)
1 (45.670428406551025,-73.6596373178216)
1 (45.35550918365447,-73.53977354824465)
1 (45.70731762454729,-73.33221441085419)
1 (45.56775003611604,-73.39654939551923)
1 (45.364376317473436,-73.31501087644064)
1 (45.65772454878753,-73.61051046373699)
1 (45.27271160559594,-73.66862967306147)
1 (45.313496275159714,-73.54176950194086)
1 (45.396982924809926,-73.50261083394722)
1 (45.39464309804656,-73.63366791154384)
1 (45.658237048906564,-73.27625993086363)
1 (45.31820936706161,-73.50659939935197)
1 (45.4876137118385,-73.3295060961394)
1 (45.41581943457659,-73.40679454774153)
1 (45.409203564400244,-73.72263180804883)
1 (45.647587798429,-73.29178933278654)
1 (45.36020369296061,-73.6780719959125)
1 (45.301137335638956,-73.6033436133627)
1 (45.45700411679547,-73.61621072713092)
1 (45.68733722253702,-73.28199338366358)
1 (45.30695190044601,-73.4602088227922)
1 (45.3682984820815,-73.31521401477657)
1 (45.74727793228463,-73.55237666436027)
1 (45.617715547889915,-73.58333910179343)
1 (45.5650346501264,-73.67646153977348)
1 (45.61881823203696,-73.47392291538422)
1 (45.31488116593996,-73.31644952632432)
1 (45.3509990241527,-73.67615230347377)
1 (45.3051657493677,-73.40308748665005)
1 (45.702606664112075,-73.74220679567304)
1 (45.666993654297286,-73.40431088306147)
1 (45.57444765968073,-73.41213370494073)
1 (45.65583176035924,-73.70511897146402)
1 (45.60621291602731,-73.34284794426155)
1 (45.46068970690002,-73.29616909622247)
1 (45.66634806086819,-73.2602843491497)
1 (45.312030388917336,-73.34846754553529)
1 (45.394810973189074,-73.66652304268065)
1 (45.58630117556996,-73.2940145585761)
1 (45.37771171834362,-73.58087667023989)
1 (45.402340227325574,-73.55911698663506)
1 (45.46300504863839,-73.37547092200683)
1 (45.392900863220724,-73.6083120498662)
1 (45.29720699787176,-73.58176812758042)
1 (45.41314989533233,-73.45245170753181)
1 (45.37453266042923,-73.59477629192882)
1 (45.417234455101244,-73.25447698119599)
1 (45.74190285726449,-73.48635422022406)
1 (45.59387475939897,-73.63076761819929)
1 (45.49594356650674,-73.65806622606544)
1 (45.60242898585608,-73.69468251432009)
1 (45.341402454027744,-73.31745775033657)
1 (45.39198922589051,-73.32201213283803)
1 (45.25433262216045,-73.74941648351282)
1 (45.61780613332357,-73.53554427214111)
1 (45.707944840136115,-73.57645129171429)
1 (45.59170299319317,-73.30780039097809)
1 (45.474204716397445,-73.6582643275043)
1 (45.51612831148045,-73.46722973482456)
1 (45.71005269632021,-73.47190967607823)
1 (45.455109105713646,-73.26375444714432)
1 (45.37354993054171,-73.73912485783114)
1 (45.58960577522269,-73.50453892234482)
1 (45.49230440284143,-73.72708937502644)
1 (45.28963208671124,-73.51021229346107)
1 (45.42420703442623,-73.54290767064423)
1 (45.41099282487518,-73.46550351375552)
1 (45.50880851462318,-73.37053163131115)
1 (45.490604249962516,-73.54635368946965)
1 (45.40659340760501,-73.4616307393504)
1 (45.67110126724093,-73.49805110457963)
1 (45.46295865086595,-73.28908629555337)
1 (45.73279832937403,-73.61578958530444)
1 (45.61387957173185,-73.60332838610292)
1 (45.54905920990621,-73.34028151046881)
1 (45.67104718366481,-73.69765318108327)
1 (45.60974449301518,-73.4266620640721)
1 (45.285686417807874,-73.48895018917096)
1 (45.4766433493377,-73.3749020234187)
1 (45.49231555321756,-73.55493778498578)
1 (45.644659958917686,-73.52430159330522)
1 (45.47638322131243,-73.53804781862213)
1 (45.28301290771935,-73.41336846535899)
1 (45.59301956806516,-73.32951834822714)
1 (45.72181923068515,-73.68948862681859)
1 (45.68806471145843,-73.68504647796486)
1 (45.33117322632781,-73.52027897148263)
1 (45.43708764833765,-73.39552100980941)
1 (45.61219313673148,-73.6103662388063)
1 (45.72328511249823,-73.34289803731707)
1 (45.38249733058185,-73.56356724009943)
1 (45.52095030711745,-73.7122000315542)
1 (45.3921848513791,-73.45105080543075)
1 (45.33762746429932,-73.30591253947311)
1 (45.55063335908055,-73.55104235646682)
1 (45.49511878691494,-73.31671992669366)
1 (45.67929089909666,-73.31498756102789)
1 (45.397186225797526,-73.55856516070999)
1 (45.33112621274383,-73.68882178209702)
1 (45.44009119479691,-73.53443629378121)
1 (45.73351537598629,-73.47609783183844)
1 (45.3710413605136,-73.33207523692467)
1 (45.31808134244722,-73.4722046132679)
1 (45.6891640717895,-73.6859724833981)
1 (45.598365430778486,-73.62576503888502)
1 (45.61380203067551,-73.62555455987781)
1 (45.34419901263794,-73.49453192002905)
1 (45.71572763951309,-73.44538855271644)
1 (45.58025619846638,-73.2587060233104)
1 (45.51829788679069,-73.28352146845398)
1 (45.405506933247096,-73.53458093042869)
1 (45.72762284966067,-73.3787398179336)
1 (45.49015327726634,-73.6957748640279)
1 (45.74349633625574,-73.59657792853812)
1 (45.35711957875878,-73.35804009104537)
1 (45.736138244584,-73.56732160492533)
1 (45.69628090105839,-73.61674592353846)
1 (45.347723662363634,-73.26704623445154)
1 (45.49135219478412,-73.54361186168214)
1 (45.492224922236865,-73.59489716168031)
1 (45.66172384211403,-73.35112297511554)
1 (45.28226823200975,-73.456362305755)
1 (45.73451774767121,-73.51928989160224)
1 (45.3075075578607,-73.55320560480979)
1 (45.26575130429848,-73.55002137445545)
1 (45.32544398010644,-73.50602251411085)
1 (45.323734739267955,-73.36935787847372)
1 (45.402669786837514,-73.59504677801323)
1 (45.332690860181216,-73.73717008056508)
1 (45.66219211470945,-73.29888080912083)
1 (45.45007425040193,-73.34765652270848)
1 (45.55079188246902,-73.43923985381535)
1 (45.417180517153255,-73.61208041820426)
1 (45.43929940595457,-73.60259305175431)
1 (45.47937414637049,-73.40766576287933)
1 (45.40821905918403,-73.6067526495881)
1 (45.519627133623196,-73.35342849468834)
1 (45.25131091712629,-73.61200544721811)
1 (45.487048655268055,-73.43494909605613)
1 (45.550538286504064,-73.54229844074379)
1 (45.53069922196164,-73.54569807768637)
1 (45.637215552132474,-73.2822839747072)
1 (45.4682214573349,-73.74250677758877)
1 (45.35624199269815,-73.65069714153022)
1 (45.32868231083706,-73.72713087289732)
1 (45.29298238574039,-73.41958162020529)
1 (45.70951038812097,-73.26458485691533)
1 (45.50565662913838,-73.65229783375453)
1 (45.57852499674533,-73.43203102686644)
1 (45.330025938506616,-73.37104035075299)
1 (45.433791845220156,-73.2594868923517)
1 (45.487714165088114,-73.53675942818472)
1 (45.40640377914461,-73.47547077519789)
1 (45.53467855274581,-73.53092464752855)
1 (45.45427304234695,-73.7069352381113)
1 (45.63214487508989,-73.26948630112001)
1 (45.74863482017379,-73.6034441024034)
1 (45.7087479755916,-73.25468355478498)
1 (45.699200338346394,-73.4605287502362)
1 (45.30966923163989,-73.28001593302274)
1 (45.29876074944322,-73.50651521070895)
1 (45.29623827196696,-73.6477380582636)
1 (45.5935315874691,-73.5908438084137)
1 (45.56776735844823,-73.63665522406497)
1 (45.60164067350232,-73.57000877954319)
1 (45.626312147440366,-73.5707905899403)
1 (45.40890077202974,-73.7297255338875)
1 (45.59460383089505,-73.68666253955955)
1 (45.46837143224177,-73.6087889061616)
1 (45.727572926719446,-73.57845381172565)
1 (45.31820294201186,-73.60131606690943)
1 (45.528686290157374,-73.31627223090919)
1 (45.510868310263625,-73.70967339248075)
1 (45.2937442044288,-73.38299517322697)
1 (45.516127741363974,-73.30036676531476)
1 (45.256835653891365,-73.35985865896647)
1 (45.71993328645521,-73.67953059267663)
1 (45.50582524628542,-73.30999440736937)
1 (45.391969444966826,-73.25338119884296)
1 (45.4680463564177,-73.56253632760236)
1 (45.63563902607488,-73.47210534133525)
1 (45.5408005484739,-73.58771078308384)
1 (45.36604178974221,-73.67313587901782)
1 (45.355814539130016,-73.37549332201445)
1 (45.283856508595775,-73.34162110592906)
1 (45.721981219827704,-73.68695681319835)
1 (45.6260256393671,-73.69212555078016)
1 (45.48651241173276,-73.73835473035295)
1 (45.677754760111064,-73.34620510319921)
1 (45.391056769707305,-73.30327558319208)
1 (45.62457764312893,-73.73547981059836)
1 (45.4763868354137,-73.37787294889746)
1 (45.30810052766766,-73.69918330342533)
1 (45.70693516362185,-73.44821829836563)
1 (45.324528051320485,-73.56889817899844)
1 (45.744760352282434,-73.52724176915513)
1 (45.67118613708911,-73.34129216274563)
1 (45.701449256373174,-73.49151915175766)
1 (45.302995642819084,-73.33215028420555)
1 (45.73601272335626,-73.34533115828876)
1 (45.50821370320543,-73.481853981432)
1 (45.54700793788098,-73.37096417369071)
1 (45.4507481693925,-73.74368810229929)
1 (45.627921069039566,-73.69013950086033)
1 (45.554963699357366,-73.7319627916126)
1 (45.61626990402728,-73.56175116155111)
1 (45.62813620159579,-73.53691715271873)
1 (45.6689368196642,-73.2757603362333)
1 (45.72557611097222,-73.32772755686304)
1 (45.538918242392825,-73.27213735441137)
1 (45.26392854610811,-73.5636735013871)
1 (45.411977551410786,-73.61716027393733)
1 (45.2792722806615,-73.31661970264231)
1 (45.585614061873244,-73.70717188776985)
1 (45.508377503078684,-73.37545345911636)
1 (45.73731179224383,-73.54206515486622)
1 (45.64384548709829,-73.45497169666469)
1 (45.33420705429897,-73.61730982340119)
1 (45.67684192098936,-73.46794281638559)
1 (45.682115070620746,-73.42425117414062)
1 (45.69474852531222,-73.43967363485397)
1 (45.69828146664137,-73.72370460705325)
1 (45.34529623937193,-73.74939250587869)
1 (45.719275153772216,-73.66753793292357)
1 (45.413606259879266,-73.47211477176332)
1 (45.52311518193914,-73.48697596132547)
1 (45.58405364452564,-73.6683876568101)
1 (45.253024625379204,-73.34478030265785)
1 (45.47498143727077,-73.52741670151248)
1 (45.57913042850566,-73.56124986902391)
1 (45.44103150249596,-73.31155669773055)
1 (45.72397916295133,-73.27115587157351)
1 (45.43522171021246,-73.57700523615931)
1 (45.407913968288284,-73.65026778471345)
1 (45.410887078976316,-73.65676766183142)
1 (45.34115926612594,-73.66604499477009)
1 (45.3222161565926,-73.38756771363435)
1 (45.60088504179637,-73.3573616589814)
1 (45.251351825877535,-73.54235830301096)
1 (45.58357387442355,-73.43280018419391)
1 (45.549889301649316,-73.39444278588044)
1 (45.71568911045878,-73.4960919839137)
1 (45.63309218834744,-73.28794715064387)
1 (45.73894380821832,-73.46070183373855)
1 (45.70626081049232,-73.52248933364478)
1 (45.66039557324496,-73.70334537351766)
1 (45.734425275315466,-73.27737210759227)
1 (45.372143288919915,-73.72839705676661)
1 (45.388899064580016,-73.70248156229046)
1 (45.5005775691907,-73.5716889136692)
1 (45.517217239311115,-73.6893037305754)
1 (45.74093751310372,-73.3631185903028)
1 (45.386596494909234,-73.70607712996605)
1 (45.2693519644316,-73.39277779904376)
1 (45.54529277196106,-73.4360798756672)
1 (45.3015946073662,-73.68498056182302)
1 (45.6310951798366,-73.29740505330088)
1 (45.485457661462476,-73.47861345063092)
1 (45.33168363169435,-73.7463087102032)
1 (45.5719498976642,-73.64064804681233)
1 (45.46769039774942,-73.57432046175705)
1 (45.709450444709695,-73.4024487914793)
1 (45.32604444987296,-73.70178680739374)
1 (45.74450068952982,-73.40567734340163)
1 (45.41854063878,-73.74737293462981)
1 (45.59309224308957,-73.37613763212774)
1 (45.27856386971292,-73.41427943295834)
1 (45.56710975741526,-73.30982365011216)
1 (45.7375119855732,-73.47953530183726)
1 (45.50201330303658,-73.3557250035569)
1 (45.34169917853156,-73.40270969164912)
1 (45.63389554211888,-73.61461328535914)
1 (45.680385028299796,-73.28473986228373)
1 (45.41672500738838,-73.34207531833694)
1 (45.39606260317006,-73.60630348279113)
1 (45.353887250821614,-73.54747707886419)
1 (45.53925245116833,-73.35826885250857)
1 (45.44206176283066,-73.71833534309154)
1 (45.71178722423599,-73.34423714504862)
1 (45.490022996520736,-73.37174197304533)
1 (45.614935459353,-73.58704601882185)
1 (45.38012992598221,-73.34102860590886)
1 (45.681700883905954,-73.40733472091877)
1 (45.286069078257725,-73.64677765452362)
1 (45.42624711280998,-73.36287614426539)
1 (45.44684195612995,-73.4765784267109)
1 (45.487635979603006,-73.34236155352407)
1 (45.3240384979492,-73.70759506382568)
1 (45.579930650217996,-73.69667958849155)
1 (45.33711385037591,-73.55005616813452)
1 (45.686203440057945,-73.36446127658974)
1 (45.37968687854757,-73.26819368910284)
1 (45.35010108930761,-73.50676839760014)
1 (45.46880409018417,-73.54795180925419)
1 (45.32535887665199,-73.70828295860615)
1 (45.668663965021935,-73.42795453292415)
1 (45.641018034078236,-73.32921115750986)
1 (45.36047213646332,-73.29176348812835)
1 (45.32808916557168,-73.6033453242272)
1 (45.5008986605445,-73.7353756020848)
1 (45.632017978892556,-73.57333332299345)
1 (45.723034646292945,-73.67420315647767)
1 (45.50454742759657,-73.43418484743201)
1 (45.48579590975806,-73.3384467834102)
1 (45.52843411072792,-73.32039987930321)
1 (45.47039751175979,-73.32481492169649)
1 (45.67896470202866,-73.52083478478697)
1 (45.555823444839824,-73.62596102627766)
1 (45.46733177663975,-73.53852729575868)
1 (45.47914182323159,-73.54680323813238)
1 (45.5426663151118,-73.33018174589571)
1 (45.70106652369792,-73.63905864640715)
1 (45.25188783005817,-73.46187160214616)
1 (45.552341980468654,-73.74186764576957)
1 (45.46952110161428,-73.30374692525288)
1 (45.432328888357326,-73.40730170517075)
1 (45.713241803180715,-73.25713941691684)
1 (45.667593960769025,-73.4148408867002)
1 (45.65515168481379,-73.36243874532634)
1 (45.61535794993713,-73.73857524544475)
1 (45.623647189862794,-73.47546888096764)
1 (45.71433191166806,-73.72492753337848)
1 (45.56623371651282,-73.52382377803875)
1 (45.44377227553875,-73.36711232707788)
1 (45.7097508645,-73.66272735206847)
1 (45.55051123757553,-73.42533969454567)
1 (45.31121255427014,-73.44246288446286)
1 (45.443269759701494,-73.73893972123085)
1 (45.43982885052331,-73.37627272803871)
1 (45.33373621748597,-73.40812684713961)
1 (45.668765094936994,-73.55885945107727)
1 (45.52469433595301,-73.58904115823225)
1 (45.38380646027595,-73.73122520530742)
1 (45.70691037157436,-73.445996699078)
1 (45.635335290112394,-73.4175664202533)
1 (45.72853944347275,-73.33953487272126)
1 (45.569890993816045,-73.47429646389487)
1 (45.54348763243902,-73.59792379967826)
1 (45.47807110358453,-73.58999933977165)
1 (45.428466450848134,-73.72316262757019)
1 (45.386645148799,-73.45822311152699)
1 (45.58240251272693,-73.62034291063685)
1 (45.40449130598737,-73.5125019092472)
1 (45.38641604705056,-73.41138664370752)
1 (45.70432918369723,-73.26485121028209)
1 (45.407757246672304,-73.60072402196855)
1 (45.58521010888339,-73.4252111998321)
1 (45.67689080533621,-73.30139177007099)
1 (45.51434002748956,-73.59991882651504)
1 (45.353344264921574,-73.40532570917918)
1 (45.39104776900589,-73.47226926721927)
1 (45.62298698607815,-73.49128945864774)
1 (45.510575441407816,-73.45758343118341)
1 (45.53708194664803,-73.4079239507656)
1 (45.33085531015813,-73.3989280772714)
1 (45.51175377305883,-73.34782050257618)
1 (45.66155134764172,-73.4277411099473)
1 (45.355441781086654,-73.34131309114034)
1 (45.301381519579834,-73.65609463938627)
1 (45.481457960800654,-73.4458535083235)
1 (45.44710044921624,-73.39418427233159)
1 (45.392945199141955,-73.48837595259083)
1 (45.385510206090785,-73.59786315143938)
1 (45.5983323656949,-73.53397579541797)
1 (45.55848027456879,-73.74664503166389)
1 (45.32680802466019,-73.30451984470072)
1 (45.56019608171295,-73.33258113709657)
1 (45.26538594497901,-73.55547382513495)
1 (45.48571878966695,-73.60477076998825)
1 (45.531810817194575,-73.43827548601875)
1 (45.30042714604762,-73.6629963681615)
1 (45.73085383299252,-73.62899976593404)
1 (45.54102569256774,-73.42707911554736)
1 (45.71547314153667,-73.49185556777641)
1 (45.69054182707535,-73.42603148197037)
1 (45.588865386795256,-73.26822132312338)
1 (45.49209742522555,-73.25293894761599)
1 (45.53860992035845,-73.73846999306639)
1 (45.2792290668545,-73.41773310512527)
1 (45.28990837979731,-73.49475156348335)
1 (45.60414425214307,-73.70062439178291)
1 (45.30134798346927,-73.38819453245875)
1 (45.53953922208115,-73.46394252396317)
1 (45.30366747646281,-73.37365561273077)
1 (45.51446720597917,-73.71948880416888)
1 (45.39968097375779,-73.36918980653243)
1 (45.42023429208638,-73.57223453796404)
1 (45.70181503360474,-73.37583119870006)
1 (45.488413409895436,-73.46930531652248)
1 (45.382640689795146,-73.46606752628847)
1 (45.59980518404638,-73.47567159982464)
1 (45.553332543871775,-73.34655977283604)
1 (45.73053754322766,-73.57482119027586)
1 (45.565163006543145,-73.53220080134017)
1 (45.6794845093548,-73.25391997898407)
1 (45.64994056950438,-73.73452522385308)
1 (45.549797762823765,-73.37857254032626)
1 (45.276726495121984,-73.36777542821993)
1 (45.67658269916394,-73.59227481763493)
1 (45.704215589994384,-73.61059695713328)
1 (45.30261423778979,-73.69000649408612)
1 (45.45084190915822,-73.73037900967606)
1 (45.304475854813035,-73.61414109540256)
1 (45.287971630351585,-73.38067426803686)
1 (45.66261830078639,-73.40395757381046)
1 (45.385470565535286,-73.3199247763212)
1 (45.65057332604137,-73.5975171593846)
1 (45.4034849632267,-73.4718888832805)
1 (45.39092039224398,-73.73652522990855)
1 (45.62944986529834,-73.45470705463795)
1 (45.48859307880168,-73.26102794376703)
1 (45.70513996393565,-73.64646248307231)
1 (45.40572496082625,-73.70139933187487)
1 (45.57500399371167,-73.53038512976886)
1 (45.586473087715596,-73.68005450218124)
1 (45.514074139688184,-73.4725162010941)
1 (45.5751204182794,-73.32468057062363)
1 (45.46141792973635,-73.72869251787655)
1 (45.49624690066823,-73.26850695839153)
1 (45.3934007287157,-73.35612883678846)
1 (45.281872218864315,-73.47124257513651)
1 (45.619952956663376,-73.3176684002268)
1 (45.43721130138452,-73.63678752455516)
1 (45.676586611204435,-73.41394074351378)
1 (45.43404727699312,-73.53068265622953)
1 (45.4150817110377,-73.26020814809833)
1 (45.50871448943069,-73.51149071127044)
1 (45.466564013410476,-73.34060029466258)
1 (45.72029781934436,-73.58590812563517)
1 (45.46212095788298,-73.72272991046468)
1 (45.59389259544993,-73.27738738983071)
1 (45.74815391450088,-73.30034964916253)
1 (45.53363272489074,-73.56240483871007)
1 (45.32634018524196,-73.45075389925356)
1 (45.44068297715285,-73.5772396632622)
1 (45.38137937300181,-73.74704688609376)
1 (45.61250463165297,-73.73123512130591)
1 (45.53362417251467,-73.35319150431665)
1 (45.5314420579923,-73.27999347850925)
1 (45.368246820233644,-73.45192129317138)
1 (45.57304075558014,-73.3138117551909)
1 (45.347767629334584,-73.51214094369611)
1 (45.477496217373016,-73.50289570910242)
1 (45.41057358604266,-73.39335861433165)
1 (45.63124567429315,-73.31149497021768)
1 (45.39448000358557,-73.70998639878096)
1 (45.29995351295234,-73.748082808311)
1 (45.40143958872549,-73.53801324606128)
1 (45.43900416637799,-73.55805932996702)
1 (45.33717868568506,-73.44059748522632)
1 (45.5831046134972,-73.5891876093786)
1 (45.61784150288448,-73.41754425848914)
1 (45.58271216897563,-73.36807732867777)
1 (45.43464864440613,-73.74642596079987)
1 (45.61174091284325,-73.71851146597554)
1 (45.50712738553905,-73.28027194403234)
1 (45.41836416414724,-73.52926662717032)
1 (45.43564657607779,-73.59829647259956)
1 (45.728718043234174,-73.54030832809305)
1 (45.584789996000026,-73.47205206391374)
1 (45.54192481461788,-73.26184783870696)
1 (45.390527874382265,-73.40968835284045)
1 (45.274092836817914,-73.37072784593042)
1 (45.586196823359735,-73.57566433515593)
1 (45.31881326741064,-73.64295955780246)
1 (45.584974357302244,-73.65230517252255)
1 (45.59216194240205,-73.67996423483568)
1 (45.63983506083007,-73.71301231719218)
1 (45.52132812106309,-73.36917782232538)
1 (45.42590094295296,-73.41472908080382)
1 (45.71773012761864,-73.68715779641053)
1 (45.354649581759496,-73.28943137108489)
1 (45.74784112848599,-73.60518649701254)
1 (45.73461943064404,-73.62095665801674)
1 (45.477936522029474,-73.49359612313809)
1 (45.339052048527826,-73.33440172010695)
1 (45.4225879180034,-73.541645824616)
1 (45.5273375081257,-73.50061334368019)
1 (45.370966715838165,-73.314761594797)
1 (45.294179257578456,-73.46796335545704)
1 (45.29988365934803,-73.6603057259379)
1 (45.48807104078119,-73.2776430966646)
1 (45.70797910757557,-73.74677224989952)
1 (45.44897898217215,-73.39712973763294)
1 (45.521591968326625,-73.57941097948823)
1 (45.46404784195128,-73.41927035258738)
1 (45.62957342660105,-73.37776286020937)
1 (45.729701196329806,-73.72159719742153)
1 (45.401675129666145,-73.72744484339417)
1 (45.438681021130755,-73.66203102127817)
1 (45.7331295741915,-73.42975304943323)
1 (45.68137305703243,-73.7030467746882)
1 (45.73665366726014,-73.46825837323098)
1 (45.56219002354122,-73.40666946645644)
1 (45.6723450480621,-73.49154930276792)
1 (45.28383556912377,-73.52733554421032)
1 (45.56580353876624,-73.6756319350732)
1 (45.44494755095234,-73.4486983631978)
1 (45.71529891155142,-73.27822788348595)
1 (45.42992021685176,-73.46387418536405)
1 (45.42991895024654,-73.63031613390821)
1 (45.543630346870536,-73.38641819279259)
1 (45.37237048663333,-73.72774534305387)
1 (45.45834352747235,-73.70148772942535)
1 (45.30246899702148,-73.4875986976893)
1 (45.59525215145147,-73.42319343076012)
1 (45.33034096668145,-73.62022363724088)
1 (45.258897876928835,-73.51505627482186)
1 (45.49197623446228,-73.43844451854383)
1 (45.67915679807941,-73.6557821019408)
1 (45.55400598286233,-73.28045664274563)
1 (45.59251646950271,-73.2922326823275)
1 (45.43944526940849,-73.5622554249413)
1 (45.61204969363979,-73.31551575470432)
1 (45.54162725675328,-73.29918507562255)
1 (45.39379078282277,-73.32453402191048)
1 (45.45966955416695,-73.74429680065509)
1 (45.50614570285683,-73.3041265915256)
1 (45.345551548149494,-73.58368646820013)
1 (45.44851846600771,-73.6421036528409)
1 (45.60024447005333,-73.40583781431253)
1 (45.44551164519508,-73.7410187744396)
1 (45.5943249002713,-73.42322727655304)
1 (45.46385995625203,-73.54644084660458)
1 (45.41711481165202,-73.67005208106931)
1 (45.360681473125396,-73.61378057929643)
1 (45.37763044721562,-73.6299239354077)
1 (45.673681775553334,-73.37039481560294)
1 (45.59048485188786,-73.4617257623465)
1 (45.306622314177105,-73.49873447320726)
1 (45.48037773743358,-73.69055970530083)
1 (45.74666480641859,-73.36972006091061)
1 (45.42991908790961,-73.41381991399045)
1 (45.474129449302325,-73.69332192693831)
1 (45.57727187160601,-73.73990417729908)
1 (45.389755504522135,-73.52548977913642)
1 (45.44246173239458,-73.32893389880407)
1 (45.38972835409482,-73.47711974979592)
1 (45.62419049438051,-73.54108238813285)
1 (45.66453833597684,-73.41166440184647)
1 (45.26260317320892,-73.31871687870061)
1 (45.38416197597205,-73.59328493384885)
1 (45.30769668874721,-73.53354031792018)
1 (45.659107400917016,-73.65711195171573)
1 (45.367921514461905,-73.61927410929636)
1 (45.534541295631826,-73.41722483600877)
1 (45.539016129166804,-73.38415378666357)
1 (45.283015504977016,-73.40637726279016)
1 (45.62922716484338,-73.45561499631377)
1 (45.41023743157392,-73.65428956933113)
1 (45.60380632988625,-73.35202739131064)
1 (45.577878755848204,-73.55849676020115)
1 (45.36903889548209,-73.70318984150265)
1 (45.57759322796451,-73.28328348048636)
1 (45.70404631847872,-73.65253065229821)
1 (45.56121470435461,-73.4381558876928)
1 (45.72721918047712,-73.46956197295519)
1 (45.44353257345806,-73.33759262574145)
1 (45.253374820637745,-73.38111802999738)
1 (45.7460924164287,-73.4284857926222)
1 (45.257597164108844,-73.59426237006166)
1 (45.64314562594768,-73.49072502181933)
1 (45.41220496961236,-73.43247972293399)
1 (45.604172297987425,-73.46979643502392)
1 (45.304407272772785,-73.43987342955397)
1 (45.301327851857316,-73.28806072181159)
1 (45.473943890808826,-73.7255701875988)
1 (45.36471400321056,-73.70354277137766)
1 (45.332371603301254,-73.72238890465245)
1 (45.623551289639956,-73.7416083546764)
1 (45.33864497750536,-73.42006125074377)
1 (45.66713042331007,-73.4158209375259)
1 (45.50925433295875,-73.50389686865446)
1 (45.39584591256757,-73.37956522692592)
1 (45.43542130133773,-73.68476657143933)
1 (45.709666082567416,-73.30969144273384)
1 (45.46471602573097,-73.34563250773715)
1 (45.59906939989436,-73.71747775542002)
1 (45.57994803683202,-73.45358450632833)
1 (45.66177776363862,-73.51062602739252)
1 (45.27429627018339,-73.4944476427419)
1 (45.46754326970982,-73.4927990430236)
1 (45.37838217600444,-73.47950606457115)
1 (45.73279571498123,-73.58437528203847)
1 (45.34235249743199,-73.3507439821531)
1 (45.44713371609104,-73.37964063053958)
1 (45.41402757249189,-73.37223503944512)
1 (45.41444354925039,-73.72155368391675)
1 (45.48278325431475,-73.34091672664209)
1 (45.63285501818896,-73.2755151882464)
1 (45.57807353535382,-73.6799669695651)
1 (45.53979485396712,-73.6182391450351)
1 (45.62136407460442,-73.69235563542216)
1 (45.391073882484505,-73.62686703516543)
1 (45.5307348890746,-73.45087393845748)
1 (45.42624467918553,-73.456883754013)
1 (45.6685239886579,-73.48405034987434)
1 (45.496392693882676,-73.63518740212434)
1 (45.40412196205067,-73.58484212994986)
1 (45.49507409855065,-73.26683274234372)
1 (45.73639078081499,-73.72084679784241)
1 (45.738289854341325,-73.56051121870843)
1 (45.48316828225598,-73.6610088240085)
1 (45.38518587808854,-73.31874839835106)
1 (45.498933291987036,-73.55440159699124)
1 (45.57759532253855,-73.71409250035293)
1 (45.72594434178735,-73.30164594792618)
1 (45.70358943049372,-73.58223598553612)
1 (45.619028619703194,-73.64888136630887)
1 (45.55787949974756,-73.60705488842632)
1 (45.60968543622562,-73.50793685631659)
1 (45.680213107882146,-73.65096837741982)
1 (45.29128265089048,-73.56445375611293)
1 (45.30183351954383,-73.5968146244482)
1 (45.41386177287636,-73.27819329463064)
1 (45.61962211135774,-73.4146062979384)
1 (45.57443175357836,-73.40661710936702)
1 (45.547719239250235,-73.7480724256099)
1 (45.67661886500204,-73.69405950649795)
1 (45.66721996977759,-73.63181123340036)
1 (45.3121539845729,-73.36441564289875)
1 (45.30596674860103,-73.50017144960977)
1 (45.68591654394478,-73.53525020491566)
1 (45.53251177293175,-73.43364762566507)
1 (45.566117814380014,-73.63558693839065)
1 (45.34099789842148,-73.60761802086154)
1 (45.49169445351495,-73.35836932660963)
1 (45.43700736111721,-73.6616713790241)
1 (45.610096506630455,-73.61168876212051)
1 (45.308353668529094,-73.69556216080187)
1 (45.55039233991832,-73.35035656898717)
1 (45.67934250358498,-73.32000154003993)
1 (45.65897632092443,-73.57125195489391)
1 (45.50220363550962,-73.64703459808075)
1 (45.73815320648777,-73.64210840176315)
1 (45.33519616725705,-73.29567197048138)
1 (45.63148665772187,-73.50400634036481)
1 (45.2933156836739,-73.41373734978929)
1 (45.5940374490521,-73.64282058620681)
1 (45.73458217268785,-73.37655999554515)
1 (45.37048021361334,-73.56422647141802)
1 (45.46256398515537,-73.71718462028937)
1 (45.2795760598343,-73.33059890526667)
1 (45.48409310397354,-73.47118874691994)
1 (45.36959130657599,-73.52624421868887)
1 (45.26005353029023,-73.48199082940302)
1 (45.365991175899225,-73.30988519340009)
1 (45.42667484036442,-73.30970018660781)
1 (45.680100540132294,-73.49017484580521)
1 (45.64493908150306,-73.71810287787875)
1 (45.685411847701715,-73.32124535073902)
1 (45.55650967686657,-73.28029569869733)
1 (45.29683388778477,-73.46090369836176)
1 (45.286017036730826,-73.44377323465038)
1 (45.60741338198595,-73.26406630748306)
1 (45.53158624885102,-73.43044104501335)
1 (45.446924273512366,-73.29838019964038)
1 (45.528167937772416,-73.61607099478367)
1 (45.72720833202762,-73.66770882059247)
1 (45.551534306187854,-73.53713262771731)
1 (45.33026386008673,-73.41226613480036)
1 (45.65472803136553,-73.410727555956)
1 (45.57681710576479,-73.42166293828681)
1 (45.49330252584629,-73.52552183615653)
1 (45.48547516942283,-73.44898501713504)
1 (45.40086789777475,-73.56811393943026)
1 (45.5955464995022,-73.45025301069647)
1 (45.322257516511684,-73.39019455142137)
1 (45.58022908653477,-73.59421950694261)
1 (45.29805627529597,-73.39714656355534)
1 (45.721104287922536,-73.39243920510756)
1 (45.421281969467294,-73.64840243317214)
1 (45.54973788993755,-73.48890363562977)
1 (45.55468721839548,-73.40391834301752)
1 (45.58767779438446,-73.72226220670677)
1 (45.60545031418253,-73.7295430584689)
1 (45.63225153515443,-73.63175685402457)
1 (45.30294867691075,-73.38685205226045)
1 (45.44230476223063,-73.62047823835567)
1 (45.71485988128435,-73.58018564519986)
1 (45.47538514418068,-73.5164066090883)
1 (45.66701072716353,-73.71517269591284)
1 (45.515864618723654,-73.28293106167432)
1 (45.303195629605156,-73.63893941866552)
1 (45.61210598344288,-73.62614652388223)
1 (45.73261144927981,-73.38249597737821)
1 (45.710018165485955,-73.72620792532557)
1 (45.56460670447934,-73.71046126823232)
1 (45.73020796878615,-73.28437687380307)
1 (45.62311865549056,-73.30232946313991)
1 (45.586423924897,-73.52612632767121)
1 (45.266472902608186,-73.64289971908586)
1 (45.28410184219268,-73.73377434826158)
1 (45.51214556429041,-73.68728354511126)
1 (45.269559172598726,-73.2995985038117)
1 (45.58063909832399,-73.58807210069023)
1 (45.62274916679751,-73.69223790630176)
1 (45.527798576799405,-73.72878899602445)
1 (45.49947388183739,-73.61542039614717)
1 (45.330695859309834,-73.49867170229048)
1 (45.4325682066737,-73.5086576892582)
1 (45.628635209226985,-73.66911800784692)
1 (45.695805665671834,-73.39453213395585)
1 (45.297884273078196,-73.39180181569124)
1 (45.41913987893105,-73.4165537132676)
1 (45.656410438365924,-73.73250544488837)
1 (45.51938373788562,-73.73529677740179)
1 (45.35320326814443,-73.28313363073708)
1 (45.27654190793052,-73.2586313680616)
1 (45.39568941343276,-73.25716751078639)
1 (45.542750228227334,-73.47434425088544)
1 (45.30829735061522,-73.5709846862872)
1 (45.618139208971,-73.43030058269278)
1 (45.59540481725936,-73.74501437104436)
1 (45.26592675733258,-73.66852736643551)
1 (45.502703006600505,-73.52461495014357)
1 (45.6676587839874,-73.66520539032317)
1 (45.53243684132796,-73.42085375522055)
1 (45.33875458087498,-73.55853678382415)
1 (45.27003193331294,-73.40603721954919)
1 (45.63437706348452,-73.66081093526628)
1 (45.32229415823739,-73.26788242689426)
1 (45.47613630143185,-73.44972171497176)
1 (45.55066907731713,-73.62963885238557)
1 (45.3212480331251,-73.41709469539009)
1 (45.30697361394874,-73.38126241512282)
1 (45.67750727507269,-73.32066337206055)
1 (45.54356375082602,-73.7389116361703)
1 (45.63980005311932,-73.53638884758807)
1 (45.475077258091495,-73.35657874277823)
1 (45.48686502035525,-73.34504800790127)
1 (45.41469186783675,-73.35458667459848)
1 (45.33062969020779,-73.60742062765688)
1 (45.494264348996836,-73.3049756609614)
1 (45.654684417736,-73.38738629092695)
1 (45.70476744061826,-73.62347122911396)
1 (45.313320533715235,-73.67159753405662)
1 (45.56111683625505,-73.46176829252083)
1 (45.68804721942107,-73.40812608315056)
1 (45.70378148637612,-73.57228424251764)
1 (45.71461523723581,-73.64458437217843)
1 (45.39849624431109,-73.73032635487208)
1 (45.40031360923594,-73.58870536718551)
1 (45.684946451079455,-73.64578761993403)
1 (45.748668805856006,-73.44121873900127)
1 (45.35547016559728,-73.37802712219013)
1 (45.696664276660535,-73.36209221557728)
1 (45.515624236945506,-73.58350999786897)
1 (45.748211359300235,-73.42681224651092)
1 (45.68988638730019,-73.4760742263905)
1 (45.456840904795385,-73.40935874598563)
1 (45.28781607095176,-73.6643598866898)
1 (45.270448387179755,-73.6928839086742)
1 (45.73867295339271,-73.54997940109148)
1 (45.5014132421077,-73.55783581762965)
1 (45.73579220028844,-73.72342512960229)
1 (45.326526767708174,-73.5303728674074)
1 (45.30594208544565,-73.28250386855667)
1 (45.252901004174944,-73.39139549821708)
1 (45.33343961859352,-73.72025552247769)
1 (45.4083944505803,-73.34837730328928)
1 (45.72397625267408,-73.48585638067772)
1 (45.32807852568036,-73.25840801579173)
1 (45.58890596907084,-73.51292542211992)
1 (45.61188222066384,-73.661466196093)
1 (45.66717438551304,-73.43494466987558)
1 (45.42279050201023,-73.7379201688413)
1 (45.67911767559624,-73.3671733028106)
1 (45.27983537242006,-73.64361103793239)
1 (45.42403649710103,-73.5284772800024)
1 (45.475606744432646,-73.49960207673735)
1 (45.6917504814401,-73.60491508499622)
1 (45.71412362602153,-73.62178438388894)
1 (45.457264695789874,-73.61971258155096)
1 (45.72164426213054,-73.36800908366206)
1 (45.36723051749179,-73.671428073021)
1 (45.63035737212791,-73.25727183255049)
1 (45.70705875992723,-73.7336519226271)
1 (45.372884658398696,-73.27670575397345)
1 (45.35834398648184,-73.27550248595695)
1 (45.65413825218751,-73.53774467523007)
1 (45.7176845225259,-73.26247372371775)
1 (45.28631497918881,-73.67279870883307)
1 (45.650033648417626,-73.63185732530243)
1 (45.28267238101802,-73.57813981002148)
1 (45.292392987471686,-73.60600538202803)
1 (45.60622026580798,-73.30742543948867)
1 (45.40696016765119,-73.71011760457917)
1 (45.360574140302894,-73.60339397692086)
1 (45.50676839880706,-73.59902996105818)
1 (45.49195575251424,-73.72274567194721)
1 (45.641406473267374,-73.26964966597225)
1 (45.743688883284314,-73.36107905545694)
1 (45.535583486490836,-73.44222440825928)
1 (45.66752698689167,-73.62098231039697)
1 (45.71910332359601,-73.33455155316383)
1 (45.44976250536634,-73.5869854251802)
1 (45.37323980097197,-73.72852627271303)
1 (45.65430591433143,-73.67605886566531)
1 (45.34555404399722,-73.63809525863746)
1 (45.7197860234688,-73.5217001341785)
1 (45.65287147546177,-73.5317257737083)
1 (45.6732110368631,-73.72338016882792)
1 (45.300436736756964,-73.44091782577945)
1 (45.53884343549522,-73.35122683499154)
1 (45.394190354319605,-73.39908003942244)
1 (45.32767989255394,-73.63830325762983)
1 (45.312661988121164,-73.50225799366906)
1 (45.290290753160775,-73.31969438582851)
1 (45.6351507780076,-73.46474648951495)
1 (45.30376182043388,-73.58884534386725)
1 (45.59366415151352,-73.35853548781859)
1 (45.34209458012653,-73.63720090882322)
1 (45.52751203381007,-73.27583215476425)
1 (45.44865923853738,-73.72317570096176)
1 (45.67150453371375,-73.43856963357925)
1 (45.48915813241116,-73.6808402218576)
1 (45.60137662493728,-73.29785587402762)
1 (45.71404555275709,-73.72743836124977)
1 (45.2933643283482,-73.41973425763814)
1 (45.30046302459771,-73.3619574915669)
1 (45.52878255719908,-73.44142012067701)
1 (45.575487749011586,-73.56445252554823)
1 (45.2890056867994,-73.60434580391662)
1 (45.544854759784734,-73.40768113954203)
1 (45.34142760587833,-73.32688952917569)
1 (45.664301939159124,-73.57883750373935)
1 (45.41277881186476,-73.47058138715155)
1 (45.49430025052462,-73.6797775401428)
1 (45.68260389237478,-73.37887284042083)
1 (45.47316976042285,-73.5291090703087)
1 (45.30675347544683,-73.42722385575611)
1 (45.52844529752274,-73.52887576918027)
1 (45.2984207071722,-73.7173051539781)
1 (45.621844029144356,-73.48229424356931)
1 (45.352552752472995,-73.67653051646109)
1 (45.58930029001005,-73.55710904991584)
1 (45.59839386772129,-73.68692748522979)
1 (45.29427151510358,-73.38161106330709)
1 (45.30446740585483,-73.46452261095966)
1 (45.659882184948174,-73.53721971232501)
1 (45.74047955151653,-73.74196028831992)
1 (45.58346115154031,-73.4727606028227)
1 (45.721428859971056,-73.37299229763968)
1 (45.56564092094597,-73.61117486714227)
1 (45.32063094883872,-73.2777681031055)
1 (45.605425699851985,-73.64937783108373)
1 (45.3404189478901,-73.68252398648238)
1 (45.52249839482731,-73.2663392343806)
1 (45.371955656814976,-73.37631187896375)
1 (45.36852500901453,-73.65318831136737)
1 (45.65889454490474,-73.71082701490482)
1 (45.48032805614619,-73.46225235391886)
1 (45.50355208103691,-73.30718614484037)
1 (45.50953906378968,-73.43941753464728)
1 (45.618805217715376,-73.4056764418447)
1 (45.43570337797389,-73.65605687489582)
1 (45.634102896773776,-73.50103771622463)
1 (45.63279885373187,-73.3929999076319)
1 (45.40978207261517,-73.34675892923818)
1 (45.51274320337519,-73.34962487210728)
1 (45.40030372053745,-73.58716285139101)
1 (45.613703216080076,-73.45613407077362)
1 (45.53407576437536,-73.68572041740877)
1 (45.73588212531539,-73.65642895692548)
1 (45.44520507756353,-73.46207979718784)
1 (45.35294984473523,-73.60273163693645)
1 (45.40082197956915,-73.4287126790022)
1 (45.543394089405,-73.26120526132236)
1 (45.41654592399887,-73.73087352867917)
1 (45.592808480572764,-73.47030599996472)
1 (45.342212441714246,-73.34073550641386)
1 (45.71549729154207,-73.52045490232864)
1 (45.63015660446898,-73.7381095521397)
1 (45.53176449391735,-73.33484830756561)
1 (45.56914948747676,-73.62607138265061)
1 (45.515868407122255,-73.32683109119174)
1 (45.47850964910177,-73.28011372844628)
1 (45.59886095266053,-73.48923730362729)
1 (45.708962496009825,-73.41410961036541)
1 (45.470394533075655,-73.73545847593802)
1 (45.28949630185693,-73.46541489323299)
1 (45.374067249012555,-73.46072999655013)
1 (45.69276412753755,-73.4548567154794)
1 (45.33199064470706,-73.72523184062435)
1 (45.46550707620424,-73.5651472271285)
1 (45.26600259071065,-73.37808001889974)
1 (45.38502467933442,-73.30342993249128)
1 (45.40531094487369,-73.34314086546837)
1 (45.35789436038502,-73.57020917851952)
1 (45.68334218753124,-73.6738305641792)
1 (45.4729424593316,-73.64783085238466)
1 (45.53018211236767,-73.35466791840557)
1 (45.45689517831022,-73.54697591823609)
1 (45.56123453951101,-73.68232872505071)
1 (45.2581885413796,-73.30929582789163)
1 (45.64758656999251,-73.39830569774658)
1 (45.60209238537458,-73.25836207272322)
1 (45.72905783281319,-73.5690081672331)
1 (45.61860387317922,-73.31952025800095)
1 (45.49702400644357,-73.51724160335043)
1 (45.543492252503334,-73.39203166666586)
1 (45.73084348084006,-73.40148695222939)
1 (45.532426858766385,-73.35405352900911)
1 (45.619079082491695,-73.3162558161749)
1 (45.308296609677356,-73.61255223397322)
1 (45.334695148078914,-73.54802750644068)
1 (45.682629643607726,-73.67616138009937)
1 (45.4620236710644,-73.36687978853075)
1 (45.453447766749036,-73.52928983064895)
1 (45.59253116389743,-73.46390540453447)
1 (45.283941131060516,-73.62045280974894)
1 (45.51628158780055,-73.35886210627473)
1 (45.409024185354376,-73.54684190472815)
1 (45.43647859299504,-73.30123408755824)
1 (45.400134932176464,-73.52056816801448)
1 (45.52558397168308,-73.37098868231314)
1 (45.74256517561276,-73.43980490209381)
1 (45.42324705226544,-73.6527921352373)
1 (45.64416026642733,-73.36022542806172)
1 (45.44864355172272,-73.50930400795757)
1 (45.29940261749711,-73.3686733882651)
1 (45.36281032843551,-73.61540024647574)
1 (45.278694071211135,-73.30192152413325)
1 (45.47017575440602,-73.53578035817449)
1 (45.29907793213704,-73.42866779966336)
1 (45.6927240687748,-73.73339451397177)
1 (45.35969234889279,-73.62258552952795)
1 (45.48509486925446,-73.48548202372258)
1 (45.592922351366525,-73.69828734740331)
1 (45.584407521009744,-73.25774310598791)
1 (45.69051888630343,-73.46048064746807)
1 (45.60471346190101,-73.64527111976727)
1 (45.41287863999809,-73.62938525044505)
1 (45.39271752395645,-73.5313531162762)
1 (45.47922955054071,-73.65265187410877)
1 (45.35877297263412,-73.6421021072964)
1 (45.56664244206975,-73.49556304839724)
1 (45.68514285539116,-73.68611441580191)
1 (45.71659016560946,-73.31721613892844)
1 (45.392133872355146,-73.26395181161978)
1 (45.659201267710834,-73.49068084670677)
1 (45.711947097694186,-73.71222752431122)
1 (45.417406177470106,-73.70979191959017)
1 (45.579953205865166,-73.51143180233026)
1 (45.5458493775547,-73.44428042706436)
1 (45.303588057005776,-73.33536221245141)
1 (45.492742242419325,-73.25836508063313)
1 (45.610177965208145,-73.25312999724039)
1 (45.346756547816874,-73.49571809438817)
1 (45.30674199701271,-73.51219388601695)
1 (45.64560979363362,-73.55588788465577)
1 (45.70718217886568,-73.732728432903)
1 (45.47816900649402,-73.44380406282937)
1 (45.295260637422274,-73.72986440715053)
1 (45.30770074687721,-73.46490801848194)
1 (45.29537590993563,-73.55094399344978)
1 (45.28032047537385,-73.36374534529416)
1 (45.41738921922062,-73.66991447485297)
1 (45.259745538040676,-73.36352454199312)
1 (45.526614373190405,-73.62033902917993)
1 (45.44713161948696,-73.45818899735501)
1 (45.36557367245393,-73.67223421590589)
1 (45.70307343371968,-73.43696765799773)
1 (45.72023515180545,-73.46604874976528)
1 (45.5877759243725,-73.48416252730858)
1 (45.580184953935934,-73.30957904523065)
1 (45.67495350494048,-73.29409902083077)
1 (45.389551779533164,-73.62047218566838)
1 (45.37519012770002,-73.47270846108907)
1 (45.42348882531374,-73.25819751756869)
1 (45.32529412701054,-73.56312966459379)
1 (45.653631672838095,-73.73497368832142)
1 (45.361607408158584,-73.33300980301355)
1 (45.68518907556533,-73.5251181289235)
1 (45.697279302468715,-73.49585236186093)
1 (45.458186704845545,-73.4066417887397)
1 (45.666191357572686,-73.30780343694767)
1 (45.40587236522852,-73.46764199454019)
1 (45.27951986010308,-73.48468513240776)
1 (45.65440433483905,-73.59315231433685)
1 (45.36484894288135,-73.6218781157361)
1 (45.629682811918855,-73.41558810481824)
1 (45.72229768172455,-73.27182306669135)
1 (45.6095476931923,-73.36378260969259)
1 (45.53730052491817,-73.54045415426634)
1 (45.32255441620497,-73.58183824612064)
1 (45.7354810655437,-73.50479503835177)
1 (45.64815239018451,-73.60962379456795)
1 (45.55148507729861,-73.42924153734045)
1 (45.317329495827764,-73.32172825434743)
1 (45.31068934431141,-73.66772242203481)
1 (45.74764858642066,-73.71103781923692)
1 (45.29037877293532,-73.28297337518383)
1 (45.27209123105711,-73.6768326994128)
1 (45.53528492295004,-73.29257655099367)
1 (45.537236059777946,-73.53540635846291)
1 (45.651304980904875,-73.56421159285462)
1 (45.253038440743794,-73.51368962751545)
1 (45.39077082775864,-73.72973177372427)
1 (45.273840683665306,-73.51321827066137)
1 (45.27281387471431,-73.56922166344796)
1 (45.67823071048684,-73.44301246306667)
1 (45.553171853687964,-73.63211119054391)
1 (45.5939802787601,-73.41554257789547)
1 (45.56920972076784,-73.41271338684273)
1 (45.48353201855081,-73.5799357977488)
1 (45.33797755450567,-73.6822216052678)
1 (45.465368025766004,-73.33093379382859)
1 (45.27780403690638,-73.59824442330229)
1 (45.4970809474258,-73.58084199347986)
1 (45.557225069215036,-73.46637491817937)
1 (45.38708157644494,-73.71481653665448)
1 (45.34897263394084,-73.51608361720446)
1 (45.6336157048957,-73.26731548694426)
1 (45.681299981119,-73.27539256622947)
1 (45.512125867927864,-73.2593962429529)
1 (45.634094838085126,-73.58533086119029)
1 (45.64498192702351,-73.52277166658632)
1 (45.32303332582739,-73.48609003922003)
1 (45.49121802715157,-73.70714287851311)
1 (45.45145280662724,-73.63209047267686)
1 (45.28815145339158,-73.52230710914365)
1 (45.68667286636804,-73.55283830514982)
1 (45.46162215808499,-73.60589451050217)
1 (45.73516929807405,-73.47049485910128)
1 (45.39708034875421,-73.73131823660658)
1 (45.74930677032603,-73.5134989983895)
1 (45.729862409767854,-73.37862768544902)
1 (45.59726174577838,-73.52837543266438)
1 (45.469733992636634,-73.48343508754895)
1 (45.56731774384193,-73.28903025229219)
1 (45.32214227801264,-73.45594134703614)
1 (45.25789106706453,-73.73437764407414)
1 (45.50660764142299,-73.32331715568266)
1 (45.725445895229,-73.43106007833549)
1 (45.701298386056,-73.59430130895024)
1 (45.42388307548707,-73.2583168837158)
1 (45.462070407401924,-73.67485817957107)
1 (45.57103833461138,-73.34672418457718)
1 (45.57411678269206,-73.37809210246554)
1 (45.32060074570013,-73.57157238424381)
1 (45.29486094382841,-73.27034674322181)
1 (45.501063629606435,-73.40506496043186)
1 (45.33783990259098,-73.27852301657076)
1 (45.70724544816631,-73.66931564578036)
1 (45.72906273949229,-73.65112956031767)
1 (45.694469320893546,-73.70428876269455)
1 (45.339692365170976,-73.51743534030294)
1 (45.33066528769836,-73.6713706555513)
1 (45.4618873826325,-73.42532429808124)
1 (45.30746057671441,-73.65417811433458)
1 (45.74825365614435,-73.35905751706599)
1 (45.39774855502947,-73.3935023970669)
1 (45.679593775918704,-73.34312884705945)
1 (45.274278074663165,-73.4029558727548)
1 (45.460505886732065,-73.3277552764766)
1 (45.27148061539512,-73.35593080519446)
1 (45.367871405294245,-73.62527397850523)
1 (45.48105334999875,-73.51289814667709)
1 (45.59338470819518,-73.72482339018497)
1 (45.72074220234403,-73.57086691182471)
1 (45.52801594615066,-73.35516600134484)
1 (45.705319568452786,-73.66399286561283)
1 (45.73366154314999,-73.69236616564218)
1 (45.6789272656726,-73.3258680739833)
1 (45.53522517179185,-73.62026669195852)
1 (45.338756033545884,-73.53994093381594)
1 (45.74498522994159,-73.44731336523996)
1 (45.59145861364659,-73.5548092116286)
1 (45.50034332472366,-73.46325703053215)
1 (45.53574440501203,-73.4257966901379)
1 (45.555911193114056,-73.68361851205728)
1 (45.55727924135929,-73.26326679425003)
1 (45.6213821802225,-73.5785317601626)
1 (45.55531480050835,-73.42154473606755)
1 (45.47774635173585,-73.51568648943191)
1 (45.594397782830434,-73.35011262644313)
1 (45.63614676527848,-73.56457167872867)
1 (45.68905997700187,-73.55090986455104)
1 (45.726037733332404,-73.71107716834905)
1 (45.48456590046397,-73.54211424235564)
1 (45.61229398099308,-73.41774046736853)
1 (45.292595596372664,-73.41969706619304)
1 (45.44453313556957,-73.33553215240364)
1 (45.27716597868841,-73.53333865743252)
1 (45.43615218465897,-73.32805290969677)
1 (45.56314477535024,-73.45295837151131)
1 (45.65544168795594,-73.30837130354845)
1 (45.65738707323359,-73.29615656675107)
1 (45.486629953525174,-73.71246152539355)
1 (45.3308250323559,-73.61528353937402)
1 (45.684822726488264,-73.74130603780179)
1 (45.508767367383655,-73.40564373464842)
1 (45.60554196354053,-73.29620828230942)
1 (45.256215753136914,-73.39351136146696)
1 (45.73693085958494,-73.30871628136913)
1 (45.62518120959456,-73.59417643023966)
1 (45.60068033546375,-73.42778840699306)
1 (45.451784298941156,-73.69615849978838)
1 (45.41634554509956,-73.27243786401151)
1 (45.652348778925045,-73.62801790312315)
1 (45.642959422611256,-73.68807319992904)
1 (45.66974888284319,-73.69886277975547)
1 (45.62171314244125,-73.65910735559876)
1 (45.46394670226379,-73.47269263838716)
1 (45.54396221754251,-73.7291385140402)
1 (45.32395631934409,-73.5401376435781)
1 (45.359929673911985,-73.46311107425144)
1 (45.302397546867006,-73.58894533678583)
1 (45.52521649724022,-73.65334607468753)
1 (45.73835281383425,-73.6467348988262)
1 (45.6545924194751,-73.62318529063643)
1 (45.639416366903106,-73.57608156408946)
1 (45.71552882075536,-73.61822424384295)
1 (45.63962590821714,-73.34291238116408)
1 (45.347548336921484,-73.39571436054497)
1 (45.33639255906929,-73.25448672117919)
1 (45.7377045100501,-73.72769530608498)
1 (45.5365956561512,-73.27290361774959)
1 (45.717367643989064,-73.62277381404353)
1 (45.30968492658004,-73.65412050613378)
1 (45.37098176898681,-73.64519597222515)
1 (45.25393317773536,-73.54088618105195)
1 (45.46357049107209,-73.26796509979883)
1 (45.53090833697758,-73.25078351615326)
1 (45.40050803766882,-73.73923817448957)
1 (45.51278484963458,-73.34774576370653)
1 (45.73043499029551,-73.46808900914174)
1 (45.31728977993183,-73.6669529109728)
1 (45.390186606695586,-73.4469568378877)
1 (45.57587995637065,-73.27893274239189)
1 (45.46921460037127,-73.72370460885693)
1 (45.49217231851357,-73.42898413206335)
1 (45.74022192008907,-73.41619160111016)
1 (45.59970027111625,-73.27270816821485)
1 (45.5625931441878,-73.72662049492122)
1 (45.62074474383347,-73.74747540183233)
1 (45.515691297155975,-73.36164943608296)
1 (45.461289417794525,-73.67307602236941)
1 (45.26020544737366,-73.69736534146384)
1 (45.65107522163983,-73.66259195614249)
1 (45.657471468514935,-73.44569477071619)
1 (45.45228031518403,-73.64669866337961)
1 (45.59905175930247,-73.48068454599581)
1 (45.415527057417265,-73.27114682004377)
1 (45.311847995554835,-73.36931440297629)
1 (45.3577187671729,-73.61809221901018)
1 (45.60763416457242,-73.52210988930217)
1 (45.57263455938015,-73.62723519552077)
1 (45.64013563700246,-73.73380363573114)
1 (45.562261242817115,-73.25239897954052)
1 (45.71764297133874,-73.72364906692366)
1 (45.69451738294816,-73.28321899175342)
1 (45.59463784734969,-73.60872086461747)
1 (45.451325137589386,-73.39003351195814)
1 (45.43202132551061,-73.55164194729154)
1 (45.32991122061352,-73.31285872688112)
1 (45.2722734745437,-73.6166572979747)
1 (45.49976951104474,-73.71249944373358)
1 (45.423236093070216,-73.64483046187132)
1 (45.49789306805059,-73.53338945470257)
1 (45.582198927372055,-73.72036873934607)
1 (45.56568449170646,-73.29367378101941)
1 (45.36058316639328,-73.54568903080731)
1 (45.692379284279895,-73.51833768080574)
1 (45.58875365270347,-73.27281629413018)
1 (45.53186739282737,-73.56585561680296)
1 (45.390355374664495,-73.55306231393999)
1 (45.602474382439325,-73.36787608174805)
1 (45.51605738300589,-73.2656629346093)
1 (45.5625637931599,-73.60487615718544)
1 (45.31770097172777,-73.56915721676549)
1 (45.378748847205635,-73.5785129955061)
1 (45.52558704273153,-73.58677268435473)
1 (45.368051577961204,-73.51356681328353)
1 (45.66400098949842,-73.68893604179138)
1 (45.40052399365014,-73.72891347818879)
1 (45.503061546747766,-73.472259427016)
1 (45.49464616083924,-73.55788243221251)
1 (45.39859353085992,-73.65495762172634)
1 (45.62424204808775,-73.57364880210095)
1 (45.715962547041435,-73.71363209676898)
1 (45.28270494499583,-73.58497638111947)
1 (45.26867303312722,-73.67571332868287)
1 (45.71799955138487,-73.51167135778923)
1 (45.32801934224926,-73.55558320700075)
1 (45.260209225846374,-73.62752439008744)
1 (45.27619278834097,-73.48050483680895)
1 (45.312322201955375,-73.27131171222287)
1 (45.38198596526363,-73.59496757508944)
1 (45.36450152279152,-73.47359405786884)
1 (45.47559871049634,-73.35891049900017)
1 (45.32225932459184,-73.52859477456525)
1 (45.48703868954336,-73.36651808437254)
1 (45.50975665015407,-73.35635694489568)
1 (45.391222550289164,-73.30788723373477)
1 (45.42087600413026,-73.55067194462337)
1 (45.572121995455916,-73.67584537468979)
1 (45.64276448152863,-73.29293998988662)
1 (45.478162625714155,-73.28455474170478)
1 (45.36922106636997,-73.3311661246507)
1 (45.69157112924719,-73.61526838082509)
1 (45.554602661678075,-73.47671324527904)
1 (45.67548031752673,-73.43770906376959)
1 (45.53284897877481,-73.55922636900762)
1 (45.494339418899855,-73.57302253945305)
1 (45.34077729845541,-73.50231076838898)
1 (45.72554023026506,-73.5661121844216)
1 (45.5399739092564,-73.63908919764135)
1 (45.59315846830063,-73.42139253548592)
1 (45.527409803203255,-73.57768156294411)
1 (45.55832236097622,-73.42660460660821)
1 (45.66133390753228,-73.35194337396655)
1 (45.69495930084513,-73.44431647920688)
1 (45.5060480350444,-73.25246732221125)
1 (45.66453432907995,-73.39008791129886)
1 (45.61684346598623,-73.62689496821737)
1 (45.47888265958235,-73.44000848566844)
1 (45.54467977967968,-73.56700411050724)
1 (45.50635173011703,-73.31842397804718)
1 (45.639112502754514,-73.26282968939167)
1 (45.33320646424691,-73.30914629814735)
1 (45.26752677398607,-73.40124457412723)
1 (45.639614804651686,-73.41029780170581)
1 (45.748909982987364,-73.31796929568208)
1 (45.68751874031461,-73.31417106497071)
1 (45.62119740016349,-73.67789773279743)
1 (45.34630954840479,-73.63909094289689)
1 (45.32265014277811,-73.25891896593184)
1 (45.301463934747645,-73.57024604934)
1 (45.46977610053573,-73.4490831550281)
1 (45.70116136175514,-73.28081221584523)
1 (45.65697968444637,-73.33600252769186)
1 (45.496390900037426,-73.70342111697268)
1 (45.58642770008401,-73.2707964380887)
1 (45.62116935350967,-73.40513264745174)
1 (45.36054375493072,-73.5266823685374)
1 (45.4412306064978,-73.48654991902335)
1 (45.434094795851806,-73.64448281460719)
1 (45.57190949021212,-73.5775716427648)
1 (45.528009184010656,-73.26386095974856)
1 (45.72893169677839,-73.63850663373078)
1 (45.25286618050748,-73.68001582514196)
1 (45.729434605308214,-73.39588105172612)
1 (45.276422797838634,-73.5408609046947)
1 (45.6047820431338,-73.34724917307696)
1 (45.59659463429205,-73.50937784520092)
1 (45.521599507865574,-73.35867416548076)
1 (45.348983087061555,-73.35988017653119)
1 (45.33294438789073,-73.45227565457435)
1 (45.58634208616603,-73.35533943213305)
1 (45.5976392535953,-73.43934643026002)
1 (45.61630340636563,-73.36571975184667)
1 (45.31253429842927,-73.59702107799538)
1 (45.273230243689525,-73.53443429899343)
1 (45.3998286949388,-73.61333479164313)
1 (45.43024463082147,-73.38158022663822)
1 (45.67956837183415,-73.53674108539126)
1 (45.62827492714293,-73.5485268472796)
1 (45.636051503351936,-73.4617625950421)
1 (45.41039563585312,-73.43872440146018)
1 (45.25611100621386,-73.66242963618069)
1 (45.30178215899337,-73.29426909171711)
1 (45.57710665761555,-73.34951671307178)
1 (45.36827952248253,-73.26680276112576)
1 (45.33294777442617,-73.67631744957878)
1 (45.41988408402684,-73.29474381585993)
1 (45.72758069188724,-73.55080411249668)
1 (45.69936383918927,-73.58663863091611)
1 (45.397113475064245,-73.72949823613631)
1 (45.31079299849409,-73.73259100402514)
1 (45.54411368614759,-73.57023437122939)
1 (45.69795288222445,-73.4222699458517)
1 (45.54060314603628,-73.70722938066983)
1 (45.67835147045767,-73.43891414618369)
1 (45.4998872219752,-73.28247530219278)
1 (45.37504018043228,-73.52404445595909)
1 (45.41159397775699,-73.72245413933119)
1 (45.365456729105524,-73.36726357681059)
1 (45.41916234218311,-73.38852843666432)
1 (45.4841993022976,-73.36956532271437)
1 (45.694506325602376,-73.25309211367951)
1 (45.474937443054195,-73.45699351509697)
1 (45.630695726074975,-73.56167118491368)
1 (45.58559121420743,-73.58428386626626)
1 (45.73023210509807,-73.73364488196522)
1 (45.740461046780645,-73.66528980733978)
1 (45.613862122579064,-73.5311127061487)
1 (45.603166040797554,-73.49853651175255)
1 (45.51285834108413,-73.28666378518226)
1 (45.665049709128716,-73.32216515439553)
1 (45.43631126419418,-73.72641022734958)
1 (45.45513771341704,-73.43282251922412)
1 (45.42421435921781,-73.65462652085554)
1 (45.56978297264399,-73.337718798937)
1 (45.40698725557675,-73.48069275732465)
1 (45.462809309153116,-73.67811979508478)
1 (45.69257052144212,-73.26776965015303)
1 (45.320265466882276,-73.66595739951971)
1 (45.49333870813219,-73.66573903615082)
1 (45.367827458415924,-73.51303519447261)
1 (45.68681670693444,-73.25842375697133)
1 (45.62343745249921,-73.30447421148355)
1 (45.676547610714216,-73.50695660300183)
1 (45.412943731558734,-73.47458658641348)
1 (45.28244868230691,-73.60739812989077)
1 (45.412306625343305,-73.48428311170667)
1 (45.54360520407006,-73.70130888585719)
1 (45.56636131175285,-73.47441325881131)
1 (45.66069040238527,-73.48296194779283)
1 (45.461179164602605,-73.57910468036901)
1 (45.54006277835484,-73.336237140216)
1 (45.59474493537328,-73.72721174511537)
1 (45.52708048592086,-73.70796875435413)
1 (45.49896812267637,-73.63840097732557)
1 (45.43228580663914,-73.48262414403354)
1 (45.31497231398203,-73.33319387697183)
1 (45.36085086658407,-73.66567102712122)
1 (45.713157412768254,-73.32345602135591)
1 (45.65303921079866,-73.70984652443346)
1 (45.47970516445161,-73.73136382060022)
1 (45.4314258673194,-73.32977199518417)
1 (45.66199939128958,-73.40079872537373)
1 (45.32923219878694,-73.64596255263343)
1 (45.37685790857841,-73.61541122530151)
1 (45.44336969468505,-73.4792611870529)
1 (45.737524190486184,-73.32226535919322)
1 (45.41565053300992,-73.5810823608678)
1 (45.3480421873553,-73.27901710400322)
1 (45.29611061988377,-73.53358095588644)
1 (45.44693899581792,-73.29599814019905)
1 (45.48350456077002,-73.48696737676673)
1 (45.55606537418756,-73.7323694662147)
1 (45.56976980958,-73.31867057171266)
1 (45.40499529311921,-73.62767711664877)
1 (45.33762096708132,-73.70090585074502)
1 (45.45656115399031,-73.30668558034303)
1 (45.47342310673796,-73.44943494524935)
1 (45.55490231359713,-73.48628199238355)
1 (45.261106539845194,-73.3969114543985)
1 (45.55383027422061,-73.33853763614827)
1 (45.61712371339972,-73.38918476295372)
1 (45.26036464581633,-73.62368087513661)
1 (45.311311889061685,-73.34229169507647)
1 (45.64596970242033,-73.40077881467349)
1 (45.594014064461916,-73.62159491537257)
1 (45.53632238801339,-73.45234286171085)
1 (45.71592339143953,-73.31263310600154)
1 (45.38936812123443,-73.42186648799984)
1 (45.48385488534859,-73.74572815115658)
1 (45.31097166460361,-73.26047114791736)
1 (45.543011469718,-73.41325003533638)
1 (45.6376461333164,-73.41037961204115)
1 (45.51429961460517,-73.67967076803062)
1 (45.73664390630008,-73.7188538037887)
1 (45.443863176315205,-73.43014394514014)
1 (45.63511908100852,-73.37652704590451)
1 (45.74124231469636,-73.53332721720423)
1 (45.6921218257411,-73.7087289205853)
1 (45.39242750726545,-73.70852012184487)
1 (45.26986073772463,-73.41744364123872)
1 (45.73456726320877,-73.58592057780045)
1 (45.743970298056276,-73.37496092365679)
1 (45.470201159015474,-73.43190851175447)
1 (45.716445921209505,-73.30807119645074)
1 (45.38062813539956,-73.67874563995147)
1 (45.45946029805943,-73.6838252307884)
1 (45.3703833365813,-73.5499358998463)
1 (45.4234502222725,-73.31442086216671)
1 (45.5377851826334,-73.7087216313702)
1 (45.58866392840988,-73.63969776324724)
1 (45.42012726230547,-73.47779582127748)
1 (45.52578492524655,-73.32101406674057)
1 (45.406328343726116,-73.28329132232108)
1 (45.25829876121084,-73.68994648543271)
1 (45.544716878232684,-73.56546355426121)
1 (45.38694526534155,-73.73929884993571)
1 (45.59911448139576,-73.47221342086476)
1 (45.44489948640837,-73.72232164798446)
1 (45.722496670740064,-73.70970276625465)
1 (45.60125010286841,-73.5388382749761)
1 (45.52424679632346,-73.46679525034475)
1 (45.619895242196364,-73.43414171281154)
1 (45.60438280124119,-73.35691079331953)
1 (45.41115123028331,-73.61806807158852)
1 (45.31612468925592,-73.33211238629747)
1 (45.58417040844958,-73.72757182488591)
1 (45.59678362433699,-73.51984943379638)
1 (45.61969036595143,-73.60642011690202)
1 (45.676192090124225,-73.41276227828149)
1 (45.63468724956607,-73.66029167142835)
1 (45.33175783311187,-73.30630809086729)
1 (45.70318194999689,-73.56460889565022)
1 (45.60971233462111,-73.32769867909373)
1 (45.33074849694002,-73.35584957470337)
1 (45.57323821236549,-73.33274623082957)
1 (45.45419994887506,-73.42487755026855)
1 (45.66989784935525,-73.36469373923018)
1 (45.25247782903804,-73.652999849041)
1 (45.73314919850024,-73.2709618314677)
1 (45.60994669090164,-73.38800060645194)
1 (45.44572264034289,-73.459974704543)
1 (45.26909664104848,-73.6483200783123)
1 (45.296246394493025,-73.6508329698855)
1 (45.54608192819886,-73.36884012260111)
1 (45.65474585713134,-73.32358196691828)
1 (45.45957491679034,-73.66140534075122)
1 (45.57750610828613,-73.41717920555918)
1 (45.7410902106232,-73.4572522034368)
1 (45.32727434908365,-73.6459955437618)
1 (45.453234658181394,-73.52693624224041)
1 (45.3608930891028,-73.61378972543395)
1 (45.34126477086016,-73.736140719342)
1 (45.69319254944879,-73.69657665043557)
1 (45.58288370357862,-73.49291756516166)
1 (45.59333450394544,-73.4426651266171)
1 (45.28138592801937,-73.67345511583258)
1 (45.5077876894283,-73.49937134084962)
1 (45.36805827480634,-73.37938441255498)
1 (45.43272844426587,-73.32151966565462)
1 (45.541172182838736,-73.6799292254965)
1 (45.677898480423515,-73.64682313739677)
1 (45.47095220711991,-73.52687287447921)
1 (45.573814829976996,-73.43759093562552)
1 (45.742582246523966,-73.29935782151581)
1 (45.674715441762864,-73.68694140564294)
1 (45.39261117584329,-73.43895186162466)
1 (45.40073715353225,-73.6708037069091)
1 (45.418045889484866,-73.373208044904)
1 (45.344560963664534,-73.39447250299388)
1 (45.30196987765367,-73.39811310699385)
1 (45.64012292006622,-73.63433499344198)
1 (45.40470200473179,-73.3963622620333)
1 (45.3539771672501,-73.61162036361867)
1 (45.51531030516269,-73.70931627499876)
1 (45.3135109916296,-73.45562702444072)
1 (45.444721731215346,-73.65578950321115)
1 (45.63044985625531,-73.7188636345328)
1 (45.26871943412076,-73.60048586214074)
1 (45.41295408266732,-73.29589516478057)
1 (45.69679504304856,-73.61894220651853)
1 (45.2850964993191,-73.67141605119794)
1 (45.551124122892524,-73.68425701861176)
1 (45.34862435027739,-73.4811775049842)
1 (45.48885870577407,-73.41367512337122)
1 (45.62864645926585,-73.41187702970554)
1 (45.390481718618595,-73.26026683714693)
1 (45.34225029287171,-73.49297316028573)
1 (45.2671438603291,-73.61648344156792)
1 (45.51704163550476,-73.34461933899003)
1 (45.61070413618405,-73.61228836140175)
1 (45.56521307586502,-73.44151600344922)
1 (45.321621273706654,-73.44085673269136)
1 (45.38798550126799,-73.43246063269842)
1 (45.7018937963753,-73.32950385645894)
1 (45.44513042723271,-73.51973078512536)
1 (45.49292245363572,-73.29254588020952)
1 (45.474768884350716,-73.35116586434954)
1 (45.571469453841644,-73.55621446335277)
1 (45.689756217838436,-73.3109185266126)
1 (45.690814699806424,-73.5335395616154)
1 (45.30870030543668,-73.51232739148655)
1 (45.5687600367472,-73.44928291805165)
1 (45.702023753888135,-73.69821801587244)
1 (45.67930825543543,-73.67154749683166)
1 (45.7464693828598,-73.64016956521363)
1 (45.300644554806766,-73.49760636365475)
1 (45.685061116203656,-73.49889027303836)
1 (45.70847359816988,-73.56678705484532)
1 (45.38377103965445,-73.4628248380629)
1 (45.38081643973524,-73.73291603682611)
1 (45.36100644328738,-73.32147296900486)
1 (45.69804718686211,-73.62287019610517)
1 (45.34151895841493,-73.45362812325261)
1 (45.380250087956554,-73.73620075663915)
1 (45.35245144444223,-73.51885151059957)
1 (45.30290350577293,-73.30358771145113)
1 (45.53597614275133,-73.4329763973045)
1 (45.371448047832985,-73.71905100803103)
1 (45.40034122245773,-73.48529378710053)
1 (45.315471845670416,-73.69238746316199)
1 (45.66913100478534,-73.71630030515824)
1 (45.58404684105303,-73.33422065607317)
1 (45.71715846488378,-73.42049540708561)
1 (45.4851756671072,-73.68634369692397)
1 (45.3006467890444,-73.3686947187731)
1 (45.314359469283005,-73.744702990125)
1 (45.39922022123853,-73.55868232724393)
1 (45.45997284750758,-73.29141403717442)
1 (45.48771264416427,-73.50175513128879)
1 (45.356432890018645,-73.35561801859338)
1 (45.446915388502035,-73.73581769096047)
1 (45.680074899491146,-73.36078137245896)
1 (45.60412455136457,-73.4231667222518)
1 (45.34719849411539,-73.48820802256368)
1 (45.566710887548666,-73.54295979693013)
1 (45.678923219920485,-73.49307725443202)
1 (45.574923880940226,-73.32459297225424)
1 (45.54329373854841,-73.65023806178264)
1 (45.553754880112734,-73.68881813854684)
1 (45.37150059493543,-73.68228370794009)
1 (45.38792219924057,-73.56841070346914)
1 (45.672132963155825,-73.43209838537922)
1 (45.678904967962154,-73.56955419218033)
1 (45.53505599438424,-73.68611051167667)
1 (45.36843995209277,-73.50883848030892)
1 (45.624805734905955,-73.43290566059571)
1 (45.62900961584104,-73.41887405527378)
1 (45.31232084738667,-73.45464455255014)
1 (45.32858756145964,-73.65800512375654)
1 (45.3833805957052,-73.49589982662948)
1 (45.674270788285035,-73.28645967570431)
1 (45.69229488831876,-73.3360683840342)
1 (45.327416758728845,-73.38250538162886)
1 (45.70019250885849,-73.40743349803289)
1 (45.361516090298835,-73.46778552374569)
1 (45.54867970907474,-73.65124472202729)
1 (45.40327050888437,-73.6909894300913)
1 (45.671692055287686,-73.58885072104673)
1 (45.65720845042866,-73.38336777962594)
1 (45.441038125522375,-73.60396373654419)
1 (45.26465946444129,-73.54833324495773)
1 (45.47443454423466,-73.68555208554596)
1 (45.58902142387749,-73.28049257881966)
1 (45.50875754988676,-73.36865012236089)
1 (45.55099318791067,-73.5269366559303)
1 (45.65578710818082,-73.33254297734645)
1 (45.55980833673498,-73.50547054080533)
1 (45.41289536149452,-73.57232669890264)
1 (45.39949421951137,-73.48069596212592)
1 (45.496931950435226,-73.2507617612098)
1 (45.63279336014594,-73.46946421655916)
1 (45.405984568196466,-73.262631563474)
1 (45.67962318046682,-73.30219793321982)
1 (45.59074389335409,-73.70348501084626)
1 (45.71181260510396,-73.30593543837212)
1 (45.7348777471754,-73.3286854847913)
1 (45.38134292527364,-73.6986822347404)
1 (45.40212026525855,-73.717106416065)
1 (45.665433390024035,-73.59275937489974)
1 (45.70670743452245,-73.71660659444379)
1 (45.268549981708915,-73.29731889695495)
1 (45.70334135224484,-73.34558639768987)
1 (45.56877985001196,-73.38705227130592)
1 (45.37304114227838,-73.65646910422204)
1 (45.534001280787045,-73.26534792921004)
1 (45.40203945667885,-73.6328692280286)
1 (45.36189295430251,-73.69575965133349)
1 (45.4123090195866,-73.49250308086293)
1 (45.31706446386196,-73.50562789660702)
1 (45.404354740140384,-73.30256454222672)
1 (45.348452985300334,-73.38005186803036)
1 (45.41558239253337,-73.5833319428197)
1 (45.57061975045899,-73.36314020697364)
1 (45.280855970840456,-73.57919018358058)
1 (45.5836928623452,-73.36657399230555)
1 (45.40578125520148,-73.61404480373885)
1 (45.38844153854816,-73.65299617460639)
1 (45.62780427504558,-73.42027314520631)
1 (45.32533006933749,-73.41359669880133)
1 (45.54538880122652,-73.53690025647177)
1 (45.52938787358032,-73.69549361247039)
1 (45.641338008807175,-73.31360553996308)
1 (45.346345707181484,-73.55511526119031)
1 (45.612751183865974,-73.7324587930833)
1 (45.49972592447004,-73.4187698293413)
1 (45.54715695756361,-73.66895256591873)
1 (45.533438404105205,-73.7209433424606)
1 (45.45204064974973,-73.3579404435094)
1 (45.679921532066246,-73.46459803317062)
1 (45.653283834626436,-73.70850909750713)
1 (45.319981534033865,-73.40584859171524)
1 (45.726960044332294,-73.72460465323744)
1 (45.60722103162448,-73.60787376756419)
1 (45.418481431404814,-73.63540209690856)
1 (45.627311688417194,-73.63577682618121)
1 (45.433266949699366,-73.42094930676132)
1 (45.65035341854706,-73.67533853539257)
1 (45.55390325254397,-73.73453539012048)
1 (45.613176542488695,-73.3542117242725)
1 (45.25019553098016,-73.27352566014031)
1 (45.437680995575036,-73.52408734445629)
1 (45.300556059612056,-73.43507402832707)
1 (45.65117034075379,-73.72671688663361)
1 (45.435854191830714,-73.61216612294115)
1 (45.52512661912701,-73.51540699022311)
1 (45.65015220494017,-73.7388647380569)
1 (45.589984975046846,-73.73670715748048)
1 (45.59667718601988,-73.68142181307977)
1 (45.41520576865044,-73.29449211975958)
1 (45.401930048864706,-73.2940896844621)
1 (45.46630489858056,-73.3204960370882)
1 (45.28600833401225,-73.41500660505021)
1 (45.663491314536564,-73.56158573913713)
1 (45.57302048726299,-73.26845017414313)
1 (45.47017403931744,-73.66466615597332)
1 (45.51189488354617,-73.66504474034326)
1 (45.43383945060848,-73.39509129411655)
1 (45.30493774479583,-73.55117727225819)
1 (45.58666257983253,-73.66380955593874)
1 (45.35916981583797,-73.35291871681726)
1 (45.48870461085408,-73.56220293796233)
1 (45.53377259858361,-73.68816624718849)
1 (45.46266211344915,-73.41168472990248)
1 (45.55590046877263,-73.38351444759233)
1 (45.72587166132487,-73.62760109756437)
1 (45.31666604989368,-73.32953162005809)
1 (45.67263693578342,-73.47383734076679)
1 (45.43928181223946,-73.53966041740644)
1 (45.49793349607135,-73.54575996289428)
1 (45.33214170914871,-73.34387973610502)
1 (45.682159895797554,-73.564731351457)
1 (45.40105247421584,-73.44855797229096)
1 (45.57584202628754,-73.29741406685329)
1 (45.69687492300946,-73.62859578793898)
1 (45.433060673531166,-73.6274376167716)
1 (45.517511476503245,-73.58699922836001)
1 (45.7428609038768,-73.50573054701111)
1 (45.366476763555475,-73.52044211455038)
1 (45.59901482292892,-73.68892665799704)
1 (45.69421405066475,-73.66716991066015)
1 (45.630247853127614,-73.34273417061131)
1 (45.51287107595515,-73.58576459062179)
1 (45.685401569868375,-73.73901256289545)
1 (45.28042443718896,-73.619833663754)
1 (45.530994947986166,-73.41153186707955)
1 (45.39584267112088,-73.44460409764467)
1 (45.272258521267005,-73.2559949741625)
1 (45.73340393039612,-73.26669483578503)
1 (45.552954861351196,-73.66488378608)
1 (45.37133473680653,-73.65800991001903)
1 (45.324161502615034,-73.37704577741299)
1 (45.537612299353974,-73.64873663905077)
1 (45.59768121153662,-73.29566750987236)
1 (45.304073684027806,-73.5828518274513)
1 (45.61585743766928,-73.58638773118781)
1 (45.70890056792247,-73.35233152119297)
1 (45.2763111403606,-73.40978262800488)
1 (45.27709953579044,-73.47342799486142)
1 (45.44747865529254,-73.66931160161141)
1 (45.338773422030584,-73.54992060905421)
1 (45.49881825173194,-73.66704225466671)
1 (45.61577986266535,-73.48416516288349)
1 (45.448166548349725,-73.5550787871483)
1 (45.25879937259065,-73.34705913754065)
1 (45.59796408617072,-73.4505984918441)
1 (45.3688855919876,-73.60270852016066)
1 (45.39193278710593,-73.54675639469355)
1 (45.530246640405004,-73.40262468456173)
1 (45.474276129748816,-73.50044877250659)
1 (45.5143066542403,-73.41769763817719)
1 (45.574586254181604,-73.31103151030236)
1 (45.58902310381178,-73.66398522496988)
1 (45.37338060366774,-73.32156984482334)
1 (45.28198562576221,-73.50052564865229)
1 (45.42555368371796,-73.37605159226574)
1 (45.50099825679839,-73.43392360477868)
1 (45.5320181260918,-73.5522262534052)
1 (45.61164760328619,-73.55537845128383)
1 (45.65342234689616,-73.2603378974755)
1 (45.407785373043,-73.36111565347345)
1 (45.55407033226638,-73.35300038777139)
1 (45.38790423475419,-73.36685081482163)
1 (45.34903265843026,-73.73081871604872)
1 (45.36806207320714,-73.32095853196753)
1 (45.50292560786935,-73.2520907565961)
1 (45.720310235048125,-73.44943624003868)
1 (45.59494910205673,-73.56302944063901)
1 (45.42450725624643,-73.52854632912732)
1 (45.32151207005429,-73.25742542754892)
1 (45.66095035206038,-73.67818752581113)
1 (45.25513728631049,-73.55152618207453)
1 (45.35143264049121,-73.60058979126642)
1 (45.31632592505627,-73.42113761538423)
1 (45.37713500371008,-73.55484478394101)
1 (45.74367556213809,-73.39355993912378)
1 (45.66318705035296,-73.65807691068485)
1 (45.56678326603852,-73.41695009359822)
1 (45.42178271151618,-73.63872795941647)
1 (45.696329136572324,-73.44405808245803)
1 (45.58841148206648,-73.43647146999527)
1 (45.74622353318304,-73.56601555014446)
1 (45.36906736879442,-73.54669054586391)
1 (45.59381484952353,-73.7149601419848)
1 (45.34022315510439,-73.74524624968541)
1 (45.465892673626215,-73.62175950664695)
1 (45.707908569671964,-73.30143145975484)
1 (45.510584760253266,-73.36695471350049)
1 (45.637406616201496,-73.49354783547146)
1 (45.378234189715116,-73.49927284337076)
1 (45.51088305561317,-73.68246205741951)
1 (45.28795668450851,-73.31666430619872)
1 (45.556690061647394,-73.37378987072731)
1 (45.400816124361356,-73.50980078408247)
1 (45.52113544232052,-73.60902488217613)
1 (45.55541969104655,-73.45732512952179)
1 (45.42118503791711,-73.66997170917067)
1 (45.54722225019915,-73.53587517071881)
1 (45.42486635448456,-73.45926131561723)
1 (45.648942948123064,-73.36600859246268)
1 (45.5550674888577,-73.53251919015652)
1 (45.476235395840625,-73.45763689317194)
1 (45.70197603811463,-73.60492485819782)
1 (45.60011564927667,-73.74543144302474)
1 (45.35957849949054,-73.43644463704538)
1 (45.49564117220964,-73.51589547919782)
1 (45.572441633803635,-73.31593689651741)
1 (45.49494650956544,-73.72340136937535)
1 (45.2904226413172,-73.41462267806195)
1 (45.38198023713816,-73.67247247506342)
1 (45.6810062588897,-73.56408191713354)
1 (45.62615079628191,-73.50794505373041)
1 (45.44164225056224,-73.53297901618878)
1 (45.50257705945791,-73.40337571507116)
1 (45.28775789932875,-73.63013900567252)
1 (45.487752979245336,-73.27116537012078)
1 (45.566045562867174,-73.44938887044526)
1 (45.351173548014074,-73.73535136017077)
1 (45.357176397076586,-73.2937464457889)
1 (45.28583320684177,-73.50987478040777)
1 (45.487267009792035,-73.27308203255723)
1 (45.73349539880035,-73.71136030833352)
1 (45.56322653006919,-73.26029642437729)
1 (45.26424574133935,-73.50605170538013)
1 (45.483537649067465,-73.31635131724674)
1 (45.464079566620306,-73.34552621080142)
1 (45.353075399819396,-73.35415657935677)
1 (45.26913739201131,-73.38516678746402)
1 (45.34824400042621,-73.70536149543368)
1 (45.56069081505721,-73.5031016782601)
1 (45.33701213489445,-73.38251534055253)
1 (45.60109411312181,-73.64542584050496)
1 (45.45735327758338,-73.69185528368807)
1 (45.54765536000175,-73.51599978811298)
1 (45.397148263128344,-73.44914793783045)
1 (45.328743980395714,-73.40597649628538)
1 (45.29878320251262,-73.38255355000484)
1 (45.60444012303875,-73.71943753278534)
1 (45.53247650378839,-73.37239995622875)
1 (45.362644493235166,-73.4971253097092)
1 (45.54379456767628,-73.47804642472414)
1 (45.420805256039564,-73.47023830160906)
1 (45.58286658214451,-73.73668524891275)
1 (45.713282501985915,-73.39061223918475)
1 (45.36548458707041,-73.48797227177799)
1 (45.74485836757973,-73.58234007719493)
1 (45.599575694726035,-73.48179513612527)
1 (45.482014755945,-73.34298940942382)
1 (45.334459227819586,-73.26428134692212)
1 (45.73533851113455,-73.49005645001925)
1 (45.25485220163731,-73.30931581644298)
1 (45.25877731553327,-73.50015093535256)
1 (45.3467626041607,-73.5693811018589)
1 (45.35445797451669,-73.32463706135091)
1 (45.30821028970116,-73.56045074342248)
1 (45.72539177589571,-73.5860607776817)
1 (45.664141577121924,-73.27095992738279)
1 (45.662630098146586,-73.46467452236662)
1 (45.271954000262156,-73.59454492002341)
1 (45.38829668318871,-73.67372550196401)
1 (45.271723712516476,-73.63028621622317)
1 (45.50141117279556,-73.49590472132877)
1 (45.543528682068406,-73.57260799427777)
1 (45.4895319827839,-73.41145873659838)
1 (45.383186669776876,-73.52577966910079)
1 (45.67598458851311,-73.39094719786979)
1 (45.397277804853125,-73.42513301546008)
1 (45.26980489927405,-73.45248425748711)
1 (45.54849713327112,-73.32865169859603)
1 (45.37351537105995,-73.59453264154408)
1 (45.353183614992474,-73.65850764109561)
1 (45.38246512103829,-73.71092461774072)
1 (45.444297548616355,-73.52241179101524)
1 (45.6787031546237,-73.57476435387859)
1 (45.56516940122296,-73.52931488875474)
1 (45.38221761847177,-73.44222208249886)
1 (45.55201857819095,-73.53303667712777)
1 (45.67286179046864,-73.27596041443367)
1 (45.49654172886022,-73.49082000317797)
1 (45.33740110647254,-73.52103891019594)
1 (45.55379560169062,-73.61159927254306)
1 (45.727853711077145,-73.28362366950182)
1 (45.27515068989922,-73.6909406258125)
1 (45.739660275399935,-73.66468361740583)
1 (45.40126723925929,-73.48615420507288)
1 (45.73120711904886,-73.38708618337328)
1 (45.745846285293936,-73.67599689318402)
1 (45.50984001343879,-73.72511033937445)
1 (45.63733410010596,-73.37467675201188)
1 (45.60374420599697,-73.60037516276273)
1 (45.36280902777468,-73.32953849099701)
1 (45.52392962164915,-73.54753811336455)
1 (45.67595584217151,-73.32585217977079)
1 (45.59604839992713,-73.57684716941438)
1 (45.68933304168861,-73.45054545057498)
1 (45.70788521110822,-73.26873673126028)
1 (45.370064771833796,-73.72951228271799)
1 (45.475098991624755,-73.72813754579842)
1 (45.39763955823176,-73.25029965120365)
1 (45.37515840635873,-73.30302640951346)
1 (45.322673849422884,-73.71351599817974)
1 (45.33740094109582,-73.73297189499289)
1 (45.28629917569047,-73.42222379636237)
1 (45.605759518493535,-73.6390378148459)
1 (45.521257608931506,-73.5188710099393)
1 (45.409938344971955,-73.49638648378463)
1 (45.457840771884655,-73.31398481623086)
1 (45.59068317425486,-73.44527956340451)
1 (45.500483727307454,-73.31989316875577)
1 (45.325279392002116,-73.4949044585123)
1 (45.424125412353625,-73.60615857994023)
1 (45.490524665060725,-73.3575598919709)
1 (45.36337369583353,-73.33120066832039)
1 (45.482161105002426,-73.31821473895958)
1 (45.53206318990592,-73.27675270231776)
1 (45.48211516997516,-73.6963095034383)
1 (45.61597044446603,-73.41833975674234)
1 (45.72788196833254,-73.59290053570108)
1 (45.72725126084256,-73.50588443662765)
1 (45.29200372537926,-73.73685237083929)
1 (45.395591256153025,-73.3038389778607)
1 (45.72383046732397,-73.34876418112042)
1 (45.29811110660748,-73.5499104268811)
1 (45.64061443436101,-73.53067148351046)
1 (45.29774398964179,-73.3354887112994)
1 (45.48047779891631,-73.26329537969038)
1 (45.36810327499882,-73.48930527024018)
1 (45.64590671034992,-73.6507161967431)
1 (45.63178472800436,-73.65864293478072)
1 (45.67316282090484,-73.59482962361403)
1 (45.52859752166122,-73.62958572641837)
1 (45.36036691762922,-73.6087984255511)
1 (45.5603950762815,-73.50934010799953)
1 (45.47499733141748,-73.48994361492113)
1 (45.62997664697106,-73.70957743892092)
1 (45.74015934108735,-73.56812410176103)
1 (45.702957057836194,-73.72003995628782)
1 (45.26821982425563,-73.72563465991084)
1 (45.37355215392583,-73.44632108325864)
1 (45.47026481431394,-73.34900717603419)
1 (45.407903963201846,-73.40477319865748)
1 (45.72032593465153,-73.32183091801299)
1 (45.471869705499834,-73.32091478835214)
1 (45.69443489742384,-73.60081279636677)
1 (45.524125060038294,-73.6655008904178)
1 (45.336303508734964,-73.33477923626612)
1 (45.26998263001199,-73.3845897052818)
1 (45.32378997469247,-73.38817659077543)
1 (45.626502395046195,-73.53648040632922)
1 (45.72330061929549,-73.51685763402345)
1 (45.34527165040828,-73.73931562547966)
1 (45.72288918946319,-73.31454700981489)
1 (45.27565789820136,-73.25843490957831)
1 (45.42905454681474,-73.40335917281018)
1 (45.728388732102125,-73.72223343683731)
1 (45.69710046347544,-73.6810974964471)
1 (45.51698864390532,-73.34932312019396)
1 (45.3404098434638,-73.26179416045963)
1 (45.512903437616764,-73.69821147256233)
1 (45.33009869316276,-73.55405539793051)
1 (45.449068743909315,-73.31350630642096)
1 (45.2532536741291,-73.71425753248474)
1 (45.74622980560738,-73.7398224183232)
1 (45.3453202098822,-73.48849454743656)
1 (45.31649570798146,-73.70610942070432)
1 (45.35019647393055,-73.71840830393322)
1 (45.61941174390112,-73.34903778408615)
1 (45.2902017568116,-73.5316383071271)
1 (45.70725953483288,-73.64437312871182)
1 (45.44732617217479,-73.46760792350703)
1 (45.59834533783769,-73.7499367887233)
1 (45.46703184223346,-73.50371996687251)
1 (45.55971264121862,-73.73279370147704)
1 (45.49636388437156,-73.64576447907366)
1 (45.264015992767945,-73.65672648125637)
1 (45.6592429864378,-73.42944746543274)
1 (45.30921878369571,-73.74384768672822)
1 (45.45354951969638,-73.34742956772371)
1 (45.25432855494827,-73.29637010700243)
1 (45.3269725543243,-73.3681191457418)
1 (45.629558972920975,-73.27109806498976)
1 (45.25158510494474,-73.3486947534249)
1 (45.325108653788554,-73.34012038974957)
1 (45.57072070956265,-73.26543753719504)
1 (45.34917266535578,-73.4464789816104)
1 (45.73596417922874,-73.28943436954782)
1 (45.67285324205316,-73.27325477920682)
1 (45.28693321591929,-73.32506808892117)
1 (45.7473122657882,-73.68855571187582)
1 (45.55201523555007,-73.70244180165535)
1 (45.28680855834655,-73.6073095099449)
1 (45.56433761043333,-73.2729894930359)
1 (45.56018908025347,-73.32355694663478)
1 (45.593987455466774,-73.70000574333481)
1 (45.72295363376916,-73.71410924167544)
1 (45.494860500126805,-73.2626828012559)
1 (45.652188830994056,-73.29597610402507)
1 (45.25250679866928,-73.50347372810339)
1 (45.31746736963473,-73.43588925747042)
1 (45.697954436151825,-73.54420591054003)
1 (45.432234936370364,-73.56053862434328)
1 (45.321730533495945,-73.37634941153934)
1 (45.482257468322345,-73.50080711270382)
1 (45.48216220274124,-73.39520049820175)
1 (45.72037752952774,-73.62233210638165)
1 (45.55252841548968,-73.39647077628416)
1 (45.350129173373716,-73.64814046172303)
1 (45.6927468891837,-73.68687814979809)
1 (45.39468652676392,-73.56689616404475)
1 (45.46301861120177,-73.37781600601467)
1 (45.662172112084896,-73.74246818227485)
1 (45.419215675322114,-73.33303269690902)
1 (45.27352669332577,-73.29706888764655)
1 (45.642786451410025,-73.62748386202847)
1 (45.41494319297767,-73.53113134215383)
1 (45.36156558331227,-73.74512540007889)
1 (45.31329299895302,-73.56838674027142)
1 (45.412114189188344,-73.59839558793882)
1 (45.410023855125075,-73.57427127338472)
1 (45.27907932358111,-73.29149020637576)
1 (45.32668420717238,-73.28983479967717)
1 (45.322549858170774,-73.37326504573714)
1 (45.473529647793384,-73.2517412574283)
1 (45.5704991785222,-73.63370556410321)
1 (45.55159301673701,-73.43174428415675)
1 (45.61014341762296,-73.29038406029017)
1 (45.73815034424271,-73.62618897123826)
1 (45.65940734616592,-73.68817999059266)
1 (45.52569070293978,-73.25763405304455)
1 (45.33767814927898,-73.39676984316841)
1 (45.50529872088537,-73.31660642490147)
1 (45.483640586779075,-73.33599806560092)
1 (45.34678449896435,-73.47179320282356)
1 (45.58722565274383,-73.28922134993815)
1 (45.32994607525922,-73.41164426874265)
1 (45.51256748659798,-73.3790738488004)
1 (45.52402584009119,-73.74940134893588)
1 (45.68935240814498,-73.27883141573645)
1 (45.59572264754255,-73.32698745767122)
1 (45.341056364188965,-73.6156584944696)
1 (45.25004747622904,-73.49098382228675)
1 (45.60030607774449,-73.68950161639408)
1 (45.47286106749656,-73.38608901281542)
1 (45.53396198090346,-73.28324905814594)
1 (45.54910778793076,-73.51799827741225)
1 (45.6635096083275,-73.47600665894728)
1 (45.27656093568267,-73.27855881234201)
1 (45.519959174053916,-73.49194519011765)
1 (45.38132014372587,-73.30134985561892)
1 (45.61669147371657,-73.72215522272634)
1 (45.36835265711535,-73.42550431169441)
1 (45.458551570552274,-73.64630084090173)
1 (45.408045764313854,-73.689631686913)
1 (45.33097983983079,-73.45459411819189)
1 (45.36803870697836,-73.65612005436677)
1 (45.62908341395575,-73.7287175879031)
1 (45.748527912824194,-73.47888761698252)
1 (45.39328912947518,-73.58280260647578)
1 (45.568790383234976,-73.47482276541365)
1 (45.515582725991464,-73.69242669722624)
1 (45.68284572395016,-73.54069392442342)
1 (45.26832682515839,-73.65082381757793)
1 (45.57297818478203,-73.57322907135196)
1 (45.38626392863696,-73.5871065633616)
1 (45.38126572585576,-73.60035720132026)
1 (45.40154882693681,-73.46128006919778)
1 (45.29131403016578,-73.61627256042358)
1 (45.29151792058546,-73.41518265189455)
1 (45.365069177673014,-73.63202486062436)
1 (45.74939143827645,-73.50721898317373)
1 (45.57288327297017,-73.70675712629271)
1 (45.52921790181099,-73.59185656188171)
1 (45.52893339942341,-73.71250550676949)
1 (45.34810800263269,-73.52233736914695)
1 (45.35864479967612,-73.30764349913606)
1 (45.251169018293176,-73.25691134421837)
1 (45.67994513149923,-73.55059586766174)
1 (45.65753849098203,-73.33512955263114)
1 (45.37597727413575,-73.27636576936416)
1 (45.509529811417956,-73.56133965911428)
1 (45.673324141516765,-73.2837111333279)
1 (45.541140014577074,-73.58750726239076)
1 (45.51684957231627,-73.54047483400902)
1 (45.66703387566472,-73.42684199468324)
1 (45.34993514175395,-73.50861569365671)
1 (45.36860648492793,-73.25343769097934)
1 (45.667193728502525,-73.31890563434622)
1 (45.71983956380976,-73.65124145153264)
1 (45.60566616420412,-73.38805110934209)
1 (45.35240551076511,-73.26814688431875)
1 (45.38005829877725,-73.66816501420408)
1 (45.706836012871506,-73.6078622892811)
1 (45.54775151233774,-73.55005811847222)
1 (45.35456060870086,-73.4534350629951)
1 (45.41012041453911,-73.50773714575872)
1 (45.504233691380534,-73.66191887027611)
1 (45.31811743287841,-73.37178962090736)
1 (45.52500697753149,-73.29965096037144)
1 (45.25213458461456,-73.65400332619089)
1 (45.42926735749491,-73.30196205860345)
1 (45.28882860805872,-73.61461157327548)
1 (45.25784880486421,-73.53987199998541)
1 (45.45089641814079,-73.26697306592641)
1 (45.70183978128067,-73.3594298102434)
1 (45.45971357813449,-73.25228847223266)
1 (45.57684636718692,-73.32683701362689)
1 (45.57529930069873,-73.48912335006683)
1 (45.437934221261095,-73.56434891933344)
1 (45.51324728775523,-73.70905057860988)
1 (45.68646097029547,-73.69817867646627)
1 (45.374062341159586,-73.43064289314978)
1 (45.47362387816915,-73.56023471227145)
1 (45.60676882499134,-73.59933948931226)
1 (45.54978586081187,-73.39050228984829)
1 (45.255707401931986,-73.53037834707632)
1 (45.44350631973213,-73.37623571049869)
1 (45.60711246838463,-73.43602910900975)
1 (45.47969130099406,-73.43785792793405)
1 (45.36036368280997,-73.69677920411388)
1 (45.66239116275291,-73.72956993821252)
1 (45.597730211405434,-73.64891882592582)
1 (45.354511777383415,-73.36515270174108)
1 (45.61597776424108,-73.50813848519729)
1 (45.48406896533852,-73.40629990702404)
1 (45.613383831254396,-73.63029576867406)
1 (45.694603725480306,-73.66205016048941)
1 (45.296507278466514,-73.62642581014993)
1 (45.43598963416693,-73.34349307674502)
1 (45.68248474217254,-73.39936306393375)
1 (45.46110155845467,-73.59790355772614)
1 (45.72467633414441,-73.454009981026)
1 (45.55367833317043,-73.41081475353917)
1 (45.3821595921642,-73.35233090113353)
1 (45.56320048266485,-73.31326999841144)
1 (45.38687091133731,-73.43756782048207)
1 (45.46371703088836,-73.26460010168708)
1 (45.73611985447253,-73.43996729785718)
1 (45.685293928969664,-73.49855219816382)
1 (45.35275217738602,-73.29847607972918)
1 (45.38911992991265,-73.52245244999219)
1 (45.41041349564654,-73.48940553977893)
1 (45.67029387026559,-73.34531487457262)
1 (45.51716601133147,-73.34398355657994)
1 (45.37593075549141,-73.38141440888991)
1 (45.287136841154336,-73.26200496904978)
1 (45.320462170883665,-73.33082249059996)
1 (45.306926795440326,-73.38845989914032)
1 (45.66487009828529,-73.67775907241905)