2450 2450
101 (45.5,-73.5)
1 (45.62118481351377,-73.71406223277836)
1 (45.602081011035175,-73.271345448211)
1 (45.620053541703626,-73.68901838839741)
1 (45.25686100068338,-73.26144774288686)
1 (45.61011754096043,-73.3021696618025)
1 (45.365290520764965,-73.45478125481446)
1 (45.39003657205185,-73.67480920878079)
1 (45.34626072462828,-73.4333014710132)
1 (45.33222162710842,-73.55001777591072)
1 (45.31542184169008,-73.53813796554327)
1 (45.29271289838673,-73.6242803770137)
1 (45.420627020742444,-73.56793295741865)
1 (45.63284405354668,-73.46843876824936)
1 (45.597153628047984,-73.27042645003421)
1 (45.73832824922701,-73.31970299851953)
1 (45.45084698944213,-73.42048593315339)
1 (45.66407702445278,-73.29548778998584)
1 (45.477820186705515,-73.4765084402844)
1 (45.41636409395941,-73.58325783916062)
1 (45.72045646267562,-73.49022871041782)
1 (45.40787162458411,-73.39835898854646)
1 (45.74119929373002,-73.612447373905)
1 (45.2857076226679,-73.47398002686081)
1 (45.467978358325404,-73.68904886098457)
1 (45.6376586481571,-73.55393315402699)
1 (45.52810797285543,-73.57790868760121)
1 (45.52774290214747,-73.29985880010865)
1 (45.64110783532785,-73.4378959630671)
1 (45.39855462271142,-73.6997537445553)
1 (45.485134157960665,-73.34615663852898)
1 (45.604941289009886,-73.47438914396947)
1 (45.68657257116506,-73.6892191692536)
1 (45.71123115822706,-73.62222837244673)
1 (45.70783253606905,-73.34719431953351)
1 (45.692529234806024,-73.62187224922985)
1 (45.42449615742054,-73.74844645056984)
1 (45.32952572382219,-73.42385242134885)
1 (45.589712608470165,-73.41459403160125)
1 (45.37581160505059,-73.71076154962087)
1 (45.68109283447045,-73.64255267534611)
1 (45.50687201582747,-73.48625179798519)
1 (45.313347091384166,-73.48156452679409)
1 (45.63072862099666,-73.36935136587593)
1 (45.47852164668373,-73.65876291974145)
1 (45.351628090345265,-73.52084158182666)
1 (45.3449288316056,-73.58680232597527)
1 (45.73022464662865,-73.4131049078445)
1 (45.70572813116956,-73.55143835858988)
1 (45.47638023409939,-73.6738976470809)
1 (45.41860431011815,-73.62567377733264)
1 (45.34400677698429,-73.48791855538376)
1 (45.31910165497292,-73.29019129360945)
1 (45.27130082491517,-73.52783788994327)
1 (45.621911912842585,-73.65727485511809)
1 (45.72427146145022,-73.60861932943725)
1 (45.74677662924083,-73.59727638079143)
1 (45.25663833072407,-73.71551004981771)
1 (45.31865301543225,-73.4529154279384)
1 (45.494977345384285,-73.74699235853846)
1 (45.2954055625231,-73.39730474439558)
1 (45.594417404134525,-73.73928309645274)
1 (45.27052410970717,-73.34657506679692)
1 (45.68724226196068,-73.49863525587375)
1 (45.48323222270827,-73.67732811760007)
1 (45.46442740400268,-73.46173882524904)
1 (45.44383802236646,-73.32287710359519)
1 (45.28844271032803,-73.73293629037342)
1 (45.348292947989805,-73.63033958174773)
1 (45.63457731222053,-73.6097607779699)
1 (45.612662285931954,-73.65312787990823)
1 (45.697593860009896,-73.50547318873463)
1 (45.40557424597801,-73.33023801816041)
1 (45.68069529892394,-73.50881720189152)
1 (45.494703073916,-73.2649680792822)
1 (45.604588033932906,-73.38712949282292)
1 (45.55195481448494,-73.56130303445283)
1 (45.435850863359896,-73.63923497463493)
1 (45.28126236901077,-73.4061829450324)
1 (45.4358702278273,-73.73922529072951)
1 (45.34276019387831,-73.3002272744267)
1 (45.37427795635236,-73.48126140515667)
1 (45.54759696628182,-73.53821841462585)
1 (45.63412827193314,-73.33895929436014)
1 (45.68875794238793,-73.72375294425711)
1 (45.25997696317746,-73.49071071520528)
1 (45.65500702859223,-73.26994977518622)
1 (45.66457613687774,-73.63445893654608)
1 (45.64742174170083,-73.48995949012891)
1 (45.51507380005024,-73.4219921452487)
1 (45.380982680755736,-73.51725006119509)
1 (45.26540841806567,-73.28373565054306)
1 (45.60729236520697,-73.41624927121096)
1 (45.38801421537537,-73.59031644820125)
1 (45.63873642297536,-73.44890475049856)
1 (45.58500393792827,-73.50684197883167)
1 (45.28926370389012,-73.55207809234547)
1 (45.62667136642487,-73.53987789004393)
1 (45.272449779285395,-73.65441981950553)
1 (45.47345689152954,-73.65552743194095)
1 (45.61362199456728,-73.51947751857158)
1 (45.48644498238725,-73.45980825617096)
1 (45.53956210683943,-73.34427000798503)
1 (45.32101344879806,-73.27969009066086)
1 (45.60666627038268,-73.36941574272771)
1 (45.52842993485676,-73.56470013529369)
1 (45.516429821575066,-73.26813411220456)
1 (45.460991959485376,-73.34492061532052)
1 (45.64573835334829,-73.57704402883509)
1 (45.28773266454291,-73.53149605051472)
1 (45.28868405177933,-73.41166420524587)
1 (45.27976502057215,-73.6304358156849)
1 (45.466490263550604,-73.67387549878157)
1 (45.51701335604937,-73.45954047471034)
1 (45.41261496390986,-73.40733571872414)
1 (45.30138134733182,-73.71169833711389)
1 (45.48121744304672,-73.38994313972172)
1 (45.335332059908026,-73.69559157923109)
1 (45.258910753569346,-73.46992513200992)
1 (45.63940569659714,-73.30701959790969)
1 (45.58208559828896,-73.55398397480106)
1 (45.73737700016931,-73.74058954071663)
1 (45.47507962421925,-73.54216231866401)
1 (45.33355494362663,-73.64244278309104)
1 (45.7280796969368,-73.37469621874094)
1 (45.543152897930845,-73.32997832581549)
1 (45.42788254909007,-73.711104225404)
1 (45.71370843073146,-73.3642026160131)
1 (45.73950278505956,-73.60111628266114)
1 (45.493207821051634,-73.65437784193574)
1 (45.61210537356746,-73.33077695193901)
1 (45.558870677883625,-73.40305905952316)
1 (45.348853141962245,-73.43516258006147)
1 (45.31947640160978,-73.5624032657838)
1 (45.636997967829636,-73.66163294796975)
1 (45.443664606993835,-73.56980155258732)
1 (45.68190764352897,-73.44439289030616)
1 (45.74681756254727,-73.46242849369659)
1 (45.5267088417292,-73.71237033236041)
1 (45.28993346321198,-73.53622084094599)
1 (45.467839586820645,-73.59802227996128)
1 (45.50532511287502,-73.51509053670041)
1 (45.69604324834452,-73.34466106940583)
1 (45.26602945455353,-73.73084519027242)
1 (45.40219907406412,-73.42424834950462)
1 (45.5584890138804,-73.58333178567503)
1 (45.58787281193929,-73.5763350481789)
1 (45.301367296930174,-73.55373788020482)
1 (45.711584011329094,-73.66193076478017)
1 (45.37728572413922,-73.28177695093005)
1 (45.58352502340526,-73.39356675145271)
1 (45.60882077901999,-73.6896528981113)
1 (45.59383000256925,-73.65467188914533)
1 (45.71527550400546,-73.34224165000086)
1 (45.422480441486314,-73.2576116160617)
1 (45.73254047817641,-73.67384554096851)
1 (45.332547034136304,-73.61034541980386)
1 (45.46478507620479,-73.38716939209169)
1 (45.49270603599116,-73.3666386184595)
1 (45.263770715734054,-73.73983504165349)
1 (45.50983139808159,-73.72411990015178)
1 (45.29925344497418,-73.5777939888526)
1 (45.47795253736978,-73.60820643693239)
1 (45.492243961141874,-73.35341596900781)
1 (45.36598053701239,-73.53802398555217)
1 (45.43181931880236,-73.47882409893977)
1 (45.47334406122289,-73.51292957148866)
1 (45.3857306726988,-73.7122151715216)
1 (45.480039471158996,-73.28510028593779)
1 (45.44522800999401,-73.35644690251804)
1 (45.305588077010576,-73.39488163504735)
1 (45.41532283275109,-73.3650913977014)
1 (45.570006389837005,-73.34119482284436)
1 (45.27313611082597,-73.50144778079343)
1 (45.419133903847566,-73.73928257320132)
1 (45.36902928806129,-73.48067417297959)
1 (45.33652598227916,-73.28242868212975)
1 (45.53789196480478,-73.54424273223891)
1 (45.31460776167317,-73.27301669462659)
1 (45.42126086636046,-73.66933909975687)
1 (45.39889832471449,-73.42139910487322)
1 (45.57487006515586,-73.60362067254712)
1 (45.650852571859296,-73.52852831784197)
1 (45.35078366664101,-73.63791621631528)
1 (45.497231619272185,-73.57015655673119)
1 (45.59843761139499,-73.48599209292856)
1 (45.746900680830684,-73.58664209893053)
1 (45.424718304212035,-73.33142839865349)
1 (45.259566873534425,-73.6530048580566)
1 (45.5896311810239,-73.52694143613034)
1 (45.34520749587003,-73.55885467083773)
1 (45.591163616107934,-73.59115669057658)
1 (45.45780258907268,-73.66717119445511)
1 (45.61062181798107,-73.54187962381602)
1 (45.62247421785792,-73.74464471473729)
1 (45.74802262649849,-73.73332940080579)
1 (45.30124758876979,-73.36439282558926)
1 (45.37604650606549,-73.72759390469132)
1 (45.559387946967526,-73.27434809035456)
1 (45.480609080250964,-73.32773187851726)
1 (45.441630263604225,-73.40146752424582)
1 (45.53628425073334,-73.73149175131483)
1 (45.40560694745804,-73.42314515691395)
1 (45.28561260133739,-73.33053374274554)
1 (45.48839213400529,-73.58281432878383)
1 (45.25275486787046,-73.48033573283429)
1 (45.60131956737885,-73.65670688552353)
1 (45.42400064640182,-73.6006306148964)
1 (45.45809400273042,-73.69309189057313)
1 (45.27031863961074,-73.73526625922537)
1 (45.64170471481252,-73.34404695054246)
1 (45.670435321356685,-73.70379706647499)
1 (45.70676276201146,-73.29292086170523)
1 (45.3168547979675,-73.71490896408667)
1 (45.495621995312916,-73.44812633741446)
1 (45.351783227597515,-73.28394774559209)
1 (45.51900704623936,-73.72575759341025)
1 (45.28509726084355,-73.50336375940303)
1 (45.3148598703775,-73.3797576284361)
1 (45.69229644668367,-73.65580352473968)
1 (45.652729729604246,-73.45896566869301)
1 (45.27680545825247,-73.33487235540822)
1 (45.295269624960234,-73.57535569393269)
1 (45.60804281144771,-73.64825954026638)
1 (45.263265582894846,-73.25713243158863)
1 (45.714348483327086,-73.72196101446345)
1 (45.676113589545906,-73.73408164856228)
1 (45.71816353885334,-73.6027520442749)
1 (45.2557719510386,-73.56067715948517)
1 (45.34978081945476,-73.26885570833691)
1 (45.48895549792462,-73.52492708706775)
1 (45.46553640609241,-73.3059208834929)
1 (45.73970092577379,-73.31779797758372)
1 (45.626487449707085,-73.38696616095369)
1 (45.29242130325248,-73.44928523940534)
1 (45.364422548966054,-73.51086449976238)
1 (45.384180714847545,-73.39280416566899)
1 (45.473476894201674,-73.50423600933104)
1 (45.25415835216393,-73.41955624210892)
1 (45.51767504541399,-73.5762843970839)
1 (45.59813479016462,-73.54888087802938)
1 (45.73739989588186,-73.73515574730753)
1 (45.5663213103021,-73.48933305778502)
1 (45.6710873893141,-73.6278157947723)
1 (45.583966527456504,-73.37833313159085)
1 (45.582372140164495,-73.35323540538457)
1 (45.305912712955674,-73.54571516136659)
1 (45.69745996153712,-73.52084148989148)
1 (45.43863773735658,-73.42835589311365)
1 (45.312679082844326,-73.28273377657472)
1 (45.47630645593752,-73.64929679696678)
1 (45.52796267415874,-73.2590857640085)
1 (45.600969124551206,-73.64537715404362)
1 (45.6984409103519,-73.70144117510327)
1 (45.59128221587753,-73.58237659986061)
1 (45.673371853836095,-73.39828514509333)
1 (45.568990720989866,-73.63602091699987)
1 (45.50931588929268,-73.72131247452744)
1 (45.287898992130465,-73.54093561467835)
1 (45.60275954397607,-73.33923298998957)
1 (45.43617057941857,-73.61773688935781)
1 (45.58632011818862,-73.48874743074597)
1 (45.57953592710925,-73.28093044100864)
1 (45.37221331032879,-73.28949470945834)
1 (45.42034973224158,-73.30714380418435)
1 (45.406841942074976,-73.42131501783733)
1 (45.48542847430979,-73.40444844436283)
1 (45.521164666303996,-73.5480904931873)
1 (45.68421154178823,-73.36913330181979)
1 (45.72292897954374,-73.67271880082545)
1 (45.398027947903486,-73.34627196858956)
1 (45.378904325578006,-73.64244249460255)
1 (45.371113636979466,-73.42478109492295)
1 (45.4779260191612,-73.29280012174011)
1 (45.674512891967,-73.49639821574507)
1 (45.54886228280515,-73.72188324719397)
1 (45.405110551295316,-73.49111241360409)
1 (45.3315418875879,-73.42437597778479)
1 (45.5637799791252,-73.26906200145406)
1 (45.46323096352893,-73.48702226101572)
1 (45.72899507449846,-73.60076862855053)
1 (45.748423371239916,-73.25370852071549)
1 (45.70524287295178,-73.30380789157938)
1 (45.52550947018378,-73.30926764930346)
1 (45.27918659320261,-73.72462176192238)
1 (45.730314386951804,-73.30640305251846)
1 (45.56076711780579,-73.35915889470782)
1 (45.48354715410685,-73.56979961838628)
1 (45.62129450352163,-73.4953840037154)
1 (45.39687839779871,-73.55553126395121)
1 (45.266069002435664,-73.33442841371041)
1 (45.30066448457144,-73.62229280867047)
1 (45.295184676589834,-73.60525884278549)
1 (45.745262362670054,-73.68377682572748)
1 (45.51290677022811,-73.730222403642)
1 (45.41742957514637,-73.65868421183951)
1 (45.54337739174037,-73.62568094140778)
1 (45.54348024927994,-73.71639994852596)
1 (45.698392215565626,-73.73317856217301)
1 (45.4216682005575,-73.63228371537788)
1 (45.721604535593045,-73.37219141099351)
1 (45.437694231568756,-73.61681797317439)
1 (45.70275063311342,-73.4854894811916)
1 (45.26928569788315,-73.26752390643027)
1 (45.31535449301418,-73.31249551725486)
1 (45.47847171666493,-73.31159879717863)
1 (45.2818574985009,-73.47475661929714)
1 (45.32347870819415,-73.56064630903863)
1 (45.61123256172747,-73.39074962517799)
1 (45.39609635588904,-73.48666400895864)
1 (45.68587985094378,-73.35472188598689)
1 (45.60491495503007,-73.55062068304333)
1 (45.69696529791211,-73.51612423700539)
1 (45.580011099287574,-73.37149862909301)
1 (45.74035050667757,-73.38242390959877)
1 (45.270459094053194,-73.51459439105275)
1 (45.588876710248755,-73.33869008632516)
1 (45.342471496607224,-73.60316425915381)
1 (45.25100328608998,-73.53232565687753)
1 (45.46302299045957,-73.6171686219552)
1 (45.41066455701269,-73.31067403343476)
1 (45.671487307922376,-73.63691267526882)
1 (45.71869737969773,-73.72296033094048)
1 (45.3001181865423,-73.41779846620128)
1 (45.67230470465294,-73.40613177350534)
1 (45.303130518793225,-73.54519655895947)
1 (45.47575889056905,-73.46664256196267)
1 (45.39368909852563,-73.51561355309994)
1 (45.32291195519365,-73.74708410643984)
1 (45.568288050409926,-73.42187432416097)
1 (45.480067778920095,-73.62779157521334)
1 (45.41880462683403,-73.48595634593887)
1 (45.37638515561017,-73.25916378367624)
1 (45.59393704725862,-73.48340596021488)
1 (45.62821826511307,-73.35041330978548)
1 (45.37378675244241,-73.63793470458968)
1 (45.53366492573549,-73.35481965475185)
1 (45.564021125897,-73.33383666720196)
1 (45.57408089070724,-73.59028839244267)
1 (45.29935388170262,-73.49728580023272)
1 (45.350432030191236,-73.5171250655502)
1 (45.37000544129826,-73.73536521458135)
1 (45.66409425281243,-73.56241269778079)
1 (45.34935724034629,-73.29384818930234)
1 (45.62407456326065,-73.53223746574001)
1 (45.606188913372854,-73.60129395224048)
1 (45.72561465237438,-73.28923760401989)
1 (45.73068849256651,-73.60793890404483)
1 (45.29875205787952,-73.49355588302937)
1 (45.48985168991914,-73.30315719258071)
1 (45.56965172752091,-73.31025658994237)
1 (45.654936479821465,-73.70493239286658)
1 (45.31238466158541,-73.57562341173471)
1 (45.41131584961074,-73.25882499332545)
1 (45.69431812260854,-73.48848512210498)
1 (45.56937146760435,-73.46233838020659)
1 (45.43439540491945,-73.45082130250718)
1 (45.44399762616281,-73.64337914535771)
1 (45.30032149134101,-73.72438084664451)
1 (45.55983488050421,-73.6686751848128)
1 (45.26803390256154,-73.59690178208945)
1 (45.26952919081265,-73.43955827979)
1 (45.35482683617081,-73.2627507032541)
1 (45.44311265675703,-73.34843577104719)
1 (45.716109359956185,-73.6184063799355)
1 (45.59802814387153,-73.41956886504543)
1 (45.56501727746413,-73.65319206133152)
1 (45.69137041495324,-73.64244303112127)
1 (45.33396116237999,-73.58001652176242)
1 (45.28859280836277,-73.52505913108789)
1 (45.747681504234656,-73.29961464861329)
1 (45.456228448617075,-73.64789149465545)
1 (45.618495206055314,-73.72488345371441)
1 (45.50010156218446,-73.4870526729536)
1 (45.70615591424513,-73.4093901599545)
1 (45.58505478230202,-73.4973720342446)
1 (45.407113909259714,-73.3259843056368)
1 (45.32739412672314,-73.40263863288622)
1 (45.350949631952055,-73.52767641715093)
1 (45.64705438314886,-73.33117676714863)
1 (45.68536823067376,-73.29355107774307)
1 (45.50291315639049,-73.36021537341519)
1 (45.42538054992822,-73.71746296373821)
1 (45.61173263116561,-73.69218072551558)
1 (45.72715973349971,-73.53661955661364)
1 (45.36888414759202,-73.58008448480008)
1 (45.32255038479812,-73.3208850140932)
1 (45.44731110864793,-73.74759740957448)
1 (45.61632080280138,-73.45174497088611)
1 (45.45011174710414,-73.4121919833017)
1 (45.604987090761206,-73.61235252528839)
1 (45.531674039242304,-73.61690488933755)
1 (45.323401110477235,-73.28693125473998)
1 (45.58247071306207,-73.40781367408715)
1 (45.463282528605816,-73.52904136690402)
1 (45.39342325453114,-73.46023953572154)
1 (45.63648862530666,-73.50382081521747)
1 (45.677169493050876,-73.55698138249343)
1 (45.47505369231064,-73.53929342057843)
1 (45.4256200000157,-73.35655409505667)
1 (45.36989308739295,-73.63619169010947)
1 (45.325864743282544,-73.65844710568747)
1 (45.650555506620414,-73.58447247646798)
1 (45.33979158876126,-73.37583707985917)
1 (45.39952012150831,-73.51780891421764)
1 (45.57670471237331,-73.66398184432646)
1 (45.376273397109976,-73.40482284407884)
1 (45.252781106546855,-73.6246902606167)
1 (45.698764262566904,-73.62767705895243)
1 (45.33637973547297,-73.7138060358716)
1 (45.49282367220035,-73.43487749621309)
1 (45.42401821776225,-73.41956125753975)
1 (45.673748833038225,-73.6757407146494)
1 (45.47825794479966,-73.45494844974158)
1 (45.36848992981684,-73.32896265231561)
1 (45.28578930197158,-73.61692796859919)
1 (45.721740852394234,-73.42707992154186)
1 (45.36168428959495,-73.609330424981)
1 (45.45472357658162,-73.55234568329412)
1 (45.53408490705629,-73.50473185142974)
1 (45.56156916054662,-73.63764724054099)
1 (45.592521034882516,-73.63337232925615)
1 (45.434936549296296,-73.34857321057125)
1 (45.672602804736144,-73.53435674699085)
1 (45.50987381243304,-73.3495935703443)
1 (45.480007813419064,-73.68591912357913)
1 (45.70291444209072,-73.26854621811106)
1 (45.52748460085355,-73.54745038549918)
1 (45.50201495923624,-73.669229353595)
1 (45.270019403945824,-73.49628184079182)
1 (45.5321780954661,-73.32187918056412)
1 (45.37536416759317,-73.52688513958944)
1 (45.281469180262604,-73.52566825253592)
1 (45.35979932875574,-73.59919198514537)
1 (45.42262176492699,-73.68608991078938)
1 (45.452305965506284,-73.2761551912953)
1 (45.30654153684352,-73.28319997040813)
1 (45.32424741015733,-73.27846556042397)
1 (45.73575610796923,-73.28416714852354)
1 (45.736211377225615,-73.30650674113662)
1 (45.54822145757243,-73.45543928041171)
1 (45.70883941237761,-73.43617377492663)
1 (45.35488396928308,-73.41606273129193)
1 (45.52027115426741,-73.58609834022303)
1 (45.47801051389928,-73.64429803161079)
1 (45.66925686750703,-73.47911718663534)
1 (45.73153713960825,-73.50465510483595)
1 (45.420042191939096,-73.68048803699055)
1 (45.66955020657113,-73.70182698125889)
1 (45.66280526045768,-73.68940010218951)
1 (45.30450227299122,-73.39173127864657)
1 (45.58172662571562,-73.68874442320588)
1 (45.56287801938119,-73.4879744501694)
1 (45.521698652911034,-73.42090234689833)
1 (45.402764052200055,-73.49453384604337)
1 (45.48423151253163,-73.25447816282211)
1 (45.56513967072504,-73.47230855747497)
1 (45.36328888024847,-73.33844501451958)
1 (45.368693641760444,-73.50842012595974)
1 (45.35258710897922,-73.30609124850788)
1 (45.2865858827563,-73.3027499308178)
1 (45.41731747967193,-73.2914472134535)
1 (45.26281066365471,-73.71618023586362)
1 (45.325301924176486,-73.55554049120242)
1 (45.33568160981651,-73.33936183085368)
1 (45.475268397826184,-73.2888706602247)
1 (45.63644684318093,-73.33956097043512)
1 (45.643232704583006,-73.65991239438657)
1 (45.722156019854175,-73.5262445451339)
1 (45.29189973671295,-73.41724901396579)
1 (45.48363928061702,-73.74354232895793)
1 (45.25254736834012,-73.32510615311521)
1 (45.54182122638735,-73.34958083006019)
1 (45.39403249307605,-73.41859873199489)
1 (45.60858167127574,-73.67891371878291)
1 (45.33935913209372,-73.50592165010461)
1 (45.74198791198772,-73.50487937891123)
1 (45.37667454632266,-73.52000846313601)
1 (45.269961500375814,-73.6236963909734)
1 (45.43860990375673,-73.73184940871225)
1 (45.39130615003961,-73.27146324737312)
1 (45.39155797309433,-73.48170377750033)
1 (45.58851128572078,-73.65895942978837)
1 (45.38478103143215,-73.46285928197014)
1 (45.5028591969482,-73.46724986812028)
1 (45.658167828068756,-73.70538402958536)
1 (45.32910212930402,-73.6895757366293)
1 (45.49700961978961,-73.2544848337843)
1 (45.584338721737815,-73.73186982802281)
1 (45.4523404653809,-73.61962844025766)
1 (45.29370761730402,-73.6954651624685)
1 (45.51618844078629,-73.38650023243925)
1 (45.71412941285264,-73.2611710879557)
1 (45.65250959612361,-73.4341680491892)
1 (45.68656616195016,-73.5738715534852)
1 (45.43662766865161,-73.48448652683858)
1 (45.56713117205579,-73.49115556919165)
1 (45.548678197294564,-73.7298205376321)
1 (45.437870014712885,-73.50822062178341)
1 (45.49985643994968,-73.53858420385183)
1 (45.43914689856883,-73.60439498379296)
1 (45.744194314912924,-73.72588478544272)
1 (45.597308951166454,-73.67410548414838)
1 (45.743142450012215,-73.59872899033059)
1 (45.44366414412837,-73.60697281435795)
1 (45.60540899215631,-73.44179200205264)
1 (45.533796897956165,-73.46794676209)
1 (45.6203077839964,-73.30066753366862)
1 (45.679858705431705,-73.59899930936155)
1 (45.33929439131867,-73.34481031392411)
1 (45.30270944633891,-73.31887414945938)
1 (45.33741884740855,-73.25205010700827)
1 (45.295648177603006,-73.73674626160971)
1 (45.40410026965905,-73.45059971896765)
1 (45.66696060096007,-73.51937621795244)
1 (45.670928843942235,-73.68289702884722)
1 (45.49462376984551,-73.25944864093826)
1 (45.58312683696375,-73.71841427183328)
1 (45.38324661520343,-73.3852655195239)
1 (45.660850669197174,-73.63973579041068)
1 (45.66068838828457,-73.32881978534583)
1 (45.67669228527696,-73.45774828016762)
1 (45.489785332557545,-73.43050562563988)
1 (45.696538493038965,-73.37770565132412)
1 (45.39922911952903,-73.30432709875703)
1 (45.3923729627429,-73.33822356573839)
1 (45.45687892631338,-73.61744720337128)
1 (45.63765614130966,-73.47992667087418)
1 (45.41865230249513,-73.45227514959534)
1 (45.63859441868486,-73.46951450718848)
1 (45.68662826704703,-73.61801982413503)
1 (45.73791027025262,-73.6084300434264)
1 (45.30110924378906,-73.46174301032826)
1 (45.55165131794107,-73.39310782518875)
1 (45.47312702254371,-73.39642653430501)
1 (45.26412663435137,-73.6659465376495)
1 (45.33624075301661,-73.51542266138388)
1 (45.71123459686903,-73.70269394968666)
1 (45.6594636935399,-73.29888790212634)
1 (45.32824751172651,-73.52284999379624)
1 (45.71676857194271,-73.53840549704165)
1 (45.62454363924629,-73.38498684433783)
1 (45.35285948504883,-73.71098261113278)
1 (45.5748283605476,-73.33855272711959)
1 (45.519761907396514,-73.62296360395972)
1 (45.68406190780907,-73.34776920604894)
1 (45.68427042898771,-73.71813119901708)
1 (45.49161181903287,-73.38164969854189)
1 (45.52240708596574,-73.50237284621632)
1 (45.42907399964661,-73.4769598364879)
1 (45.723781683948985,-73.57977016489095)
1 (45.7357573497364,-73.62810835653512)
1 (45.52610850684824,-73.3218245802644)
1 (45.566002244543064,-73.439500144468)
1 (45.28812220059125,-73.70276302525795)
1 (45.493304413452925,-73.29180097035179)
1 (45.48774905619083,-73.32947280643432)
1 (45.32764107152955,-73.32385657978713)
1 (45.50162786848197,-73.67459532929449)
1 (45.51444745481344,-73.31667645169667)
1 (45.3819380736017,-73.48566377782417)
1 (45.376367139803875,-73.58493596115406)
1 (45.59698126208703,-73.29190047825776)
1 (45.59220078979268,-73.73486830243988)
1 (45.343074918682376,-73.36339477262977)
1 (45.58140347790698,-73.63521045780483)
1 (45.56705620977283,-73.3948632441319)
1 (45.37703150211307,-73.67003591270412)
1 (45.26105641825541,-73.5880490395779)
1 (45.62521567574219,-73.29884919116634)
1 (45.40419509117426,-73.69304789566115)
1 (45.545038435040986,-73.64023573889311)
1 (45.6294562160567,-73.4394537678013)
1 (45.519118287644844,-73.720653339105)
1 (45.288247187377124,-73.64319760708902)
1 (45.46225556809897,-73.68961942580674)
1 (45.570004137930695,-73.61430784867503)
1 (45.733169584220576,-73.69659148932516)
1 (45.70969618670886,-73.31455237440208)
1 (45.61265765284831,-73.25325574886165)
1 (45.58219376193515,-73.52202644859071)
1 (45.270432703126396,-73.26773235169802)
1 (45.63920485393632,-73.5522319914627)
1 (45.68244644569449,-73.5343731611664)
1 (45.69184628776751,-73.36204917136429)
1 (45.64068142964506,-73.2943713786453)
1 (45.4799050960496,-73.62423109848785)
1 (45.31819554970537,-73.54831987734896)
1 (45.297458824139056,-73.60565878082502)
1 (45.313628705655766,-73.60214853374364)
1 (45.663761480859634,-73.41257319425972)
1 (45.701432065559246,-73.36253840182034)
1 (45.63816521458569,-73.38035719150062)
1 (45.356755900411194,-73.66695379120156)
1 (45.37833641551131,-73.58417045688718)
1 (45.70723310459056,-73.43685127318477)
1 (45.4321375464188,-73.62984580597995)
1 (45.587821049757295,-73.68041737168147)
1 (45.535285059766345,-73.55193625332792)
1 (45.53941527091816,-73.34335503306285)
1 (45.35925645212906,-73.29765691804394)
1 (45.6971242573935,-73.71278159141683)
1 (45.71690804332201,-73.41169717876518)
1 (45.35989542266914,-73.52021915751068)
1 (45.68687836657304,-73.65748312976088)
1 (45.419608163061056,-73.56495116245867)
1 (45.462090214756735,-73.41545156192798)
1 (45.55480053243557,-73.5886869332242)
1 (45.462527771024526,-73.2882516394727)
1 (45.461871905950574,-73.27651885452933)
1 (45.377953487643495,-73.41652125882254)
1 (45.40490506501064,-73.63757510239341)
1 (45.32234266565135,-73.56699030789007)
1 (45.51417635038069,-73.63156332278976)
1 (45.68855196299307,-73.59714367468904)
1 (45.55297383782788,-73.25456917271437)
1 (45.589101349928534,-73.42753228844228)
1 (45.30251907281947,-73.37901610513073)
1 (45.45693733023834,-73.66405078077202)
1 (45.28558851020381,-73.45861121269778)
1 (45.45865851785521,-73.50810619988066)
1 (45.2608569704327,-73.25939450016207)
1 (45.341922841405655,-73.57258212904851)
1 (45.2720358195445,-73.56267715916763)
1 (45.69861908648747,-73.68585866080865)
1 (45.52855464377869,-73.30469739283996)
1 (45.37587380480493,-73.71487861287574)
1 (45.527835759045175,-73.37124021494485)
1 (45.40807751506028,-73.37135607845585)
1 (45.6031368720445,-73.25326063832375)
1 (45.3748529487641,-73.38270400277946)
1 (45.49548778151585,-73.49171762810474)
1 (45.512251022034725,-73.31111254489682)
1 (45.60342305404634,-73.29636925354168)
1 (45.717448493705994,-73.6904409494657)
1 (45.26001306367451,-73.41419731531944)
1 (45.29083475164155,-73.5211907069547)
1 (45.72312188496034,-73.74842283706681)
1 (45.35361330917033,-73.51880847955132)
1 (45.5418711055307,-73.3887415051901)
1 (45.36390686139831,-73.34992263062881)
1 (45.57996439905155,-73.6074515450138)
1 (45.52984315426644,-73.41484778412968)
1 (45.734828732728616,-73.50456407642145)
1 (45.6842119658762,-73.54279721708679)
1 (45.29045341367384,-73.3477791366904)
1 (45.34202217326838,-73.25872321018298)
1 (45.381359549229906,-73.25037862890788)
1 (45.70965068095092,-73.55756143320467)
1 (45.725307605391684,-73.66163016811939)
1 (45.352263700717465,-73.38288525868275)
1 (45.60315214289849,-73.7102140333642)
1 (45.554803767143625,-73.25258190997)
1 (45.525678227419334,-73.74147817126513)
1 (45.63107460362312,-73.70414257762108)
1 (45.629304886476675,-73.42399439698708)
1 (45.54531870196818,-73.44651398174165)
1 (45.58521674020641,-73.56993163258532)
1 (45.711171241204255,-73.30418975753953)
1 (45.68978582650475,-73.3171802988143)
1 (45.72398698245013,-73.72232493947341)
1 (45.328071308486415,-73.55895469442329)
1 (45.56427508722275,-73.2691377948635)
1 (45.66673546169497,-73.4787682359926)
1 (45.4823402149765,-73.72371842560891)
1 (45.737890447792715,-73.25521951579609)
1 (45.3372163151434,-73.47359410138968)
1 (45.52119068352014,-73.44194498188443)
1 (45.61659312600372,-73.5670068219859)
1 (45.717911851989804,-73.70338697395019)
1 (45.70867329803969,-73.3698389736633)
1 (45.63780804188088,-73.49669398721467)
1 (45.73176163646433,-73.36647850257809)
1 (45.48721453208743,-73.43411282577875)
1 (45.352876215446216,-73.71764538941642)
1 (45.355164321764256,-73.43865044695583)
1 (45.54278407007007,-73.74630685829209)
1 (45.34321242827051,-73.41857603654982)
1 (45.621602983572885,-73.56528894422158)
1 (45.57421269434089,-73.53350211572445)
1 (45.74647369423123,-73.58704790231745)
1 (45.74546761423667,-73.70632618269742)
1 (45.68079542913542,-73.66729488866426)
1 (45.462472514094806,-73.35123255026657)
1 (45.26313070476798,-73.62977341912696)
1 (45.30090119244422,-73.33824685591729)
1 (45.463124016349596,-73.39946905311128)
1 (45.396530835443286,-73.49950386553012)
1 (45.27164170784744,-73.43588647680089)
1 (45.35547998818675,-73.50143191198934)
1 (45.42282921498175,-73.60675966880734)
1 (45.410433850826344,-73.66047565682506)
1 (45.5868948736519,-73.57566614283783)
1 (45.522457278932684,-73.26777136863377)
1 (45.70416750980399,-73.69449677924496)
1 (45.54254635725042,-73.71035720809691)
1 (45.55333897539965,-73.29358837586277)
1 (45.602245506658605,-73.63304400071407)
1 (45.459790351688056,-73.64855624681407)
1 (45.59845737503507,-73.5759895903856)
1 (45.25351427588218,-73.27346990731793)
1 (45.47399928784584,-73.44831332906026)
1 (45.68038407676346,-73.54499523866693)
1 (45.47250996241711,-73.35775477422054)
1 (45.45538342671043,-73.50148197006301)
1 (45.66398668004482,-73.71042395809366)
1 (45.52189889643336,-73.48470594721)
1 (45.29553350249807,-73.62310843825506)
1 (45.347290659083555,-73.60008079600384)
1 (45.42082695634696,-73.55339515596656)
1 (45.741695219367,-73.26363456699377)
1 (45.30135649501346,-73.65003350475868)
1 (45.73437717422777,-73.38090174340141)
1 (45.25267288019598,-73.65750849456245)
1 (45.479935203371475,-73.46411227223706)
1 (45.42967795432094,-73.27471117740292)
1 (45.4952810011431,-73.73966388284794)
1 (45.50641583246151,-73.66788649894973)
1 (45.747547891393616,-73.52784518322852)
1 (45.30787556902079,-73.3727063517712)
1 (45.72294938254222,-73.39113200314465)
1 (45.693991608118,-73.58935909755726)
1 (45.60709595248954,-73.74611009936976)
1 (45.37932884008941,-73.37796432676582)
1 (45.59839187838826,-73.31718284744193)
1 (45.395865238177194,-73.49941482639018)
1 (45.6578720877146,-73.4777029237729)
1 (45.570835140597964,-73.61891571341948)
1 (45.67120218458582,-73.67602247009552)
1 (45.696772941064594,-73.29603355992766)
1 (45.561553393717574,-73.28018671736429)
1 (45.51669693252325,-73.62598628674499)
1 (45.34567698661721,-73.29560158047889)
1 (45.73379919028426,-73.57219778535122)
1 (45.469741621057146,-73.5149860503625)
1 (45.482058318416136,-73.43980882986764)
1 (45.496359715292996,-73.74927578283227)
1 (45.56186715529947,-73.5838791964704)
1 (45.33971764610157,-73.36187480887396)
1 (45.253068928741484,-73.32443368254634)
1 (45.26183768459638,-73.38675755231093)
1 (45.66672059560572,-73.65329748615872)
1 (45.74973803765038,-73.55340409839773)
1 (45.3864533040284,-73.6648350023497)
1 (45.69062028880064,-73.5684068227858)
1 (45.58047534198905,-73.72424820679895)
1 (45.450202167523955,-73.51481723434462)
1 (45.33606399988736,-73.70300952882411)
1 (45.537926809619705,-73.72590710479027)
1 (45.67981844867143,-73.66129665578175)
1 (45.5120176233253,-73.46999867370354)
1 (45.59899637659278,-73.64196473598581)
1 (45.63721168565976,-73.74737394583612)
1 (45.37193323601794,-73.25963459222685)
1 (45.558492353993515,-73.44900374757529)
1 (45.64884333481518,-73.5218933013094)
1 (45.395255463381,-73.5599426328659)
1 (45.4982282218257,-73.30739664138767)
1 (45.69208151124418,-73.50771607478362)
1 (45.548668067234814,-73.64783071321501)
1 (45.58464959103675,-73.6578820794502)
1 (45.41094818694644,-73.41723327114013)
1 (45.35231718282281,-73.34517956471272)
1 (45.26127289763122,-73.72309287444591)
1 (45.732503055006745,-73.69928160750705)
1 (45.30274539188906,-73.71893732740142)
1 (45.466249006743716,-73.37915180389892)
1 (45.2993424597198,-73.7177906611747)
1 (45.52919915037692,-73.66935771888872)
1 (45.49428919387924,-73.37992080798833)
1 (45.37772408968309,-73.71542579785608)
1 (45.483039223999874,-73.37671825425176)
1 (45.306030374006816,-73.483427495833)
1 (45.50999204004447,-73.29533890273952)
1 (45.666833939301924,-73.3214669110911)
1 (45.69762956155538,-73.64591209440016)
1 (45.25553962390348,-73.27759575170099)
1 (45.39693011227849,-73.66465815449985)
1 (45.5958569417009,-73.58991179424962)
1 (45.66871843875445,-73.67217736345302)
1 (45.693395830978574,-73.51020255237196)
1 (45.36703661062932,-73.54646550429526)
1 (45.543024186915225,-73.35247631643728)
1 (45.397670875909554,-73.4048789365695)
1 (45.28563217348002,-73.37207820364065)
1 (45.46764593958914,-73.3583152652864)
1 (45.410437043266384,-73.27981929538176)
1 (45.52479831972387,-73.7042935100848)
1 (45.2900748623393,-73.37865246282283)
1 (45.61046678040474,-73.66341074040078)
1 (45.61746432445685,-73.4779088832934)
1 (45.51288802905792,-73.7358200026677)
1 (45.48579083026481,-73.3919648277709)
1 (45.41406228770993,-73.46091750215437)
1 (45.415947416697264,-73.46643855382658)
1 (45.668653553061645,-73.30434484875907)
1 (45.58938232399821,-73.69562290364942)
1 (45.43991547182964,-73.57170508309011)
1 (45.38854137739016,-73.59983946231822)
1 (45.64468455394285,-73.65805936019595)
1 (45.581956497871026,-73.62075557028665)
1 (45.527157926826,-73.5863140171133)
1 (45.61652008581226,-73.36643621038685)
1 (45.689474012439,-73.66602569676368)
1 (45.49559820551883,-73.5960079467271)
1 (45.55603998426259,-73.7169451552399)
1 (45.628373729265746,-73.37629273118948)
1 (45.53810083357,-73.64878860295414)
1 (45.33317413631885,-73.36962494658162)
1 (45.59522047883422,-73.2702679538937)
1 (45.36552655240367,-73.72329521093582)
1 (45.46114629679554,-73.5163296714647)
1 (45.42029629596816,-73.52667035001953)
1 (45.51295420956374,-73.33284486415953)
1 (45.52650314202387,-73.28201901255122)
1 (45.61442208130746,-73.74266093681346)
1 (45.61327307835097,-73.29942824187846)
1 (45.25725521193254,-73.63596847915028)
1 (45.27587135012529,-73.3749264016043)
1 (45.45708829195402,-73.58135480174911)
1 (45.41187605849748,-73.54403370820899)
1 (45.63511404013047,-73.44170843750956)
1 (45.42928986302551,-73.62044186530153)
1 (45.630739510824604,-73.3013071557104)
1 (45.65075044458362,-73.63137963700461)
1 (45.545847022054886,-73.66696484079087)
1 (45.35098876147716,-73.64745214876532)
1 (45.31703690883629,-73.59703041606747)
1 (45.56829762797323,-73.37534652660963)
1 (45.74865586878364,-73.33732528331767)
1 (45.42501094174636,-73.73677757960573)
1 (45.716464677044,-73.70277355629077)
1 (45.67685766121867,-73.49640217363266)
1 (45.36947545586551,-73.3375220995285)
1 (45.58654269416199,-73.32516179382623)
1 (45.415788890246844,-73.6147659300111)
1 (45.48301993538323,-73.49361808797919)
1 (45.4771882065817,-73.30028684918054)
1 (45.524661558693516,-73.68232660171205)
1 (45.536796798116725,-73.70088164591743)
1 (45.73189018835001,-73.67314957761113)
1 (45.68428292059883,-73.35039893226269)
1 (45.29282952682337,-73.44663893910318)
1 (45.68389483151043,-73.35202159675374)
1 (45.47414190313888,-73.45622625751477)
1 (45.35203642228778,-73.29572515655168)
1 (45.688459623589885,-73.57993674328355)
1 (45.33314333781781,-73.70450977442712)
1 (45.379680261423964,-73.46470001861715)
1 (45.605295972711595,-73.73204713103559)
1 (45.38788429296956,-73.67706065791025)
1 (45.430306232424364,-73.33780097821378)
1 (45.34674681185612,-73.257197170154)
1 (45.486940651918715,-73.40347339381982)
1 (45.4480533336271,-73.44063836523603)
1 (45.590493636020206,-73.72679658905311)
1 (45.58029285819519,-73.4639217204492)
1 (45.70709980828181,-73.53523312911385)
1 (45.4112898342791,-73.50666856553312)
1 (45.41697572581197,-73.60306542378443)
1 (45.43844984234063,-73.44315672194989)
1 (45.56720675544122,-73.7306483185835)
1 (45.37443200098622,-73.68145132374029)
1 (45.58174573998433,-73.25426645780043)
1 (45.47092472354006,-73.45751038843238)
1 (45.26396576516467,-73.39908130460181)
1 (45.508689150530934,-73.52541176971384)
1 (45.43541046405068,-73.66607035919151)
1 (45.69814859533657,-73.74295403315786)
1 (45.403310495704034,-73.55665448774857)
1 (45.64153991493275,-73.5943639130823)
1 (45.53898623902254,-73.28587667128369)
1 (45.30500653035859,-73.71869860667297)
1 (45.6794320641482,-73.71653918452051)
1 (45.63700081577388,-73.5237616671192)
1 (45.635178540640155,-73.56262347116042)
1 (45.5479769056889,-73.46095670794615)
1 (45.298954734714954,-73.4606104309321)
1 (45.43559335397011,-73.51648358558879)
1 (45.70172336703453,-73.29198656831369)
1 (45.29950822499374,-73.43863703752439)
1 (45.35533755441528,-73.65926457542957)
1 (45.740337613472434,-73.66969865657296)
1 (45.35436856974504,-73.67126476181538)
1 (45.278461671522166,-73.38401799876304)
1 (45.48357982980205,-73.68119668894214)
1 (45.460100751776785,-73.45135957155321)
1 (45.4920731084176,-73.34324852190316)
1 (45.6404474044311,-73.54644753129783)
1 (45.25030875015947,-73.30993445295387)
1 (45.64662820063896,-73.51187071317274)
1 (45.70200249449292,-73.58336844673369)
1 (45.7268828288212,-73.45211584928369)
1 (45.35932717377969,-73.45892565400287)
1 (45.28658595359718,-73.39147744759053)
1 (45.56689850479256,-73.659420819219)
1 (45.39660087056534,-73.66794810523956)
1 (45.37769979700145,-73.65197585980957)
1 (45.434941938788135,-73.55892381956639)
1 (45.64240131482833,-73.26816680468883)
1 (45.488836460237664,-73.44266379731053)
1 (45.31245574128355,-73.6108334240673)
1 (45.30101458916334,-73.59192542617836)
1 (45.49690206196221,-73.32810240940405)
1 (45.591419313104645,-73.47304978804927)
1 (45.4929857221086,-73.66671856273493)
1 (45.52351685818599,-73.68500428046453)
1 (45.331504148429964,-73.28269584124621)
1 (45.413001079100695,-73.41849379350619)
1 (45.33921192067159,-73.58759336946825)
1 (45.49592361802674,-73.5452327053857)
1 (45.32267126082775,-73.44338946338927)
1 (45.683145124838454,-73.66182533366519)
1 (45.72060872587398,-73.28796968811801)
1 (45.728490759118785,-73.61143294646675)
1 (45.45514028568991,-73.27666282209117)
1 (45.62910692099363,-73.68951082047508)
1 (45.73615234464337,-73.26305172110754)
1 (45.35825396161857,-73.40737953233736)
1 (45.7376772579448,-73.41445396548794)
1 (45.703133285938435,-73.33924984529384)
1 (45.370277615737365,-73.46401016123276)
1 (45.54333537195071,-73.71455122426642)
1 (45.3192544212938,-73.54223573196863)
1 (45.35910848504063,-73.53801945748009)
1 (45.604919902117175,-73.706184915687)
1 (45.60288624811555,-73.62497926726151)
1 (45.648226615531584,-73.69404396796875)
1 (45.30237544022749,-73.52861326125566)
1 (45.6927203858738,-73.57701301986387)
1 (45.388993706355514,-73.40973910047721)
1 (45.442084984171096,-73.35875452884903)
1 (45.26156009020993,-73.45772230511247)
1 (45.421472838232525,-73.68547890287282)
1 (45.501879733441065,-73.51363219852566)
1 (45.36036625091897,-73.67690591466392)
1 (45.45622706283378,-73.57360463186627)
1 (45.32488988687023,-73.4698836358481)
1 (45.58472051894159,-73.36160490713489)
1 (45.39829562169464,-73.3823644056623)
1 (45.559194688777595,-73.65639023638751)
1 (45.419767072863316,-73.65573027655726)
1 (45.5594143052696,-73.53745135080521)
1 (45.64374145270561,-73.51812870951245)
1 (45.577337737856226,-73.67906845929927)
1 (45.67462265617073,-73.33052184825732)
1 (45.28962586574284,-73.27034702631482)
1 (45.66505980460198,-73.33057076530174)
1 (45.69970563520318,-73.57220460465103)
1 (45.53989150294827,-73.47726930099826)
1 (45.282435633364194,-73.53976011874632)
1 (45.42240701949742,-73.62140976473151)
1 (45.28678461682217,-73.34043269437397)
1 (45.49475085341099,-73.68350584058511)
1 (45.664921832707655,-73.48428744818365)
1 (45.72009848185791,-73.71171618829484)
1 (45.299731734517785,-73.65377122575761)
1 (45.690656538233206,-73.61760482811167)
1 (45.297003432719464,-73.67496172984843)
1 (45.34259156966023,-73.54724277157119)
1 (45.59340893500241,-73.41180877397322)
1 (45.39666730436733,-73.73919802643286)
1 (45.50687234360309,-73.68857724581487)
1 (45.64167104250325,-73.3493792180521)
1 (45.62204532808029,-73.65380636176303)
1 (45.57663574749036,-73.58549102023444)
1 (45.56034280598241,-73.29158065950115)
1 (45.46741495875563,-73.59102755500554)
1 (45.7313557085183,-73.56276344949646)
1 (45.55334371685022,-73.35027276115564)
1 (45.60044612356541,-73.42007388108672)
1 (45.46051918588382,-73.45169505682634)
1 (45.33594354708727,-73.68649443418495)
1 (45.339660544434565,-73.34741605344743)
1 (45.418598870042175,-73.51647589759243)
1 (45.34855874878075,-73.28110159140232)
1 (45.405816504207486,-73.37376250693121)
1 (45.34180197541003,-73.32566591299594)
1 (45.54367278476933,-73.6583903826407)
1 (45.5137640243599,-73.47559812395357)
1 (45.310842640704074,-73.29851775367916)
1 (45.26476814802926,-73.4765126040174)
1 (45.26029429798484,-73.29022604806175)
1 (45.72488994155337,-73.54669355052437)
1 (45.69697539028168,-73.32028638971869)
1 (45.67503859308603,-73.35194631233145)
1 (45.29270201558953,-73.74311644432922)
1 (45.550756377517864,-73.53598644284796)
1 (45.69307550175183,-73.30375800908615)
1 (45.30060250798339,-73.28389025579389)
1 (45.515490115414806,-73.60368634708003)
1 (45.59803774154919,-73.30579869422479)
1 (45.372157982094784,-73.39561764618242)
1 (45.27340226431943,-73.27210912746564)
1 (45.67756592168326,-73.36721132866865)
1 (45.34088003064142,-73.60980800203698)
1 (45.51589225211448,-73.63166969838755)
1 (45.644268474836,-73.68238978013243)
1 (45.25064962075745,-73.68571757377902)
1 (45.43492338916946,-73.72297600145062)
1 (45.356183579296115,-73.62230030955344)
1 (45.625424545107386,-73.47179100677388)
1 (45.63864447056511,-73.39656874293568)
1 (45.53330825174032,-73.2850688853462)
1 (45.59266395864655,-73.43932542334109)
1 (45.64063903208914,-73.53275926971726)
1 (45.60920535131217,-73.39208676039806)
1 (45.74724332148388,-73.38706743306219)
1 (45.609920494951524,-73.70227110255848)
1 (45.388103708826755,-73.62290724424994)
1 (45.43383407320178,-73.2657534755655)
1 (45.5187133845973,-73.30476336867348)
1 (45.44328954291132,-73.73713306642065)
1 (45.746115698422756,-73.72225217471279)
1 (45.347829277594826,-73.54553986948642)
1 (45.29790520968875,-73.65883880375182)
1 (45.66704450585194,-73.55566252245056)
1 (45.47664163244132,-73.53471068160549)
1 (45.566419306351925,-73.69990999774275)
1 (45.542929536459724,-73.65572579336342)
1 (45.503805746914004,-73.27822477928083)
1 (45.30684198450726,-73.725647185364)
1 (45.71840602852934,-73.47704624072041)
1 (45.68441732404055,-73.43854271182187)
1 (45.579000345778184,-73.49827788471316)
1 (45.59363387327996,-73.36227255181377)
1 (45.6836477197719,-73.51284291470115)
1 (45.322568460958834,-73.45240444342426)
1 (45.369200210708904,-73.461517935483)
1 (45.40137007205206,-73.398690024376)
1 (45.445709292774694,-73.51821504947964)
1 (45.54923090216446,-73.60340326232644)
1 (45.51816637210724,-73.30773807584342)
1 (45.447712887956925,-73.42238521566847)
1 (45.696007776716016,-73.73126924810565)
1 (45.412588520772445,-73.36555715464141)
1 (45.31942775501318,-73.49844791709762)
1 (45.49778050274851,-73.25395707084157)
1 (45.55078136265982,-73.69488349778516)
1 (45.667035680925586,-73.36502266180807)
1 (45.28922244673823,-73.4283003765675)
1 (45.41164431520322,-73.36688671312672)
1 (45.3672099910614,-73.29524269480301)
1 (45.57581674865769,-73.34586890518173)
1 (45.37862970863942,-73.5933727612599)
1 (45.675255111800375,-73.46914091629954)
1 (45.27001574249507,-73.37187698719447)
1 (45.659008565785655,-73.29670977776146)
1 (45.498720751941235,-73.56434897923401)
1 (45.36987641574129,-73.4634072598216)
1 (45.62487104871576,-73.58474960489613)
1 (45.40442412233778,-73.39249123495196)
1 (45.657556426033565,-73.38764970765693)
1 (45.66010299370044,-73.3777577076376)
1 (45.3199429218434,-73.5989411134653)
1 (45.58401541901886,-73.28073040577928)
1 (45.63285993973506,-73.4125575085842)
1 (45.50554267292829,-73.7335375434574)
1 (45.3419012225073,-73.52247701069277)
1 (45.44335384090118,-73.61650355704103)
1 (45.72919284963174,-73.41738362086934)
1 (45.42623966044077,-73.69227648173063)
1 (45.257719280223405,-73.40784552396698)
1 (45.656765940709704,-73.62547960573325)
1 (45.29346221618791,-73.28272339316246)
1 (45.2769174088817,-73.69841895792395)
1 (45.33859476390699,-73.5027524047802)
1 (45.56570288956057,-73.34929632026812)
1 (45.2875872921247,-73.3348472540398)
1 (45.61011922451834,-73.7096702720224)
1 (45.68731910461788,-73.31065972352056)
1 (45.3429217282146,-73.6025757456372)
1 (45.34215369219174,-73.35727401658629)
1 (45.3333246656816,-73.48175567454653)
1 (45.35542349882591,-73.39665543486389)
1 (45.35005650906673,-73.54587607871588)
1 (45.339883278442365,-73.64357343955005)
1 (45.49011988613306,-73.74938913233676)
1 (45.561429693710814,-73.74920066102986)
1 (45.581157413504414,-73.65387654749034)
1 (45.70274780326998,-73.33944489081969)
1 (45.62050012440703,-73.52024863615368)
1 (45.746533549256704,-73.38330148184252)
1 (45.70977604288923,-73.73309241981995)
1 (45.681554525689585,-73.69711909867313)
1 (45.28038232597197,-73.57375506674289)
1 (45.32904967923809,-73.74565225709108)
1 (45.38217496406953,-73.51841690040705)
1 (45.571831824495625,-73.74012960930624)
1 (45.425406140237456,-73.63145133612663)
1 (45.64394513978074,-73.35729711739415)
1 (45.52423968905191,-73.25278676219067)
1 (45.4048430498572,-73.71150118568458)
1 (45.48910137238343,-73.54077875744066)
1 (45.678790389363044,-73.50435679434945)
1 (45.55467107660697,-73.52926865337501)
1 (45.28755659600365,-73.55340166564334)
1 (45.61049997185044,-73.68904756496993)
1 (45.342455567172294,-73.66236739264465)
1 (45.52203651052596,-73.54986301199115)
1 (45.69040044028668,-73.54130444349845)
1 (45.59127078275375,-73.73939825830453)
1 (45.627880347209356,-73.71477815197687)
1 (45.30825771191842,-73.33032221255301)
1 (45.60662925420687,-73.57070823092997)
1 (45.287455074730396,-73.65555099401797)
1 (45.655245269769594,-73.4011550361496)
1 (45.66611352909176,-73.25528017100397)
1 (45.632132149151325,-73.46946110866328)
1 (45.26588108320699,-73.35713947899728)
1 (45.7068729604305,-73.3056369550509)
1 (45.483335744941954,-73.26298999898769)
1 (45.63950921830965,-73.58373571469937)
1 (45.680335544070076,-73.72242663725564)
1 (45.49018704504173,-73.57119156491487)
1 (45.29087594364778,-73.31396671384718)
1 (45.345245045548594,-73.26070239808053)
1 (45.447570559760074,-73.53019859748925)
1 (45.490057234177726,-73.40021756805447)
1 (45.65792177089584,-73.67283187478267)
1 (45.69380721232726,-73.72594726217348)
1 (45.428223666286584,-73.30763415772537)
1 (45.39685835202128,-73.27704019297187)
1 (45.741240461790596,-73.40765693178005)
1 (45.60749799205962,-73.72868195998437)
1 (45.4427294270104,-73.42594633765302)
1 (45.721571712357495,-73.72284698837593)
1 (45.38142798185262,-73.38610234027973)
1 (45.27588740084215,-73.70279210215739)
1 (45.577300612679565,-73.6605931116531)
1 (45.334256791735136,-73.26861063063983)
1 (45.263641778193744,-73.42264906801006)
1 (45.283655581611654,-73.56677115134725)
1 (45.36005704397064,-73.30785410075806)
1 (45.28722144973811,-73.70654559883101)
1 (45.285395236678085,-73.6062196475383)
1 (45.50067276888216,-73.6605867492993)
1 (45.512380286407414,-73.32457002971002)
1 (45.40921868740215,-73.5556458229038)
1 (45.39899215880706,-73.7124853972377)
1 (45.283145001115884,-73.69252620504096)
1 (45.605572292534845,-73.33284200674434)
1 (45.281998189994034,-73.55184980528382)
1 (45.32117916414771,-73.48015684128917)
1 (45.65965347397449,-73.44406815384805)
1 (45.57789619239634,-73.706487331685)
1 (45.335540753222034,-73.34838051142441)
1 (45.62759421655838,-73.40555417120835)
1 (45.300916010704675,-73.35582723087413)
1 (45.69207711485046,-73.33104878194499)
1 (45.42330361185219,-73.48680652583924)
1 (45.37458949668082,-73.58475457462548)
1 (45.697098419969926,-73.49261860891846)
1 (45.63834156487561,-73.5041542496563)
1 (45.36380496723928,-73.57437164625625)
1 (45.516006643864074,-73.50761338929284)
1 (45.59150409444765,-73.26068921069343)
1 (45.61307307176058,-73.31802354168701)
1 (45.559875714120906,-73.47813958003557)
1 (45.50748245960398,-73.58295585961854)
1 (45.34446992225218,-73.62516267230963)
1 (45.32816253274679,-73.74091942811164)
1 (45.431906510446495,-73.72150074040758)
1 (45.61586330800534,-73.54923648722892)
1 (45.526296622359084,-73.45074470070125)
1 (45.531131164460334,-73.48933941934115)
1 (45.526418358227716,-73.64358797431208)
1 (45.57630627927343,-73.29996270442962)
1 (45.66304153511277,-73.46373584583097)
1 (45.74110442336989,-73.65774562197468)
1 (45.2862848205558,-73.25714805920728)
1 (45.364645243708644,-73.52817990304567)
1 (45.68400225838996,-73.70839853528757)
1 (45.53071467722341,-73.44762910515067)
1 (45.593933897485684,-73.61541598316849)
1 (45.47759989573831,-73.46931458103842)
1 (45.74471891835691,-73.74572518722478)
1 (45.30901120104105,-73.71270604922796)
1 (45.323857838669596,-73.37353866310622)
1 (45.73840595643788,-73.396672501544)
1 (45.7243234616677,-73.71765436473837)
1 (45.68545517158406,-73.41204221660831)
1 (45.26575891916522,-73.60509519365473)
1 (45.27044467505368,-73.39888880926989)
1 (45.32106394803141,-73.2747817913554)
1 (45.620078066238854,-73.43790282654106)
1 (45.40465930356411,-73.30926037469291)
1 (45.40644968994592,-73.3436268610591)
1 (45.294832054906635,-73.74061307524882)
1 (45.68988160589737,-73.66012461586507)
1 (45.669303177602465,-73.41915839025621)
1 (45.425869385738956,-73.30682277143764)
1 (45.53052184403186,-73.2604051369395)
1 (45.42655710015523,-73.40380708184719)
1 (45.3851792239711,-73.49695360659402)
1 (45.637962952383745,-73.6217724634824)
1 (45.72104796802251,-73.55764304281301)
1 (45.30560263615729,-73.45211953633536)
1 (45.293491587959146,-73.67622525409752)
1 (45.45320817488616,-73.57735809543988)
1 (45.59385147477649,-73.29619930254303)
1 (45.591916069994994,-73.54102113502367)
1 (45.62240746552766,-73.28717300928118)
1 (45.710599096076045,-73.6697107763677)
1 (45.72972114577531,-73.42122233647383)
1 (45.37194193788484,-73.68769056692702)
1 (45.321909381216635,-73.47520009625683)
1 (45.65341175625949,-73.68660652691082)
1 (45.647758805419265,-73.72680109282287)
1 (45.72745044347273,-73.5694623629714)
1 (45.69858041141601,-73.49842112132356)
1 (45.571016021743844,-73.27889211908767)
1 (45.455316451802204,-73.27345272564678)
1 (45.631026716724655,-73.54506662428167)
1 (45.311650334722685,-73.2646412489367)
1 (45.74931169490226,-73.5482379337374)
1 (45.48673342627212,-73.65347999678208)
1 (45.268348355462095,-73.28496912534767)
1 (45.61663086433124,-73.54335373523874)
1 (45.497367033251194,-73.5555145253826)
1 (45.47970184098687,-73.47724560700188)
1 (45.61732937422216,-73.3526086559801)
1 (45.46786820867586,-73.66330255780055)
1 (45.642837784525916,-73.5290899325763)
1 (45.46308821731574,-73.32841001901707)
1 (45.73920886579876,-73.45332839704984)
1 (45.71634091038036,-73.38115725088805)
1 (45.513744816798905,-73.42734438995947)
1 (45.65503958782363,-73.3111798173758)
1 (45.36166221329741,-73.44279832430728)
1 (45.264031235810805,-73.48184654706684)
1 (45.54918861081334,-73.38469958068099)
1 (45.2952021599749,-73.68761345473705)
1 (45.45901324374167,-73.56172541664867)
1 (45.561198098815105,-73.54609787858077)
1 (45.30657852593883,-73.44545904442806)
1 (45.459880626655774,-73.47803123958222)
1 (45.65962531380082,-73.73864855509292)
1 (45.65787979466957,-73.69572959636193)
1 (45.25795520750421,-73.36475681638899)
1 (45.53396627008098,-73.27257643346724)
1 (45.43554940947751,-73.67761508627603)
1 (45.54595455389369,-73.50224268071112)
1 (45.39298400593637,-73.63091113963921)
1 (45.63846203731566,-73.37697437620875)
1 (45.65450756697479,-73.32253583614376)
1 (45.65308711372204,-73.61925895424338)
1 (45.27119780153715,-73.73847987551213)
1 (45.437432611043924,-73.29053644377723)
1 (45.69928950659146,-73.66501537256129)
1 (45.47488936532347,-73.57435254506052)
1 (45.291067109052335,-73.61631500951407)
1 (45.37320768734248,-73.38945577591676)
1 (45.48464079059026,-73.73745461171929)
1 (45.45662324102871,-73.53082159211874)
1 (45.56847577018324,-73.48991249363999)
1 (45.50366651016781,-73.56344165649557)
1 (45.32672056452614,-73.50822244412075)
1 (45.36077400023949,-73.70494698173152)
1 (45.44218023858004,-73.33235483382501)
1 (45.74043191529362,-73.42873930106796)
1 (45.745206958285685,-73.27069334464277)
1 (45.48182197769741,-73.4992849991426)
1 (45.74883064998336,-73.43314300238994)
1 (45.4118018179228,-73.61558213954241)
1 (45.40312835906191,-73.49294781754632)
1 (45.6945409267087,-73.28754084429632)
1 (45.63513184224072,-73.48921464090635)
1 (45.69924644513961,-73.50312327020558)
1 (45.514498598987856,-73.46993258504884)
1 (45.44715111413527,-73.66156977280592)
1 (45.299722283171086,-73.49744539783484)
1 (45.62129934800912,-73.64989302025998)
1 (45.67483430318078,-73.49487729955202)
1 (45.435655288572406,-73.32605284477467)
1 (45.68234922374108,-73.60293031793324)
1 (45.36367032685144,-73.54282955362093)
1 (45.694632295634115,-73.64176482597567)
1 (45.320685615193476,-73.70139412815179)
1 (45.74291810530645,-73.43234214641518)
1 (45.37940842743255,-73.66292936799786)
1 (45.640885528501116,-73.62565178860804)
1 (45.47318973220975,-73.67038609713458)
1 (45.59799434094217,-73.31666334937142)
1 (45.307943093170266,-73.7405644394666)
1 (45.416715279470445,-73.5826363283408)
1 (45.36028404105202,-73.27919033679392)
1 (45.407335592746925,-73.6825889183254)
1 (45.38683158266853,-73.44851310615236)
1 (45.33419809395343,-73.48627002919473)
1 (45.30760236659575,-73.57818029816018)
1 (45.52803275827757,-73.26689652574228)
1 (45.65504092766838,-73.65575141570201)
1 (45.260465242860356,-73.29221072531085)
1 (45.49946807345942,-73.663192898297)
1 (45.57883770976829,-73.68308125209968)
1 (45.371592291134206,-73.74005175621951)
1 (45.54215325836719,-73.27791319574199)
1 (45.703217852928724,-73.35273604860097)
1 (45.682255816750846,-73.7445514848671)
1 (45.69839611604776,-73.33243588649839)
1 (45.538283158262644,-73.41915455880219)
1 (45.32900516595379,-73.31169876056907)
1 (45.27698165708373,-73.32368301256163)
1 (45.32110595815611,-73.74152896543299)
1 (45.716646954804446,-73.52019130252864)
1 (45.56141159774989,-73.30711087129302)
1 (45.5182557421156,-73.40102814892057)
1 (45.306819426773565,-73.68086164801396)
1 (45.39377929336816,-73.68934468478231)
1 (45.42419424728478,-73.65649924281368)
1 (45.408720590210486,-73.33397676507204)
1 (45.622453929443495,-73.29716703777889)
1 (45.3235923511562,-73.62681159227878)
1 (45.26449709053348,-73.30438713859346)
1 (45.427354112195715,-73.74916604611762)
1 (45.36262582709918,-73.37271935823314)
1 (45.464752359065436,-73.56649752129519)
1 (45.267854720180196,-73.33748396279019)
1 (45.54905857217955,-73.33793599529474)
1 (45.36086067690317,-73.44976128584842)
1 (45.38187550817759,-73.5886687283664)
1 (45.74031634476912,-73.62411191285386)
1 (45.67248321023415,-73.70912742390146)
1 (45.482963128426235,-73.50006675872547)
1 (45.360621741806476,-73.39522025469448)
1 (45.519018364301886,-73.63841661564568)
1 (45.59865855569749,-73.32851928251354)
1 (45.5263741019164,-73.63768621470419)
1 (45.44176421319267,-73.51435687631006)
1 (45.49753347606408,-73.40490862915162)
1 (45.32802071503026,-73.44920239577652)
1 (45.27434390745159,-73.74792092027072)
1 (45.70431286880151,-73.2764837619406)
1 (45.37732456434864,-73.37388254098832)
1 (45.56840359965141,-73.31218622906005)
1 (45.37874893745152,-73.28057366069463)
1 (45.252769933589725,-73.27810366338154)
1 (45.38163142844128,-73.41326069106019)
1 (45.47157736651256,-73.27153579023552)
1 (45.37038046095734,-73.33052219570035)
1 (45.4885957470208,-73.42551761776564)
1 (45.29311852430479,-73.47740829799416)
1 (45.740911085263654,-73.3733353507433)
1 (45.72053331234207,-73.50366276973284)
1 (45.37096285657935,-73.52512600515291)
1 (45.301611785503134,-73.38846690867739)
1 (45.37773781908841,-73.2927759960787)
1 (45.50272291717856,-73.4412702040558)
1 (45.496876553069114,-73.26212678809986)
1 (45.27325270252761,-73.54075300640395)
1 (45.45900018149077,-73.40866382769843)
1 (45.3283584367524,-73.25082181131414)
1 (45.455740078545226,-73.28440784741049)
1 (45.6773977297911,-73.71376874538441)
1 (45.463754619440756,-73.6696456439376)
1 (45.355200500023315,-73.46633157411696)
1 (45.538442396867175,-73.4834303115085)
1 (45.53259125533218,-73.55437158379459)
1 (45.29111235477582,-73.28144910447834)
1 (45.292431382753605,-73.53624193630614)
1 (45.50604694026245,-73.43889971540236)
1 (45.357940109362836,-73.66364964528147)
1 (45.73719530504662,-73.61943412772868)
1 (45.45116586046343,-73.71191962239011)
1 (45.74815918835982,-73.36902183825333)
1 (45.74121779827267,-73.59904994245565)
1 (45.32368500138498,-73.64575241016912)
1 (45.51423097863626,-73.58480276302707)
1 (45.28605143720265,-73.30314018590363)
1 (45.26002666746624,-73.47730599054019)
1 (45.495542612241415,-73.48541205916916)
1 (45.324042553327054,-73.39524590222483)
1 (45.70062265567952,-73.56855196364957)
1 (45.61734602690937,-73.73871194843011)
1 (45.330478288010305,-73.69054406814386)
1 (45.61240691009226,-73.61110987729418)
1 (45.690271805509,-73.55829924857157)
1 (45.47779434217819,-73.5082900798281)
1 (45.52774782735679,-73.59716757712387)
1 (45.72107567811936,-73.64914357563137)
1 (45.588762473787064,-73.62173257550985)
1 (45.61593373722857,-73.36439831035779)
1 (45.5688549808463,-73.5537508003459)
1 (45.48688189043,-73.48720412350757)
1 (45.29815721286041,-73.29464344855728)
1 (45.612944766393035,-73.7003249676177)
1 (45.567737262305464,-73.67586449315665)
1 (45.590285605640545,-73.2903627530848)
1 (45.716899484963,-73.46076294372924)
1 (45.46299976515291,-73.73941734969243)
1 (45.45301357979022,-73.6562247988588)
1 (45.291156903548135,-73.54894291401219)
1 (45.36812152814797,-73.41142305251789)
1 (45.575662763269975,-73.63929115320445)
1 (45.749871821085456,-73.53442238877042)
1 (45.60062480157669,-73.6015376560296)
1 (45.55825610428208,-73.64517780160566)
1 (45.28564415434108,-73.4956676113144)
1 (45.354174359159835,-73.70563474730227)
1 (45.562819687306096,-73.29105324008833)
1 (45.52103033015106,-73.6241809511818)
1 (45.60623816123957,-73.43138512315865)
1 (45.31635976523724,-73.32261850414835)
1 (45.445337884899466,-73.37682559090862)
1 (45.62691980203725,-73.57911717675209)
1 (45.58777141444143,-73.33113239276992)
1 (45.27771874333716,-73.62027865421837)
1 (45.26225622259792,-73.70085672357199)
1 (45.363140913069394,-73.32948352570962)
1 (45.267390522512656,-73.65744981799195)
1 (45.32662251061554,-73.56711156368237)
1 (45.67852467893067,-73.48121792470666)
1 (45.4142597487949,-73.46101820629337)
1 (45.321516933129146,-73.65854610645532)
1 (45.667281663435496,-73.62281862883292)
1 (45.46956547027343,-73.48066644460953)
1 (45.29849550125228,-73.5770733474659)
1 (45.65729715389553,-73.65347694480745)
1 (45.618613645465835,-73.25638746750876)
1 (45.33490645251207,-73.6735228571172)
1 (45.63979655975149,-73.7157287836113)
1 (45.304376456245535,-73.45523256042802)
1 (45.58579710733146,-73.25393749115901)
1 (45.48967712866392,-73.40885563122828)
1 (45.280767542740264,-73.39944372982778)
1 (45.59332417266856,-73.3672811694608)
1 (45.27209098726609,-73.72062680807224)
1 (45.58279530285174,-73.44302006756376)
1 (45.56652514956725,-73.65904305526382)
1 (45.73203876642438,-73.56411505726113)
1 (45.52349677738009,-73.55591722016767)
1 (45.61567256444934,-73.58959829640492)
1 (45.254561189652314,-73.748835262416)
1 (45.51646072066062,-73.54134621430933)
1 (45.323841816169654,-73.55649431975246)
1 (45.660266631618065,-73.60978727805386)
1 (45.63069076100713,-73.6446588463101)
1 (45.53692143727098,-73.69589844132722)
1 (45.58286188189036,-73.67613939276275)
1 (45.30030885353697,-73.3412817145978)
1 (45.5361638126818,-73.291654070703)
1 (45.3664562482881,-73.47184274606553)
1 (45.48486120681816,-73.34685019822248)
1 (45.34453474780915,-73.43869864618398)
1 (45.6360180817071,-73.4435569060074)
1 (45.34240969662136,-73.38242293432336)
1 (45.29052799703091,-73.6405073490642)
1 (45.485745980380415,-73.47359075637029)
1 (45.38375171733921,-73.31031208039515)
1 (45.67766105109791,-73.59381824374428)
1 (45.60948353675545,-73.42538324856142)
1 (45.70453162347455,-73.5170950739772)
1 (45.26239348259357,-73.60580209681488)
1 (45.262798492013914,-73.63118993412648)
1 (45.286143159353585,-73.54679037829796)
1 (45.34147710260667,-73.70326412208266)
1 (45.507048946457736,-73.46248908169785)
1 (45.6455697570657,-73.64255867161545)
1 (45.66646702615634,-73.43616595525322)
1 (45.3866887166077,-73.64612631706963)
1 (45.6390004263846,-73.55476635906587)
1 (45.298937598186065,-73.53105962424186)
1 (45.638178991494456,-73.42788965334606)
1 (45.66046199643517,-73.4585224411255)
1 (45.26643923229155,-73.64781665679362)
1 (45.41406809620045,-73.64112207264576)
1 (45.462031513761076,-73.43813141819246)
1 (45.68392199159421,-73.49576512148796)
1 (45.731907930688955,-73.66377366365035)
1 (45.57957991188222,-73.55912048697705)
1 (45.53669497653616,-73.53502613374908)
1 (45.66346358230609,-73.32216824041944)
1 (45.31153104977808,-73.73198408601722)
1 (45.33338270286069,-73.46404395204476)
1 (45.36484924922343,-73.30447213607063)
1 (45.63782000683082,-73.2734930415667)
1 (45.296112208637645,-73.5651667478167)
1 (45.69843278123611,-73.33873067191263)
1 (45.61305589965821,-73.2908502918748)
1 (45.461587638751276,-73.36335782315986)
1 (45.40917579704122,-73.37826598313313)
1 (45.43873407371707,-73.72721467815771)
1 (45.28298890676334,-73.6669607004727)
1 (45.42403519244964,-73.65665825565418)
1 (45.64203142371779,-73.44179577937896)
1 (45.39691261932198,-73.59873129045006)
1 (45.63660232668988,-73.6624737181321)
1 (45.42702554432026,-73.60804494977262)
1 (45.71093912176206,-73.73647193911246)
1 (45.39969264038315,-73.25392861385781)
1 (45.64281264503551,-73.65519234480482)
1 (45.27087815050958,-73.7385052864757)
1 (45.466453569985,-73.55092886364781)
1 (45.34260244052151,-73.58383149860109)
1 (45.33827430955577,-73.70442265365926)
1 (45.722000259903005,-73.39809645891718)
1 (45.710025367339995,-73.73931794716623)
1 (45.69023801259361,-73.36710522058195)
1 (45.61982634359907,-73.68074937413004)
1 (45.661115160194285,-73.7378764361633)
1 (45.497937481379296,-73.73058447131673)
1 (45.25341273321356,-73.66616552820614)
1 (45.61118817332738,-73.52151329774948)
1 (45.735915324206665,-73.38907977265715)
1 (45.63765510531662,-73.25621976177231)
1 (45.72952122429188,-73.25768198972332)
1 (45.371482967559594,-73.51628747218695)
1 (45.56696882468642,-73.72258528240486)
1 (45.706666906814746,-73.63828567926949)
1 (45.617445262730286,-73.40802157344929)
1 (45.33816636625455,-73.40164909490461)
1 (45.680707037474875,-73.43672220011703)
1 (45.54889585464529,-73.3545080762117)
1 (45.74333028437579,-73.67917925726056)
1 (45.521938982152285,-73.41954386696443)
1 (45.468321759135755,-73.59646194141399)
1 (45.32875781868092,-73.4722363323427)
1 (45.25856012867971,-73.32574255129659)
1 (45.59622054041465,-73.36853982642863)
1 (45.594399822273864,-73.62204219236185)
1 (45.347945894674055,-73.41806564154885)
1 (45.59625867074793,-73.71843689789785)
1 (45.64876400725626,-73.55226740326177)
1 (45.40412347990829,-73.60007022810638)
1 (45.45501877221682,-73.42491907016388)
1 (45.497645908996795,-73.60479870978034)
1 (45.4879877027921,-73.40434263694581)
1 (45.50286453410261,-73.6651524181145)
1 (45.502871168116705,-73.37338620412156)
1 (45.34457712157344,-73.39252292479328)
1 (45.52160351439941,-73.4440704589037)
1 (45.307000379632605,-73.57509667250395)
1 (45.4341643939885,-73.61911520788935)
1 (45.659592909349406,-73.51603214000895)
1 (45.35011947776638,-73.59222484310685)
1 (45.48978012043307,-73.47773477579499)
1 (45.69979538204527,-73.27305533232072)
1 (45.259808377293105,-73.3218138868418)
1 (45.342794644485,-73.25120274558901)
1 (45.371068829021446,-73.7424114854995)
1 (45.34048202554736,-73.27634652672108)
1 (45.675969566327986,-73.28307319562747)
1 (45.58862453688794,-73.42884871447258)
1 (45.42479819232156,-73.6041872189467)
1 (45.68654319142008,-73.48665318108895)
1 (45.573005197492115,-73.72924721624983)
1 (45.73993521702058,-73.56024699809772)
1 (45.70295143154579,-73.74380128399173)
1 (45.255951436587374,-73.3677389034222)
1 (45.5334019559901,-73.65092871169567)
1 (45.39116411771086,-73.55677808873978)
1 (45.599910929549104,-73.30144247328118)
1 (45.55573649123438,-73.74907901904915)
1 (45.68973138812883,-73.51574541836813)
1 (45.260405815365104,-73.4867365257799)
1 (45.505996382532395,-73.69737381753455)
1 (45.61681776778888,-73.49730787196324)
1 (45.317656463639345,-73.40574212356603)
1 (45.56630070246277,-73.6668068473858)
1 (45.5240218983329,-73.50745865651676)
1 (45.71734388805396,-73.31629769335204)
1 (45.62574606636624,-73.66181215221147)
1 (45.61784497407132,-73.31869462260077)
1 (45.54769989915737,-73.51663446180763)
1 (45.37461746120493,-73.26766594966126)
1 (45.60342548445322,-73.59572551183919)
1 (45.25969974106811,-73.32020930761168)
1 (45.625720172764424,-73.44838175258289)
1 (45.31068321311612,-73.47850799126408)
1 (45.41339094321406,-73.70530013088492)
1 (45.44057758380749,-73.45509592142393)
1 (45.660331956029076,-73.74323463909529)
1 (45.721657442685824,-73.3781519848566)
1 (45.43981641200528,-73.70326347281372)
1 (45.29728464576736,-73.44091242255003)
1 (45.614257480577365,-73.63437997371724)
1 (45.30587725952721,-73.68073285006726)
1 (45.72868079161946,-73.54535101700512)
1 (45.27199630896738,-73.38924950999328)
1 (45.5247648532483,-73.6433921098948)
1 (45.63094733654987,-73.70538225418133)
1 (45.68154356077878,-73.5181888628589)
1 (45.40534473323199,-73.72758992757376)
1 (45.74872849618001,-73.49414992477428)
1 (45.544762590821726,-73.50083140409481)
1 (45.48909702177531,-73.32250702626934)
1 (45.57289620050786,-73.48710400605412)
1 (45.48750524652002,-73.31798315428009)
1 (45.46058483543465,-73.61622351431026)
1 (45.415823361673276,-73.46223045023855)
1 (45.55759647552832,-73.73567833212238)
1 (45.26545428467733,-73.39809478953714)
1 (45.4712514469602,-73.73493298438679)
1 (45.67208441952545,-73.62499457817367)
1 (45.47576241833228,-73.31047452083301)
1 (45.66092898739073,-73.57630657969136)
1 (45.37259425885668,-73.26318789271048)
1 (45.73497261816273,-73.61463238870368)
1 (45.699197698577116,-73.37931478312342)
1 (45.713568818651744,-73.32017425963632)
1 (45.30114683344734,-73.34029294803102)
1 (45.60425088767924,-73.27117968468133)
1 (45.541011066945075,-73.73519141029328)
1 (45.55671934358088,-73.32351964828253)
1 (45.31621810303892,-73.61224962111473)
1 (45.60470987898432,-73.68894564323956)
1 (45.59771502240688,-73.60319678883262)
1 (45.44880867573581,-73.38842635881183)
1 (45.38141070043828,-73.485570370717)
1 (45.471270506885396,-73.41819531153425)
1 (45.265183192806276,-73.61417100415632)
1 (45.50250816355343,-73.71174589029913)
1 (45.32566185395241,-73.45308376445557)
1 (45.57815999813861,-73.71099120032899)
1 (45.5710444202662,-73.47436384407138)
1 (45.53550582384485,-73.57416124075013)
1 (45.48888526771234,-73.45852762112915)
1 (45.29848955471159,-73.74674052221823)
1 (45.591091820451375,-73.73540810034687)
1 (45.59172027216587,-73.30485470290364)
1 (45.38229182142812,-73.64172665096241)
1 (45.6055617294641,-73.64799524527078)
1 (45.3422848183641,-73.44390094568554)
1 (45.306783557399186,-73.26982673325291)
1 (45.31846744708537,-73.68115188050953)
1 (45.652235702722244,-73.47205160947267)
1 (45.6699222620698,-73.3248904521051)
1 (45.4166209297676,-73.50691293933932)
1 (45.591286154526436,-73.32565835732379)
1 (45.689678508523045,-73.7388961463665)
1 (45.2715649336788,-73.52856392744494)
1 (45.33295553610735,-73.50554582617835)
1 (45.41073642559075,-73.58219840249873)
1 (45.31183038782912,-73.43104497220081)
1 (45.62528535409008,-73.34443505032512)
1 (45.334566470226754,-73.5043083431462)
1 (45.422738989735706,-73.40130689501265)
1 (45.636912373369874,-73.27582330930476)
1 (45.714823144943864,-73.66232670751587)
1 (45.548127952387304,-73.55432603982467)
1 (45.26903431629675,-73.5771557777509)
1 (45.662304227529404,-73.49563199482581)
1 (45.56922402682827,-73.33444627935098)
1 (45.517458032204715,-73.47154475664881)
1 (45.26721766121909,-73.45397443677574)
1 (45.65412091616864,-73.58674800232642)
1 (45.25954055699924,-73.46785040752872)
1 (45.28500483115089,-73.67594062532746)
1 (45.4160000294971,-73.40563299843177)
1 (45.55781561686734,-73.56220570930022)
1 (45.62017282349475,-73.55159598720834)
1 (45.53439840230481,-73.29070935330981)
1 (45.55577309604445,-73.43018528153874)
1 (45.54113750780349,-73.46930591747716)
1 (45.58742709831973,-73.6978743544159)
1 (45.46789646567688,-73.74948166040042)
1 (45.639556166834474,-73.57616840828122)
1 (45.405772421437355,-73.36729936270368)
1 (45.67287067030792,-73.6514254441948)
1 (45.717552011073394,-73.5346116443554)
1 (45.69440333851785,-73.29245578496992)
1 (45.72899448628302,-73.32579171754183)
1 (45.71406089386476,-73.59652894639443)
1 (45.713930963495486,-73.54458508139801)
1 (45.67834908364315,-73.66846054196607)
1 (45.72165682975901,-73.37941687180226)
1 (45.67022670027446,-73.66586911159779)
1 (45.56120803342447,-73.46359441985987)
1 (45.56297012538968,-73.40648611041578)
1 (45.41384961068702,-73.7493254233745)
1 (45.35548057424797,-73.43057035701557)
1 (45.59246888365803,-73.38132746916065)
1 (45.59664210088434,-73.74302087979967)
1 (45.40455328679231,-73.51703516084417)
1 (45.62713921631768,-73.52570030622175)
1 (45.40404664191676,-73.28601650135458)
1 (45.328568694472445,-73.41077390079175)
1 (45.53661553106113,-73.31119062299746)
1 (45.67173090493163,-73.44053721511742)
1 (45.29272108832619,-73.42879479353329)
1 (45.5986618182456,-73.60824835764113)
1 (45.48337957937414,-73.44277831181138)
1 (45.656267804930025,-73.37789879425212)
1 (45.64460837190484,-73.4324073990939)
1 (45.323350606878236,-73.31864977084489)
1 (45.35829245679875,-73.29934467755805)
1 (45.63736132938912,-73.46182904088845)
1 (45.44956964104292,-73.39232303087593)
1 (45.53239753958,-73.69492586666732)
1 (45.58382101769637,-73.6837636649628)
1 (45.74575853701965,-73.44794020642271)
1 (45.73996655758634,-73.59329392240653)
1 (45.736799780316275,-73.60273474272333)
1 (45.381003922927185,-73.65810065219702)
1 (45.28887788444632,-73.46570662058109)
1 (45.37759184481715,-73.33941062848898)
1 (45.332853829311574,-73.28813859028088)
1 (45.36596781340853,-73.32811976163562)
1 (45.538922334182224,-73.69700730801425)
1 (45.73760301403377,-73.27069850843932)
1 (45.37246161051583,-73.51181946466504)
1 (45.364735658023505,-73.37898125122511)
1 (45.59914799233812,-73.2702142788972)
1 (45.46328741629706,-73.41430284948089)
1 (45.65475620353236,-73.36661421913215)
1 (45.68265550160801,-73.54767613303032)
1 (45.36586640726572,-73.52412326151955)
1 (45.59048670071529,-73.59330954123944)
1 (45.71912521430223,-73.37016541024593)
1 (45.689777639441665,-73.59274454526664)
1 (45.72875857278979,-73.67102397081423)
1 (45.46550881465841,-73.69124801670483)
1 (45.44470998931866,-73.29948501817837)
1 (45.70850849985025,-73.69682506536405)
1 (45.27707888271214,-73.26320656532594)
1 (45.50535566080244,-73.6453235382404)
1 (45.58645882040299,-73.60922788309915)
1 (45.31486919056456,-73.61258162820532)
1 (45.404327121220504,-73.74220127853405)
1 (45.474094609723835,-73.41642558498354)
1 (45.70281219952955,-73.65047178675813)
1 (45.289686882409825,-73.73755508434783)
1 (45.328966501192205,-73.72504808937259)
1 (45.574201912164646,-73.55895916317401)
1 (45.55509825210461,-73.28180091278686)
1 (45.5810472877192,-73.67848608844874)
1 (45.6737660771693,-73.55689328002646)
1 (45.27670610165468,-73.38854612730434)
1 (45.683716605626906,-73.33948971540619)
1 (45.264336120198124,-73.74065643838404)
1 (45.371345489115875,-73.53420980172591)
1 (45.438959651403486,-73.6206431212871)
1 (45.49118855763953,-73.3085840082971)
1 (45.61119791656745,-73.65279543979774)
1 (45.28850019609613,-73.57793826309053)
1 (45.38386691281872,-73.72812321635766)
1 (45.2871519749893,-73.41167607607919)
1 (45.5037400955366,-73.71309845009914)
1 (45.58688547263347,-73.51084548782205)
1 (45.73939642447481,-73.64086800019346)
1 (45.375378769676715,-73.7071708399461)
1 (45.55531062325852,-73.41690432193066)
1 (45.46263703259145,-73.46839740786847)
1 (45.46220585358202,-73.28541709338575)
1 (45.38789332743356,-73.6638398091217)
1 (45.42417717199356,-73.50157864307938)
1 (45.53250663901842,-73.3474433021885)
1 (45.59420752094379,-73.33772188127209)
1 (45.69626978273993,-73.55345974165284)
1 (45.431436129958364,-73.71914968284429)
1 (45.25909068773122,-73.57200818821731)
1 (45.42590280498027,-73.4370503292325)
1 (45.35518643073594,-73.3783329734454)
1 (45.71947937516376,-73.52224387105218)
1 (45.43272993309009,-73.330490178722)
1 (45.36531342423475,-73.48408990415085)
1 (45.65831533737807,-73.42548611181665)
1 (45.312347115338476,-73.72386774581095)
1 (45.35265851137816,-73.31355981603882)
1 (45.43633777845667,-73.52129525035173)
1 (45.51162528555859,-73.41434413815217)
1 (45.564294755171396,-73.56658322227044)
1 (45.47498035945713,-73.35705814795173)
1 (45.455360478063305,-73.56852769114377)
1 (45.454176152065415,-73.57967669417171)
1 (45.60790208924386,-73.5116229359404)
1 (45.420051068628524,-73.26919045662154)
1 (45.559943104237924,-73.66203331976354)
1 (45.2814828940792,-73.40661349580917)
1 (45.53805280051129,-73.43349285183679)
1 (45.35684352096663,-73.49631252030927)
1 (45.388424556709275,-73.7198065981137)
1 (45.35152720655736,-73.60952568273883)
1 (45.69311244722159,-73.2806085838074)
1 (45.406875135710905,-73.6566063155775)
1 (45.334258707369976,-73.73138633512339)
1 (45.27849504037764,-73.32157003637717)
1 (45.5196330559652,-73.63751270098939)
1 (45.33527516611624,-73.34594191677904)
1 (45.42391797382361,-73.64513090724495)
1 (45.34431806121752,-73.33669283341396)
1 (45.63191253727214,-73.49921960358529)
1 (45.42156986317297,-73.49522266070386)
1 (45.4921905272929,-73.70101958173919)
1 (45.58309719806364,-73.62089045769211)
1 (45.30273681420804,-73.44323501766789)
1 (45.52776392796859,-73.43351022516042)
1 (45.453699462131326,-73.33202686114262)
1 (45.61848639485544,-73.68452328044475)
1 (45.746633040571865,-73.2597969407945)
1 (45.50629608027898,-73.68622670053819)
1 (45.59447208468019,-73.63211672074462)
1 (45.45911465827762,-73.28248002484116)
1 (45.681961922082266,-73.47588484599733)
1 (45.71544715398509,-73.41273038135841)
1 (45.43238725010739,-73.26390355688535)
1 (45.58212462323912,-73.28398930738965)
1 (45.28317723775816,-73.58354406161233)
1 (45.53477864748591,-73.26256228607976)
1 (45.32032913966315,-73.55402674397925)
1 (45.25990566572331,-73.42887525549884)
1 (45.25958076487036,-73.65807230960148)
1 (45.398179905010245,-73.30466007628604)
1 (45.590875336208555,-73.39928576336125)
1 (45.71009966161243,-73.56205406883439)
1 (45.42190063388944,-73.42661508513795)
1 (45.487102076790286,-73.5588365586117)
1 (45.66634751967148,-73.48158260442025)
1 (45.27395773782073,-73.31306851690488)
1 (45.72302134288365,-73.7227168489331)
1 (45.3515570153731,-73.53381928034473)
1 (45.683052830275784,-73.6647185464032)
1 (45.453125775337895,-73.562457050524)
1 (45.3841935062207,-73.63737498702088)
1 (45.351459103296044,-73.55114842813953)
1 (45.30354398650481,-73.3210918984198)
1 (45.25993715580356,-73.41175452330798)
1 (45.343051444092865,-73.55214323008191)
1 (45.435888329589744,-73.50922967116466)
1 (45.51572641798679,-73.71134387681185)
1 (45.46129060434666,-73.7489214579006)
1 (45.38476675849966,-73.61483159505623)
1 (45.402852524653035,-73.61683893832593)
1 (45.34264034007568,-73.41499927564799)
1 (45.421191445221865,-73.37599858113845)
1 (45.4426660282844,-73.59334955230283)
1 (45.40712705978752,-73.50037596087952)
1 (45.51174603404026,-73.68514894187001)
1 (45.37203425336208,-73.54078355912348)
1 (45.679640742782176,-73.41823946242843)
1 (45.608750051321316,-73.46416350674555)
1 (45.25754053903181,-73.47522081888513)
1 (45.56970511779619,-73.58932689110888)
1 (45.58667761785121,-73.59944701957143)
1 (45.4797512079717,-73.5580890745071)
1 (45.55633355408198,-73.26088652170112)
1 (45.41258159318347,-73.33104374042816)
1 (45.459837313262334,-73.57787563722985)
1 (45.41169241725545,-73.48188605908645)
1 (45.717011065500245,-73.65515027817953)
1 (45.72950849953449,-73.58323858314273)
1 (45.74200991501068,-73.44727167360682)
1 (45.391598243124264,-73.73035118316089)
1 (45.37661462085694,-73.68966710637179)
1 (45.56682762029282,-73.73683961282524)
1 (45.34077495938049,-73.35698728727611)
1 (45.63885446416166,-73.25879500886931)
1 (45.57456429180975,-73.51033715564519)
1 (45.42953961158427,-73.56013969647206)
1 (45.65869450016289,-73.28116792072396)
1 (45.72065272393584,-73.32302263307095)
1 (45.70435369771952,-73.61022295862941)
1 (45.556675930664134,-73.33234084603943)
1 (45.69736705918735,-73.7149111839434)
1 (45.2885594638233,-73.5231410938604)
1 (45.26654502427986,-73.59783667442731)
1 (45.43595927890849,-73.27369898942078)
1 (45.72157068962063,-73.73294402015335)
1 (45.703787228523844,-73.45549076668865)
1 (45.4718921595121,-73.37384399188953)
1 (45.38783035620392,-73.61406597928261)
1 (45.59482330884351,-73.72136513070947)
1 (45.443746510856705,-73.25199718466217)
1 (45.36842022780198,-73.46423167281377)
1 (45.67391929914733,-73.51662569435707)
1 (45.5226884074246,-73.467999373641)
1 (45.30745625958603,-73.66124059489731)
1 (45.291289491592586,-73.63298560875941)
1 (45.71003974519651,-73.44862106357506)
1 (45.56515419041865,-73.67191117621083)
1 (45.562391071578986,-73.70053981588717)
1 (45.55927177847567,-73.27232625585427)
1 (45.58878377969906,-73.46586903527611)
1 (45.40441435064081,-73.30762371691084)
1 (45.30034337458402,-73.28334735385599)
1 (45.466667682692375,-73.443548310108)
1 (45.74179581597372,-73.25286014679043)
1 (45.47937863817794,-73.65459078690472)
1 (45.39487860330617,-73.60125276401536)
1 (45.74449241193812,-73.31651146898307)
1 (45.69680354988788,-73.63523975760714)
1 (45.72324116129256,-73.67746823161674)
1 (45.5779614180219,-73.4148909203999)
1 (45.28975872592333,-73.63082927957304)
1 (45.50948414713861,-73.65646773180973)
1 (45.26543481022333,-73.31773181914855)
1 (45.27833138191739,-73.28305233293355)
1 (45.58668475935337,-73.67680273660005)
1 (45.57524371899924,-73.68545344300254)
1 (45.58429972786184,-73.63218841759621)
1 (45.489205822292746,-73.63429211952447)
1 (45.3686551795048,-73.6691457609665)
1 (45.6509883155195,-73.39696301034405)
1 (45.72179398411621,-73.5889273912794)
1 (45.557888384948235,-73.46033468615838)
1 (45.69476350458897,-73.26154920344605)
1 (45.541964406259545,-73.34159567243864)
1 (45.29657468714048,-73.70625898247093)
1 (45.414861100027196,-73.28557092022834)
1 (45.73976394739824,-73.32513037386425)
1 (45.53374716322745,-73.69712601771215)
1 (45.67677753550326,-73.59518671157318)
1 (45.38493831589492,-73.44194484948838)
1 (45.72126072590998,-73.48881498994803)
1 (45.274454497474125,-73.66800917546408)
1 (45.29882297369425,-73.34096051390081)
1 (45.348060457163854,-73.55352647128593)
1 (45.512963112211345,-73.31469826679744)
1 (45.437265130487596,-73.37484564524297)
1 (45.743577130130625,-73.5342576273899)
1 (45.64230580325693,-73.51006781994427)
1 (45.617834269453354,-73.35643227585277)
1 (45.61831864066482,-73.45060275325409)
1 (45.306195539874444,-73.63753800527218)
1 (45.72669847086209,-73.58383903282963)
1 (45.29996194330633,-73.72368614902351)
1 (45.55007581443157,-73.43538955128156)
1 (45.420977954157756,-73.74712116745161)
1 (45.74639060668002,-73.71904133768777)
1 (45.29897932212087,-73.65072626802828)
1 (45.33521726836577,-73.43658211330659)
1 (45.42756216814584,-73.68653136520513)
1 (45.26779698499405,-73.39809378511441)
1 (45.675863972078865,-73.44216318970123)
1 (45.531158548960185,-73.39609595962216)
1 (45.28978512805729,-73.7416579394168)
1 (45.57626011704697,-73.36409068227219)
1 (45.463943098208844,-73.54391208596034)
1 (45.540259806764865,-73.68160262695577)
1 (45.503539424159854,-73.72327770598916)
1 (45.553824040676815,-73.35372651074017)
1 (45.42393326479287,-73.36241384779953)
1 (45.385808173314416,-73.5934872298847)
1 (45.55495321096869,-73.41748634177347)
1 (45.279694811514645,-73.36998528088331)
1 (45.32684260624707,-73.33016343455944)
1 (45.578850971107904,-73.2543438197136)
1 (45.41522177664992,-73.35958552643109)
1 (45.6209659796803,-73.39889113170504)
1 (45.313563777487154,-73.59059252470671)
1 (45.4059578887718,-73.72280546433028)
1 (45.683418843934376,-73.74197277258995)
1 (45.706186950344716,-73.34961715464733)
1 (45.50498560408035,-73.55035324681688)
1 (45.59299022559677,-73.54850593344038)
1 (45.613615731412125,-73.64158081519216)
1 (45.29935266483159,-73.3722491497185)
1 (45.66145180412979,-73.42205003581482)
1 (45.42495531150172,-73.35996985681756)
1 (45.3876365059414,-73.62741352592421)
1 (45.71689234789004,-73.5825013706443)
1 (45.31539460435697,-73.25546614357354)
1 (45.527024329550336,-73.45222819899149)
1 (45.6197772364162,-73.6837249591305)
1 (45.55523584349284,-73.59768096369731)
1 (45.42597164095479,-73.33033213577247)
1 (45.6367915390403,-73.71595597389002)
1 (45.70481745354905,-73.25938877449806)
1 (45.621535295967675,-73.66319819042764)
1 (45.72953409061145,-73.65868278863212)
1 (45.322853055509825,-73.62492906893449)
1 (45.7456520711995,-73.62900457958354)
1 (45.58512059823318,-73.52391902346604)
1 (45.58475427699125,-73.71984969879988)
1 (45.7297834278254,-73.37359692701594)
1 (45.42187166156336,-73.62628827728278)
1 (45.49226655393698,-73.5696572540513)
1 (45.73624079120487,-73.42613610568533)
1 (45.55458794145301,-73.63156827250114)
1 (45.285619455237246,-73.68529322580957)
1 (45.41184993312364,-73.65910287554149)
1 (45.545469285873644,-73.69222098247486)
1 (45.58470897375811,-73.25680634284856)
1 (45.59605301435274,-73.50000902433786)
1 (45.604474558219614,-73.4014835425596)
1 (45.36285710425479,-73.35633937568662)
1 (45.25266430435974,-73.68433083806035)
1 (45.42873877470617,-73.4878849516659)
1 (45.7326425217319,-73.55025614197938)
1 (45.33980979599873,-73.57628556893275)
1 (45.28739579206566,-73.582223314046)
1 (45.421307587617434,-73.61782474812237)
1 (45.25454966872225,-73.53812524187414)
1 (45.60456766237914,-73.69828624819077)
1 (45.66740624318282,-73.74173287077073)
1 (45.64169937176229,-73.53819974944619)
1 (45.2690835087836,-73.55768527954606)
1 (45.35068058000712,-73.47179033738297)
1 (45.70576278959784,-73.54327914066089)
1 (45.690324987085084,-73.31542726030065)
1 (45.70460159744829,-73.46698349690206)
1 (45.51193898137452,-73.35822254373005)
1 (45.72204487336792,-73.7151492754025)
1 (45.27247350436615,-73.46866086695432)
1 (45.369068555479984,-73.67430027195266)
1 (45.32258934927133,-73.5567472630515)
1 (45.38131486191898,-73.47668597758373)
1 (45.60229289686935,-73.36113979658164)
1 (45.50412991126525,-73.5314440074368)
1 (45.68666226360955,-73.74509000741334)
1 (45.40518959548234,-73.53276334609752)
1 (45.62467243567732,-73.38374401153979)
1 (45.61070081927273,-73.63985717691997)
1 (45.40524105594991,-73.40846299412009)
1 (45.485090782833474,-73.26134739176554)
1 (45.66635472945814,-73.74130206039275)
1 (45.438647731762295,-73.34883055898374)
1 (45.435499337506755,-73.50464189826396)
1 (45.35275257304102,-73.31093824169423)
1 (45.25260567164473,-73.52719841501789)
1 (45.65814129650441,-73.60012256160228)
1 (45.4803354000479,-73.5882405307627)
1 (45.58806423046553,-73.6996907211859)
1 (45.45077037360622,-73.64682728948844)
1 (45.35525848691158,-73.64828034322413)
1 (45.332431692134875,-73.39223048507728)
1 (45.36932626679314,-73.3830102981882)
1 (45.727043208956985,-73.52543976319973)
1 (45.61941209205558,-73.5609598077431)
1 (45.521567448351576,-73.7397524884639)
1 (45.495997894013776,-73.63142133614966)
1 (45.42778008856084,-73.41093109589914)
1 (45.61518580766586,-73.27854121340405)
1 (45.439012640439046,-73.5342663631158)
1 (45.63901414840371,-73.4355042640106)
1 (45.62168107274942,-73.4571150682633)
1 (45.65615289539528,-73.38733729028873)
1 (45.737831361511994,-73.45108649323663)
1 (45.398750717060146,-73.52969885879146)
1 (45.664171525994114,-73.64803227666093)
1 (45.42325661047027,-73.63569082621912)
1 (45.432922659537866,-73.32834970712626)
1 (45.37571451529919,-73.50177032773885)
1 (45.470309834868885,-73.49883927907462)
1 (45.595330592254435,-73.5972584406349)
1 (45.74962723300274,-73.63046231013347)
1 (45.584038296059326,-73.32973509119363)
1 (45.6075498833673,-73.34382536808315)
1 (45.284337198050444,-73.26077760686546)
1 (45.39472774789961,-73.7320733526448)
1 (45.66285737314935,-73.56304315803199)
1 (45.44468635484011,-73.39710391630629)
1 (45.29290199329573,-73.70061363117703)
1 (45.548671140534694,-73.64562085033766)
1 (45.46564637812965,-73.73981398366833)
1 (45.71831112539708,-73.64652521550022)
1 (45.33672256846667,-73.35738360803725)
1 (45.502841011739335,-73.69049781362423)
1 (45.73259457597544,-73.50692268384427)
1 (45.50310860569784,-73.51635750511076)
1 (45.49942966115343,-73.33295404135131)
1 (45.49070816033335,-73.4768851350651)
1 (45.676097446969315,-73.28473338615898)
1 (45.697318448712515,-73.60928333871554)
1 (45.31247884675243,-73.47910926659601)
1 (45.386687365152795,-73.452298046393)
1 (45.434442974289915,-73.69327681235768)
1 (45.25969358841011,-73.71325787612878)
1 (45.477650869370855,-73.4341872928252)
1 (45.57152869073067,-73.63389306354011)
1 (45.473770534733916,-73.33166866844239)
1 (45.559281725207065,-73.6337761937203)
1 (45.37473873855447,-73.63698005418672)
1 (45.38807126575605,-73.52458229149707)
1 (45.64338071655427,-73.37756602875375)
1 (45.32435846527777,-73.28709636836076)
1 (45.62199971186188,-73.72219502147532)
1 (45.7361877609713,-73.58600205582583)
1 (45.714474047533464,-73.34845829481368)
1 (45.30184018858122,-73.36496527480773)
1 (45.58195028517122,-73.57677487651395)
1 (45.48074768327117,-73.51638256501629)
1 (45.357396744933105,-73.74158985174769)
1 (45.3635047521228,-73.25639390782385)
1 (45.330082351720634,-73.71137229302052)
1 (45.471427530123954,-73.45636561893787)
1 (45.637471809440186,-73.64431117071435)
1 (45.420348196437715,-73.28702915766593)
1 (45.72907858843862,-73.47627653047756)
1 (45.59819611851892,-73.62081719796103)
1 (45.73449328045337,-73.28165517096207)
1 (45.63140559534247,-73.7116689284673)
1 (45.37610530134599,-73.52608891818956)
1 (45.43130290531769,-73.72968175801)
1 (45.71596212756641,-73.342935943843)
1 (45.51836409400648,-73.27046736051427)
1 (45.315760710354525,-73.312443902518)
1 (45.619597810653936,-73.4859251816057)
1 (45.319141569515146,-73.30416643261216)
1 (45.722296301467324,-73.49437721357701)
1 (45.53625695367291,-73.25907264879676)
1 (45.34601026812694,-73.72361323623741)
1 (45.32201014270832,-73.33809215171519)
1 (45.26384225773014,-73.32037610896553)
1 (45.39141375116669,-73.64850608325993)
1 (45.26401600970802,-73.72417237463796)
1 (45.70819067196167,-73.27863775173424)
1 (45.293167869628654,-73.45202360924067)
1 (45.71604212236687,-73.62471418394522)
1 (45.4639193351825,-73.57387978418025)
1 (45.4559330818507,-73.48156323429885)
1 (45.441028233028696,-73.27589597108565)
1 (45.52729596063827,-73.590978394729)
1 (45.64277938522199,-73.31062960565177)
1 (45.40622940619271,-73.29812685782443)
1 (45.50726370202402,-73.51944551674111)
1 (45.32956982567454,-73.65729413909462)
1 (45.27680814183264,-73.48302208333865)
1 (45.29013886329267,-73.25355143035179)
1 (45.34805700722138,-73.7108313589262)
1 (45.66552103522765,-73.66660018485516)
1 (45.72006861194428,-73.61982264490672)
1 (45.62040141779367,-73.39709095211938)
1 (45.44827944395207,-73.37626844327474)
1 (45.680794071786984,-73.70413182525643)
1 (45.27830116002994,-73.48283772144003)
1 (45.277417663238985,-73.66549455373595)
1 (45.290254369176985,-73.28544188535356)
1 (45.59502555275372,-73.36919465375848)
1 (45.431706046914556,-73.35125410868409)
1 (45.74467336050448,-73.4766643908369)
1 (45.25526593479021,-73.43053322729003)
1 (45.596707858056774,-73.46365595380077)
1 (45.50551052436724,-73.46048897415193)
1 (45.573686678550295,-73.64530465343363)
1 (45.41914145627552,-73.29940569165883)
1 (45.3044894588651,-73.62645041006871)
1 (45.7121484420532,-73.59359709879887)
1 (45.283556215605365,-73.58735828005838)
1 (45.72823527364044,-73.37849526999698)
1 (45.56249024623344,-73.31839715884144)
1 (45.61388042214165,-73.6982824392976)
1 (45.52518802977282,-73.65502850138654)
1 (45.66714239554883,-73.69595448145265)
1 (45.462209758050136,-73.43662497707082)
1 (45.679682986554255,-73.2775608417634)
1 (45.46527971619189,-73.31918192637346)
1 (45.65447004062149,-73.59059564266245)
1 (45.60860662175052,-73.71290246758412)
1 (45.735234517061706,-73.6771206316078)
1 (45.47013972621647,-73.2909300534437)
1 (45.52799505762684,-73.26718062964909)
1 (45.27292727880244,-73.42517018534649)
1 (45.72982627302556,-73.26742819721787)
1 (45.29441993221858,-73.54918619916663)
1 (45.60553561792794,-73.57360396165787)
1 (45.699862006679155,-73.32657155099997)
1 (45.36902662638974,-73.39362531076607)
1 (45.604839801114814,-73.61599461892293)
1 (45.432864949566195,-73.31051599028395)
1 (45.461606598623796,-73.57127938113119)
1 (45.28692651147603,-73.34126496484639)
1 (45.293979945530694,-73.29642870396248)
1 (45.45499564418395,-73.2589332510513)
1 (45.37640751948048,-73.29141495226477)
1 (45.55679440937555,-73.44093285939698)
1 (45.66422357588868,-73.47485513739159)
1 (45.472162242836234,-73.48638266766312)
1 (45.63416902828141,-73.35435652861777)
1 (45.463968778808734,-73.30980112761532)
1 (45.68692365586218,-73.43436091956696)
1 (45.36683060581687,-73.36712662510624)
1 (45.39670000018318,-73.70473409552328)
1 (45.589816256971226,-73.60316140179863)
1 (45.6668740497881,-73.54114008210458)
1 (45.713061902934506,-73.62701568006072)
1 (45.26517886021071,-73.57040727698725)
1 (45.38058351616116,-73.52398393820069)
1 (45.267162751327625,-73.5106370717615)
1 (45.504559509571365,-73.59851585401648)
1 (45.632414692952864,-73.68672326496869)
1 (45.49997125244198,-73.7135498087053)
1 (45.4744853366815,-73.34724344830978)
1 (45.36272694670904,-73.7464574153838)
1 (45.56248254951257,-73.56835172767099)
1 (45.389258002146676,-73.52120291193536)
1 (45.70999672047348,-73.42434506765062)
1 (45.7110647665492,-73.40005183895465)
1 (45.46531116114192,-73.7329933642473)
1 (45.58380230345573,-73.52626871101512)
1 (45.41577936133371,-73.5465164427166)
1 (45.52723486836536,-73.50172408369498)
1 (45.45880118889842,-73.65625924084586)
1 (45.45975106649256,-73.56018667039618)
1 (45.57200608842783,-73.7106591442109)
1 (45.409120053081516,-73.55830685859831)
1 (45.436052147972426,-73.61201760892538)
1 (45.70978237487104,-73.3519031611296)
1 (45.72487558047951,-73.6578812131285)
1 (45.31620712612502,-73.35514389464646)
1 (45.48027600563676,-73.42750504646905)
1 (45.47171087643671,-73.29457167660932)
1 (45.730398709510645,-73.6829144433826)
1 (45.47262151723713,-73.36864886653048)
1 (45.39497577400765,-73.55749908123752)
1 (45.658783825948674,-73.70660740756598)
1 (45.54411385907775,-73.54286632394205)
1 (45.54314179011834,-73.68786723922254)
1 (45.7419670481394,-73.25684871573178)
1 (45.66549588901526,-73.33514282089592)
1 (45.51180921688736,-73.68210355468268)
1 (45.31852186530578,-73.63058746326031)
1 (45.40482071750954,-73.50566019554554)
1 (45.74775093766832,-73.72493134698396)
1 (45.74133045331749,-73.36506414515019)
1 (45.271449325434425,-73.6145487007016)
1 (45.32030493925265,-73.71643453391026)
1 (45.50119883140527,-73.45074587598407)
1 (45.260551558485226,-73.68379473104073)
1 (45.46946777156571,-73.719291889316)
1 (45.64540452296853,-73.62745392177084)
1 (45.48657545506203,-73.58631900007829)
1 (45.29158720840936,-73.28201016602578)
1 (45.45619144699845,-73.74920090601378)
1 (45.25249579683641,-73.661713726185)
1 (45.675873944015905,-73.65787192197033)
1 (45.59632471975535,-73.51247219136532)
1 (45.33714025743309,-73.48328085687038)
1 (45.57025513838852,-73.40569703874635)
1 (45.518175409059864,-73.70527877664432)
1 (45.473353699216126,-73.61948410310026)
1 (45.431523176661464,-73.67222028827469)
1 (45.412879280652916,-73.73728861465968)
1 (45.54896722928297,-73.44891348408552)
1 (45.61137151034576,-73.41329817828996)
1 (45.47629836409352,-73.71828420127314)
1 (45.56519546898543,-73.50712514554219)
1 (45.59177692354985,-73.43522562294852)
1 (45.6291427048778,-73.27823293282255)
1 (45.49383796466681,-73.34858473441811)
1 (45.5162397171364,-73.55267858364482)
1 (45.725949918508455,-73.4090926850134)
1 (45.2570905301695,-73.73129688658247)
1 (45.55952578706477,-73.46727648287458)
1 (45.358881092585726,-73.69936960585322)
1 (45.319399190191426,-73.53599507748112)
1 (45.740598648627646,-73.62311580791989)
1 (45.33061594627392,-73.74722310675187)
1 (45.4980703951759,-73.27800792398705)
1 (45.5501549667551,-73.47206121432184)
1 (45.67010119193329,-73.44796035535026)
1 (45.32268069993345,-73.39668242365704)
1 (45.435291125548964,-73.56285634721782)
1 (45.46554260725718,-73.65502918666212)
1 (45.56803925239347,-73.60467082393328)
1 (45.54497536706686,-73.41155656020584)
1 (45.521790999383605,-73.40961561977356)
1 (45.252816780687226,-73.56417217833634)
1 (45.68776196031407,-73.32527613405146)
1 (45.73104877099091,-73.49875422710257)
1 (45.69817216843392,-73.74762657094695)
1 (45.52008002662343,-73.57223427677522)
1 (45.60445028324972,-73.36310363965248)
1 (45.52592706146372,-73.73121188251453)
1 (45.362918102617655,-73.45558693212577)
1 (45.51131397446658,-73.38742378947791)
1 (45.30314162524431,-73.40717687504905)
1 (45.616199190229224,-73.37012076267071)
1 (45.63743544689221,-73.52507922747745)
1 (45.3043510753821,-73.45851063055865)
1 (45.59393341779728,-73.5646980147808)
1 (45.414332114812105,-73.66490655558623)
1 (45.42018885559512,-73.29120691791768)
1 (45.66561529898969,-73.59107503290079)
1 (45.309443754592394,-73.62841182663075)
1 (45.53354388178571,-73.31650864841369)
1 (45.747506980151456,-73.38463552909536)
1 (45.36045965265668,-73.39795403492518)
1 (45.36460726544927,-73.72064822385128)
1 (45.41456263829002,-73.66450581000426)
1 (45.6036377283089,-73.43433574558324)
1 (45.34292873329082,-73.58193307573688)
1 (45.38388427035868,-73.2808401035603)
1 (45.59059983850628,-73.53363519075103)
1 (45.44763092982477,-73.42532520573187)
1 (45.373774560644094,-73.42372915883305)
1 (45.72596145749051,-73.7383133277679)
1 (45.7018656305353,-73.55025149012171)
1 (45.34962647088641,-73.49070600545332)
1 (45.74055359282417,-73.72331268344253)
1 (45.361022092507916,-73.58714595495198)
1 (45.495954589803326,-73.6142731925794)
1 (45.25412611787078,-73.29229470872228)
1 (45.378633236354936,-73.31761486934144)
1 (45.680663947197075,-73.4548932917959)
1 (45.67543001913568,-73.58716278562866)
1 (45.512827111351186,-73.51914176502741)
1 (45.3169358744175,-73.67266739365296)
1 (45.44554304042784,-73.63197584692942)
1 (45.57893475437941,-73.63148767814637)
1 (45.45459557586844,-73.40823723959396)
1 (45.49724858032661,-73.42322140761911)
1 (45.700821353377734,-73.40352702823243)
1 (45.30715680374856,-73.51260892272418)
1 (45.3851580983204,-73.56669960387384)
1 (45.64092664045676,-73.60789261518288)
1 (45.6144966530125,-73.40049737124447)
1 (45.52997776349853,-73.54804442665481)
1 (45.534089263442304,-73.74974469701505)
1 (45.46181896799127,-73.72287937647772)
1 (45.31869244792027,-73.56181229297682)
1 (45.336132297125076,-73.2650536100023)
1 (45.591673622166276,-73.62373143816832)
1 (45.64924360993975,-73.59230064844748)
1 (45.45898635577865,-73.6743801251423)
1 (45.61170667657366,-73.70199042263134)
1 (45.603219944662506,-73.41858146367322)
1 (45.669841372917816,-73.4282007070677)
1 (45.281854828320725,-73.33274745462711)
1 (45.558804557170745,-73.66397145884386)
1 (45.61340601405829,-73.74886930995956)
1 (45.56213580366204,-73.32826750436949)
1 (45.715312591310465,-73.5351984320879)
1 (45.59070815240075,-73.61840620443218)
1 (45.57823212928705,-73.25788014111762)
1 (45.52262756840057,-73.33431142964808)
1 (45.52282463735997,-73.50809515472913)
1 (45.4648628647564,-73.29093621067649)
1 (45.68716125641396,-73.61393195862293)
1 (45.70725135901897,-73.54955161490471)
1 (45.73556915517626,-73.72525586237538)
1 (45.64001352761018,-73.39733003265562)
1 (45.36302419433054,-73.26325899787095)
1 (45.29702350797728,-73.68775631176024)
1 (45.693129408158526,-73.46416781820004)
1 (45.46882038511515,-73.321880908938)
1 (45.332267653186854,-73.7187533421399)
1 (45.50170841384105,-73.30228449106485)
1 (45.647692629283924,-73.61583178086322)
1 (45.46228297625883,-73.42785397159301)
1 (45.283123563024674,-73.53886149961514)
1 (45.30033182154655,-73.31807542713547)
1 (45.511834164995,-73.34003502510221)
1 (45.487299919693065,-73.56052987790792)
1 (45.254277604112616,-73.525932985269)
1 (45.34236921199958,-73.364633130998)
1 (45.45496494620264,-73.53284959773481)
1 (45.3836929032995,-73.67839180548756)
1 (45.521615108808625,-73.54831756009776)
1 (45.5584373712055,-73.28305256220413)
1 (45.678520433435985,-73.44815285180081)
1 (45.6120228266847,-73.42300257918738)
1 (45.37562253879218,-73.26550824028965)
1 (45.65431722589152,-73.55513442026987)
1 (45.324969073275,-73.68996704638477)
1 (45.668526367036876,-73.313118897634)
1 (45.30702255710658,-73.41062674000167)
1 (45.28713608659954,-73.27763547883286)
1 (45.600718550932925,-73.66741494681176)