2500 2500
101 (45.5,-73.5)
1 (45.628501009670686,-73.6235894538609)
1 (45.74322091002949,-73.65954838208812)
1 (45.347537500694585,-73.67970131200491)
1 (45.317997820244834,-73.47908822393536)
1 (45.30446666095502,-73.38458387683534)
1 (45.603143127036276,-73.490963278294)
1 (45.39666671843127,-73.55652814132317)
1 (45.685793058093914,-73.56862559093467)
1 (45.63043206748953,-73.31169944114089)
1 (45.563039376808824,-73.31667061581639)
1 (45.4318000080511,-73.36730098432722)
1 (45.304915796477786,-73.36829755457062)
1 (45.50859400648784,-73.35249217729373)
1 (45.55083525286113,-73.53640304918666)
1 (45.279445886382824,-73.62045466552766)
1 (45.44728115945442,-73.52239458893368)
1 (45.47979756436554,-73.40997957955169)
1 (45.61160707632885,-73.54647792634367)
1 (45.53974629602783,-73.54430477021045)
1 (45.324474469345816,-73.65721567196253)
1 (45.70408541261159,-73.67866151016642)
1 (45.41175938891115,-73.60657235157613)
1 (45.63100617185704,-73.41609530673352)
1 (45.67568436178048,-73.53945404864567)
1 (45.362664416567476,-73.4036063367503)
1 (45.274483048423456,-73.34391883283027)
1 (45.60817905909754,-73.2975100273749)
1 (45.630080349852754,-73.33977705315172)
1 (45.717617579325186,-73.74814915875344)
1 (45.26407201345672,-73.54921857194086)
1 (45.554137363571144,-73.29969420691643)
1 (45.42371324147551,-73.59339698418589)
1 (45.69068942912566,-73.33074889522676)
1 (45.461676749039256,-73.29356900744577)
1 (45.46755498949547,-73.37583384764866)
1 (45.67601627942379,-73.32442969072956)
1 (45.447473042458405,-73.36655123515285)
1 (45.7000727086006,-73.27070277657539)
1 (45.69623079267273,-73.51433907645364)
1 (45.55598530756314,-73.67583794069135)
1 (45.59832688202462,-73.72420426349886)
1 (45.65002170119874,-73.64383475450622)
1 (45.58968070505968,-73.58067869147486)
1 (45.293115925892316,-73.26175644941934)
1 (45.2523493325654,-73.58347364878895)
1 (45.275804409320486,-73.55141411022683)
1 (45.66982686541169,-73.43091272461452)
1 (45.61317598632309,-73.3339952494465)
1 (45.285739370762265,-73.25420427613122)
1 (45.30250229462473,-73.30107837610731)
1 (45.74361177218182,-73.29496983208057)
1 (45.30389128379322,-73.72951849076138)
1 (45.310871300640486,-73.59217514816667)
1 (45.46260669872746,-73.656106109167)
1 (45.50636561827929,-73.30271646490552)
1 (45.74062278345953,-73.44069542375601)
1 (45.45741165913167,-73.3223945161062)
1 (45.414533693048185,-73.4936654279789)
1 (45.309754887198125,-73.40086469498951)
1 (45.32711341365588,-73.52512046415353)
1 (45.70180659948018,-73.45538207449904)
1 (45.35062232462903,-73.48915488027143)
1 (45.39314047815371,-73.2837654287973)
1 (45.43138251576835,-73.44679925225508)
1 (45.60646767461078,-73.35698502916173)
1 (45.43719485292438,-73.35593383203309)
1 (45.502173190143736,-73.33613414130697)
1 (45.521846230307034,-73.31549754247814)
1 (45.454984249911085,-73.40727507680212)
1 (45.35425673995634,-73.54473912747896)
1 (45.443455126869125,-73.4607557096028)
1 (45.33374169053456,-73.36604981689997)
1 (45.394690694788615,-73.55907297538214)
1 (45.32741469453591,-73.68208485678205)
1 (45.74909466244152,-73.53921550478735)
1 (45.52093344821702,-73.3944244401513)
1 (45.32291634776301,-73.48164771022631)
1 (45.669590886847764,-73.40194216346745)
1 (45.7499834962855,-73.6487033849351)
1 (45.373179984231044,-73.7423424021112)
1 (45.37824658699236,-73.35013712490974)
1 (45.47511137705353,-73.59999599170234)
1 (45.481623686756436,-73.53293760247632)
1 (45.303938628009895,-73.29724622360445)
1 (45.52312287805954,-73.71623682449176)
1 (45.733746997145985,-73.51477558244538)
1 (45.47133285288072,-73.70025546617386)
1 (45.43878690620023,-73.3494162689923)
1 (45.329110201698136,-73.270704268558)
1 (45.25728469618144,-73.41495567456758)
1 (45.58065571313616,-73.39691758109193)
1 (45.259538409819264,-73.52303100733083)
1 (45.70115969975617,-73.68322493241776)
1 (45.4362075769469,-73.54712508952319)
1 (45.701810035195145,-73.57867265200564)
1 (45.38413151693364,-73.37296831325061)
1 (45.402194901099016,-73.58018742784189)
1 (45.46906163791455,-73.37331993507956)
1 (45.73199509476791,-73.37862961777113)
1 (45.68736876585168,-73.61414457647462)
1 (45.364349570640755,-73.59591437600685)
1 (45.33208749696896,-73.50261791669459)
1 (45.374390855304355,-73.44448403877517)
1 (45.59258533878506,-73.32518855094075)
1 (45.39818519675325,-73.30789602461299)
1 (45.381695025077775,-73.59609086911601)
1 (45.43967593316392,-73.39314558321506)
1 (45.489324484499114,-73.34324679812735)
1 (45.53621643218846,-73.74157339811696)
1 (45.60735922972137,-73.39941233579287)
1 (45.44689251158332,-73.5058135902071)
1 (45.357098306380244,-73.44171756241606)
1 (45.37207249258739,-73.50521787991454)
1 (45.677515305076206,-73.4324169994742)
1 (45.44748621217238,-73.66154741763873)
1 (45.30031172581312,-73.25771001132128)
1 (45.38162266007314,-73.49045410109531)
1 (45.54603115523991,-73.7399089443219)
1 (45.62134926980681,-73.38237860864201)
1 (45.32442796906503,-73.31102571939905)
1 (45.337394026386576,-73.44897307558352)
1 (45.511835415526136,-73.48301552683616)
1 (45.31869491161479,-73.7380115957793)
1 (45.30845367441764,-73.3314591908286)
1 (45.5526095746333,-73.63098226629695)
1 (45.749279073226226,-73.52538382474448)
1 (45.34659117044239,-73.7331600103465)
1 (45.253821643642986,-73.4862143702599)
1 (45.316174827232814,-73.5459397493807)
1 (45.45180890285568,-73.54351644487782)
1 (45.42398232034175,-73.67556526000533)
1 (45.51474942769629,-73.47423404495427)
1 (45.50494098404973,-73.28111903076261)
1 (45.35653077630414,-73.56554363310778)
1 (45.3540258776199,-73.39774445332594)
1 (45.34015187875602,-73.3292388605681)
1 (45.484572908683276,-73.68855169326318)
1 (45.54224099212639,-73.71772853069861)
1 (45.587573477926725,-73.58051436052824)
1 (45.682185839857134,-73.64827299889349)
1 (45.53534989062008,-73.62589446203411)
1 (45.51850375517364,-73.33300247171903)
1 (45.47662366605208,-73.30133843312402)
1 (45.35150491425816,-73.33755337029092)
1 (45.664227492797764,-73.31176784793203)
1 (45.74835291727498,-73.45082719939508)
1 (45.6415746965691,-73.3055436425286)
1 (45.7243026683273,-73.34241900032387)
1 (45.289488363855625,-73.73111300503031)
1 (45.37219609154176,-73.61268077311469)
1 (45.50110555708236,-73.37345413426738)
1 (45.331222280868815,-73.70317778743093)
1 (45.409310440103845,-73.40111376443512)
1 (45.525499314334816,-73.73246426375715)
1 (45.63851324888801,-73.53148846157079)
1 (45.28321071327795,-73.6536472403647)
1 (45.490580420212794,-73.68323081960997)
1 (45.26783037119244,-73.6961258935742)
1 (45.303334525628564,-73.73026728695005)
1 (45.61439563323786,-73.35418627165033)
1 (45.43928074766412,-73.70189475342879)
1 (45.26583878567056,-73.71979955810853)
1 (45.472080158277194,-73.4877785502405)
1 (45.74706315517093,-73.72601473402383)
1 (45.63877818140556,-73.30540494549173)
1 (45.497750822086175,-73.37075472537762)
1 (45.516909878605425,-73.37064676446178)
1 (45.40881453702568,-73.72861780963088)
1 (45.667342171124716,-73.37958109090181)
1 (45.371957460137324,-73.5304543853133)
1 (45.65607614024952,-73.56155356836729)
1 (45.456979967392186,-73.29703180111038)
1 (45.43122100955025,-73.69971437276209)
1 (45.277273502400945,-73.45401810801489)
1 (45.48496474149606,-73.63585615605373)
1 (45.69036752664784,-73.53080860198163)
1 (45.57460404152577,-73.3813649935143)
1 (45.70744592541863,-73.45538692478426)
1 (45.511560609089585,-73.54545064917335)
1 (45.35342550455509,-73.60145534703052)
1 (45.65279789853953,-73.36555302169691)
1 (45.72748967635005,-73.62248711657797)
1 (45.74516663444577,-73.68292717740579)
1 (45.66289619899127,-73.7201463673766)
1 (45.679945094334535,-73.74888950883818)
1 (45.67442897747499,-73.34168947110788)
1 (45.512203887650095,-73.27406365450145)
1 (45.31203920314352,-73.38250417070894)
1 (45.287612857149966,-73.64419453131349)
1 (45.610022247391804,-73.28586127576445)
1 (45.29792125336237,-73.72170495967354)
1 (45.53250249583859,-73.48224644843773)
1 (45.3555805453944,-73.63214929442181)
1 (45.668048786874756,-73.39530752191254)
1 (45.537842519709166,-73.39907450792566)
1 (45.418919338615424,-73.26049592338175)
1 (45.60115357073045,-73.73952894978535)
1 (45.56373539411733,-73.25589856910763)
1 (45.40777931073653,-73.26556518358758)
1 (45.34630904461566,-73.43254984229849)
1 (45.738332186547204,-73.25456319254667)
1 (45.65790096419198,-73.65368080811194)
1 (45.286237643910425,-73.55305620713885)
1 (45.43536001405556,-73.70890616902084)
1 (45.44316302482193,-73.56497132299478)
1 (45.593397248628975,-73.46026741852161)
1 (45.688046529314576,-73.64580317408877)
1 (45.64567269529791,-73.30234313722084)
1 (45.48660168346797,-73.5792188055672)
1 (45.64642388582437,-73.37830609888591)
1 (45.5930365522204,-73.65194784716766)
1 (45.702041212739225,-73.38784919993782)
1 (45.52121439990737,-73.66654212534331)
1 (45.56029577759686,-73.45132043672106)
1 (45.7185967103925,-73.53969476550999)
1 (45.68385111563992,-73.35720021743069)
1 (45.63304696022809,-73.42628882223906)
1 (45.25424108279098,-73.61722203844361)
1 (45.409937406826224,-73.58620144952418)
1 (45.732671985387604,-73.58498069324921)
1 (45.39498898024719,-73.47211958870004)
1 (45.424807728157845,-73.45979014250541)
1 (45.44688803691873,-73.26222910494232)
1 (45.45812255276138,-73.29784597831487)
1 (45.28296168176294,-73.2916193073777)
1 (45.682456793092506,-73.6874156606663)
1 (45.69105697763791,-73.55060070532764)
1 (45.74708676093883,-73.51382236093964)
1 (45.441257259339004,-73.61686388850896)
1 (45.49092073178909,-73.74340649362122)
1 (45.62218237671238,-73.57151331555441)
1 (45.30635872011156,-73.39344180983642)
1 (45.408357957178254,-73.61648981701109)
1 (45.30190460685358,-73.32715095043385)
1 (45.43750162763792,-73.26275155416499)
1 (45.39379477710941,-73.71950836628052)
1 (45.53956311906751,-73.59481322058362)
1 (45.402708510276916,-73.4804363228844)
1 (45.512967827940834,-73.73784903849177)
1 (45.318050783734954,-73.59729298600354)
1 (45.48775205900459,-73.2585454172581)
1 (45.619349230324254,-73.2682191871389)
1 (45.65014130393403,-73.32024469182275)
1 (45.411982656823156,-73.34195368914331)
1 (45.728611198028176,-73.48665173506076)
1 (45.642759262012056,-73.45814465148514)
1 (45.657584249811606,-73.62648083472926)
1 (45.30978848881657,-73.39497797901879)
1 (45.741653333488294,-73.41390055850357)
1 (45.37064143207037,-73.47811116352135)
1 (45.44058673195612,-73.44648988395535)
1 (45.48297009697991,-73.48644430982229)
1 (45.583357318639834,-73.5136493684919)
1 (45.2825570684238,-73.30617786084922)
1 (45.39805205787531,-73.54401650275632)
1 (45.61519243023191,-73.63489956772344)
1 (45.71375620878685,-73.74041482349648)
1 (45.4908260335174,-73.32211134315283)
1 (45.55036972711497,-73.37522220862483)
1 (45.521118665838834,-73.4516493268507)
1 (45.562802043826466,-73.66777353309386)
1 (45.734816547795745,-73.52486872678094)
1 (45.44710407159812,-73.59851918170972)
1 (45.43929940377186,-73.5912578781725)
1 (45.44783532714555,-73.43214059780003)
1 (45.71120311893602,-73.39531382618608)
1 (45.5283266201979,-73.62368017183215)
1 (45.65419377234615,-73.56505486352418)
1 (45.57848742659829,-73.66797268178543)
1 (45.2577705441216,-73.55846338666824)
1 (45.738420484984296,-73.32327145974588)
1 (45.527400908823026,-73.50944528556028)
1 (45.51034387183611,-73.49494251730746)
1 (45.53334224507764,-73.27456021650158)
1 (45.3161847480725,-73.40445564761178)
1 (45.64317967702223,-73.37581996057158)
1 (45.5336968370481,-73.49263174528434)
1 (45.46141095903449,-73.6632700944635)
1 (45.31006700122698,-73.31421123805853)
1 (45.398334806228576,-73.3838631514189)
1 (45.608714854163814,-73.47328889771428)
1 (45.33004992240585,-73.4402993641742)
1 (45.49235221458928,-73.42601577307444)
1 (45.49154773439782,-73.45505425753299)
1 (45.58335786303748,-73.73819948224305)
1 (45.5656827677879,-73.32072997578193)
1 (45.47113603825488,-73.63103954798171)
1 (45.39223003074712,-73.71816052647554)
1 (45.55536572934702,-73.37821497085862)
1 (45.32329009597767,-73.61836900188658)
1 (45.4239106199349,-73.33189663821042)
1 (45.49397769936126,-73.55351757832891)
1 (45.3646484447605,-73.55398764184032)
1 (45.66063105910084,-73.44540946646738)
1 (45.50159112065903,-73.71200019824404)
1 (45.28270447359326,-73.51789463662878)
1 (45.327405979915824,-73.5664580359627)
1 (45.68905783086562,-73.29169920450849)
1 (45.57681102293145,-73.52856889338857)
1 (45.47453213094444,-73.36674139494355)
1 (45.44830606064564,-73.40314203941158)
1 (45.71850131120873,-73.63791487048505)
1 (45.635314335064876,-73.55233130080254)
1 (45.703516023884184,-73.2656132824292)
1 (45.47204789387267,-73.3207644102919)
1 (45.53920607918592,-73.63193777242518)
1 (45.73427293884151,-73.65197522612141)
1 (45.46428397922908,-73.65757215059571)
1 (45.26064004282694,-73.3997855190409)
1 (45.60779269177848,-73.73272855657828)
1 (45.57635696443382,-73.39638872368508)
1 (45.6396666237059,-73.6283591185369)
1 (45.60772048173537,-73.38136839157252)
1 (45.530225584612246,-73.60099747528459)
1 (45.37338659247097,-73.42273974062478)
1 (45.56839726969169,-73.48613651317793)
1 (45.726247063162724,-73.47233274723533)
1 (45.35926453442463,-73.39096720719678)
1 (45.29839320816185,-73.69344132555516)
1 (45.732959571492344,-73.64759580943043)
1 (45.27088645423165,-73.67864296767301)
1 (45.34897793555095,-73.47252514498786)
1 (45.44991813972247,-73.64004913213796)
1 (45.27266093341595,-73.29722839132565)
1 (45.381429674317744,-73.60297693081374)
1 (45.43389595829904,-73.48806183284897)
1 (45.37737705130526,-73.56713819179076)
1 (45.65200990607943,-73.6615560203889)
1 (45.35856239103027,-73.51692244863692)
1 (45.32538171109826,-73.52329271105499)
1 (45.34131813699597,-73.56420583854391)
1 (45.43947571239209,-73.6151179403593)
1 (45.708318043744626,-73.39334836587813)
1 (45.74279855997347,-73.54635972696704)
1 (45.607402249405894,-73.54864758523057)
1 (45.276707860258036,-73.71001137413273)
1 (45.416542007376435,-73.45949698008984)
1 (45.42205173840606,-73.64451001817858)
1 (45.69793306099632,-73.43785294949726)
1 (45.74329424048593,-73.59578241281281)
1 (45.43969477253111,-73.70634488864755)
1 (45.669082278198,-73.46264823835013)
1 (45.64976541773987,-73.32346792823651)
1 (45.44713552911233,-73.67146413842929)
1 (45.52332250745573,-73.66477891939338)
1 (45.35089154713782,-73.62305960850455)
1 (45.45241999443162,-73.39587115990754)
1 (45.29551425164902,-73.68655881257045)
1 (45.58452283264071,-73.63413420952868)
1 (45.341674353304136,-73.28060048412023)
1 (45.465232318122254,-73.74191055902817)
1 (45.526936578054794,-73.38276096876409)
1 (45.51973416232221,-73.42364112297544)
1 (45.56663886827782,-73.34265331590309)
1 (45.73736442917378,-73.51394736917153)
1 (45.70882485203978,-73.64321851279942)
1 (45.42417667097556,-73.54232809689492)
1 (45.41109142223085,-73.25814288770687)
1 (45.27950714582715,-73.34325440012451)
1 (45.531139180547655,-73.49112835217485)
1 (45.33427291495031,-73.64792703680288)
1 (45.38736430022825,-73.65491074301042)
1 (45.46110117570523,-73.74581539926658)
1 (45.35100600134206,-73.65446374454604)
1 (45.729376416931615,-73.4403284142997)
1 (45.57716474544816,-73.47974459028917)
1 (45.33190510347057,-73.64357249046418)
1 (45.56843197316931,-73.28863004654615)
1 (45.65413614279581,-73.56013269803053)
1 (45.49192310121596,-73.67035966201932)
1 (45.291738442181845,-73.49916839584594)
1 (45.53818104309352,-73.32384586286315)
1 (45.44782517481955,-73.42784514150898)
1 (45.61871852480021,-73.26362879157492)
1 (45.65722790795367,-73.43723042963325)
1 (45.347893158410855,-73.27904634772682)
1 (45.691961551788594,-73.33426069625477)
1 (45.54436005958013,-73.7193582311853)
1 (45.29938493037514,-73.60024318428243)
1 (45.417522399508044,-73.25910561771154)
1 (45.612549516635575,-73.4675861223079)
1 (45.67520142775169,-73.61390590443233)
1 (45.65084262162154,-73.36205661871634)
1 (45.500172848334884,-73.72717521054726)
1 (45.298269220384,-73.4378458298765)
1 (45.69526757977658,-73.73293912763097)
1 (45.50658025024226,-73.39707654713258)
1 (45.289410397264284,-73.51893521729376)
1 (45.72094305969801,-73.734118773775)
1 (45.53027112059732,-73.46762860160588)
1 (45.66696346118585,-73.47818444305736)
1 (45.46312833989763,-73.44055531686838)
1 (45.669606707990724,-73.42515278912408)
1 (45.710096794108914,-73.2935755256684)
1 (45.5969282321659,-73.25143326283396)
1 (45.619045205634166,-73.66716226205145)
1 (45.33451311797382,-73.28890368624324)
1 (45.64733204532766,-73.48676878059307)
1 (45.40013678930211,-73.61056634105074)
1 (45.681912668386275,-73.53361093792594)
1 (45.40239733580893,-73.43154565339493)
1 (45.474421890176245,-73.60586896161729)
1 (45.5319335429209,-73.66940612542776)
1 (45.487511890676444,-73.6843556424586)
1 (45.64933060218378,-73.3315000431677)
1 (45.70702620545789,-73.6451163013958)
1 (45.299929225471686,-73.70515967328126)
1 (45.37351622663007,-73.42421872135495)
1 (45.642491576748604,-73.61902929604767)
1 (45.626157464047864,-73.63715908884464)
1 (45.326041325970685,-73.32068777021799)
1 (45.73229860412185,-73.48685318081824)
1 (45.287182956344616,-73.27694293913056)
1 (45.39667718806245,-73.3600997541916)
1 (45.26881890979625,-73.44878452984823)
1 (45.60576150586441,-73.31269632466324)
1 (45.58042157305451,-73.32296258861182)
1 (45.564729089154476,-73.67805527459674)
1 (45.729880026280995,-73.69651438359836)
1 (45.5272678883234,-73.3032112443057)
1 (45.55743016427584,-73.40929259225865)
1 (45.70168720967368,-73.41952892537343)
1 (45.3932898041005,-73.4026533678408)
1 (45.44075098432502,-73.39321297338535)
1 (45.542358770461924,-73.64994357950336)
1 (45.5871969705109,-73.57289011685506)
1 (45.571707284167005,-73.6562813827286)
1 (45.65208116805227,-73.65807623612586)
1 (45.43956407566572,-73.3613553802724)
1 (45.44888741328755,-73.45325929350952)
1 (45.45812922786368,-73.39957262425057)
1 (45.39276810769297,-73.54762179117964)
1 (45.42677470241082,-73.27686649450949)
1 (45.40133271034734,-73.37009477318205)
1 (45.50705899130599,-73.61283078566328)
1 (45.70107621679782,-73.71347788655348)
1 (45.53647063073849,-73.67057682310134)
1 (45.35184109237593,-73.69977829072697)
1 (45.493928468772424,-73.45481603237516)
1 (45.45063146942375,-73.27171414401269)
1 (45.736804860988464,-73.70115060002058)
1 (45.265649241028484,-73.64249625429424)
1 (45.4266014828386,-73.60641061838535)
1 (45.481597936573145,-73.71754445188986)
1 (45.74839538957954,-73.66110638168071)
1 (45.30810030011617,-73.31771350460825)
1 (45.607786471620024,-73.440669973264)
1 (45.4145019562672,-73.58389577118817)
1 (45.458315732831615,-73.69214096253712)
1 (45.50638381722705,-73.72753648492203)
1 (45.27218681712986,-73.5173061613039)
1 (45.35178211967522,-73.31063986976488)
1 (45.41761203456773,-73.40203414370968)
1 (45.69841533347342,-73.492262712567)
1 (45.3472167582893,-73.27465062006195)
1 (45.29714325013388,-73.66628475164896)
1 (45.53367491430656,-73.69368110072617)
1 (45.66143422008868,-73.63741334429768)
1 (45.51111120651993,-73.66714299423784)
1 (45.747792419642494,-73.43892264354142)
1 (45.69379415511388,-73.49179942244838)
1 (45.43789749819193,-73.58654582693413)
1 (45.3472573664773,-73.37139296838356)
1 (45.539635228097,-73.48823147319065)
1 (45.68122441400048,-73.42785747414814)
1 (45.50124801320073,-73.38914348138077)
1 (45.51857653573465,-73.55886200752374)
1 (45.65051037122237,-73.6253267128672)
1 (45.37009002040752,-73.41877117542126)
1 (45.529134964705996,-73.58787870977625)
1 (45.51078396734943,-73.60821177134386)
1 (45.29154066658669,-73.66226037734363)
1 (45.31045701958956,-73.44991586453318)
1 (45.67666495094773,-73.5045470948105)
1 (45.61835509834103,-73.50536624886271)
1 (45.741678634437214,-73.34796417253874)
1 (45.4399005599641,-73.74800032870866)
1 (45.36726170379432,-73.59896880901742)
1 (45.472026143496514,-73.55433430101499)
1 (45.50552491077507,-73.28243358795723)
1 (45.28289579986426,-73.40434965333243)
1 (45.74371251317654,-73.4301545546508)
1 (45.53165732400494,-73.39683964688419)
1 (45.49949726530854,-73.27594982850087)
1 (45.62436041413678,-73.38414397329888)
1 (45.54697961001134,-73.62403275370016)
1 (45.593286689359076,-73.7138050368914)
1 (45.59642882580196,-73.4951364719147)
1 (45.268676797791244,-73.73215990986253)
1 (45.31535455499527,-73.62703486220246)
1 (45.48420276104671,-73.35673760025118)
1 (45.483673158525626,-73.6126476841146)
1 (45.62052219242866,-73.66056145212723)
1 (45.421533719763325,-73.39983576309926)
1 (45.744864131559204,-73.5320621733301)
1 (45.41479475044424,-73.5522849866927)
1 (45.448834754424425,-73.57928745023081)
1 (45.59019312013483,-73.5805460261138)
1 (45.72149407960125,-73.53644947328478)
1 (45.55992263598164,-73.29633926356098)
1 (45.32024374216502,-73.50458225957085)
1 (45.66364054265556,-73.52165295537013)
1 (45.61817833875486,-73.41618606890073)
1 (45.28484565066947,-73.59695502710672)
1 (45.31329198659964,-73.65621669195252)
1 (45.50812329493843,-73.48000730636068)
1 (45.68229426302079,-73.29863292732783)
1 (45.313927125297845,-73.30831380590827)
1 (45.749778632416515,-73.42894592103758)
1 (45.57836951728658,-73.6141525222041)
1 (45.322099247093604,-73.51881950725993)
1 (45.356917365040196,-73.43143346949422)
1 (45.304550466841825,-73.29875141229367)
1 (45.282941300419495,-73.31829335217328)
1 (45.580306901838604,-73.53922016607837)
1 (45.40474194696228,-73.33838038572215)
1 (45.48006975259055,-73.59941361795545)
1 (45.417977654819424,-73.29720079556762)
1 (45.51247871244172,-73.53575987013346)
1 (45.52434393824372,-73.51769131194123)
1 (45.557086900593674,-73.47996236936093)
1 (45.561905587694646,-73.66135015567832)
1 (45.64405963127183,-73.39809600921163)
1 (45.60765828086361,-73.5578018521854)
1 (45.25774596236083,-73.72855182265836)
1 (45.44869721014225,-73.6965891506461)
1 (45.30488551546567,-73.26722318142718)
1 (45.654796210385335,-73.46027845234181)
1 (45.48245105036027,-73.523306849269)
1 (45.46225119383682,-73.33763293674072)
1 (45.26499066383468,-73.60844789487311)
1 (45.29651822653825,-73.74965065005694)
1 (45.606821968023745,-73.54568771592535)
1 (45.51947656315777,-73.74968284557512)
1 (45.72054347113713,-73.69277999639039)
1 (45.38607333794493,-73.721640584853)
1 (45.450067042274014,-73.2669199866481)
1 (45.73465707130113,-73.2974658882243)
1 (45.30373845804023,-73.73478771791066)
1 (45.61548299065856,-73.54658657089891)
1 (45.65110126509417,-73.5930364803057)
1 (45.382674142563246,-73.55599166757396)
1 (45.415472638936336,-73.30996322896343)
1 (45.73634764500273,-73.31985771928132)
1 (45.31373798663074,-73.42907810063578)
1 (45.30366666286976,-73.3923237853968)
1 (45.30463451946541,-73.54964555972477)
1 (45.59025419803673,-73.52605628928595)
1 (45.40728220301994,-73.59800054746087)
1 (45.516705567209826,-73.52266250096544)
1 (45.442833711984875,-73.48654778692473)
1 (45.278862406128496,-73.25880481886469)
1 (45.53385355104384,-73.42483372225259)
1 (45.43506156192824,-73.32403549300666)
1 (45.36839935280579,-73.29893528366016)
1 (45.428748314968466,-73.412914851634)
1 (45.298767198092115,-73.67164061698419)
1 (45.70064385975481,-73.55489375375197)
1 (45.29847549197552,-73.57650208561749)
1 (45.631082937188125,-73.44073410568959)
1 (45.645300735810885,-73.3838227043172)
1 (45.28018829160089,-73.51390928435009)
1 (45.43304146433722,-73.60599200711451)
1 (45.261224248246464,-73.6394690096159)
1 (45.640175083375084,-73.58331862178677)
1 (45.59077275123333,-73.54127165392393)
1 (45.499685490877496,-73.5496115482895)
1 (45.50830064761592,-73.31127940999764)
1 (45.32107778816268,-73.6192430450972)
1 (45.547238184118896,-73.64178014741698)
1 (45.71295955262008,-73.26428146154016)
1 (45.5698639969091,-73.51294243914147)
1 (45.34255652487608,-73.36151258417047)
1 (45.549093192033475,-73.38402846392897)
1 (45.447143685494055,-73.38477377639671)
1 (45.5916903335492,-73.48688226163335)
1 (45.28161120696621,-73.29800566783943)
1 (45.54948043865205,-73.60497885087297)
1 (45.546247824116215,-73.66878121426181)
1 (45.55780648710941,-73.74036277412189)
1 (45.589312626888606,-73.47080321730142)
1 (45.473782938889606,-73.324222468016)
1 (45.3200793540919,-73.47696583317958)
1 (45.460820544187186,-73.61463992852369)
1 (45.29977586395824,-73.56205701834408)
1 (45.380448309175556,-73.64722295986739)
1 (45.40020438528985,-73.63603378563771)
1 (45.70763450442282,-73.56087065245865)
1 (45.732816611025825,-73.31503260363517)
1 (45.3816092663228,-73.31183998204824)
1 (45.25463106588302,-73.30788315995018)
1 (45.34061706235233,-73.71457531650802)
1 (45.551618319740875,-73.35087364077015)
1 (45.46607829943715,-73.40742970853498)
1 (45.285042819225716,-73.36287157588285)
1 (45.27931475712108,-73.73545045760724)
1 (45.66173868442792,-73.31663455913765)
1 (45.49229479880291,-73.67081906913575)
1 (45.555409827084134,-73.63025059820184)
1 (45.4127795700347,-73.25432876404602)
1 (45.56278315945033,-73.67512846717652)
1 (45.743802651871974,-73.63845070311423)
1 (45.325806838731225,-73.27381377664268)
1 (45.49759108158841,-73.6440831170691)
1 (45.389073974208735,-73.32213698505076)
1 (45.56483651951182,-73.30899530008878)
1 (45.690265282970955,-73.41580511148452)
1 (45.44165136108359,-73.70627164612172)
1 (45.50064253808876,-73.59152915980016)
1 (45.71859485851901,-73.34572857116638)
1 (45.74248807925241,-73.50713504007463)
1 (45.678830704198106,-73.7403206039088)
1 (45.610873576570675,-73.58383606191612)
1 (45.73577783277315,-73.72296925694353)
1 (45.31825503925728,-73.31695047154159)
1 (45.464542246332705,-73.33704193263021)
1 (45.56212883493626,-73.62882818942177)
1 (45.645968287071284,-73.59587547121339)
1 (45.488347065131336,-73.2896061326801)
1 (45.54732374218886,-73.61328245794657)
1 (45.48567882862108,-73.56764231193408)
1 (45.60943378073134,-73.54789596954994)
1 (45.60081727043675,-73.39208380067481)
1 (45.296504520773745,-73.47950156341112)
1 (45.707270398416654,-73.41500486216025)
1 (45.59192798538982,-73.74517339946499)
1 (45.29643718901753,-73.44990639134802)
1 (45.49103573864978,-73.40707411428433)
1 (45.384658553295736,-73.33709854083372)
1 (45.350069410554745,-73.4021962293423)
1 (45.546146164327475,-73.34459394426017)
1 (45.59956214551533,-73.53711573306113)
1 (45.48843042239523,-73.25561920156406)
1 (45.61987563095375,-73.33799647617398)
1 (45.38433195402778,-73.32070803748879)
1 (45.506813354548804,-73.34762707269284)
1 (45.36244959403914,-73.26356968533115)
1 (45.526031228832956,-73.27718977656743)
1 (45.63677081749211,-73.52553183360226)
1 (45.26639290983396,-73.47075404454743)
1 (45.725249002337165,-73.41333770462568)
1 (45.354467465059,-73.42515505888288)
1 (45.56705520670824,-73.2794324498419)
1 (45.58504315447441,-73.62696100099257)
1 (45.59870033749311,-73.31260445069171)
1 (45.45583180649807,-73.72165032744267)
1 (45.49033698921244,-73.44995258208206)
1 (45.36846393467014,-73.51791350554508)
1 (45.27528827074384,-73.33863096054321)
1 (45.6724255507671,-73.55216171608954)
1 (45.52821461784375,-73.67767825067074)
1 (45.283763601574755,-73.39486775380122)
1 (45.560317451436305,-73.65646895073806)
1 (45.306187493291866,-73.5712825194749)
1 (45.303592120074995,-73.57692955674207)
1 (45.41862002955664,-73.3943634606303)
1 (45.650380623042956,-73.60164318065833)
1 (45.2703019783497,-73.66741910976064)
1 (45.499338191322344,-73.40932128357561)
1 (45.74223008660556,-73.60801710175767)
1 (45.6344156926884,-73.36285207835762)
1 (45.69200925295477,-73.47312071161053)
1 (45.329573447529725,-73.60324028002248)
1 (45.698125435695516,-73.72821232149434)
1 (45.728680156866915,-73.2752335538883)
1 (45.35919634232904,-73.70032971591226)
1 (45.5974139612423,-73.36728644194693)
1 (45.383933091669526,-73.4864845102231)
1 (45.48197085575949,-73.40974288590631)
1 (45.52834663776291,-73.45484966529364)
1 (45.63799923704809,-73.52072421007699)
1 (45.39815850442357,-73.47639625536503)
1 (45.312417164532086,-73.51918953568604)
1 (45.73642620326718,-73.55932746893943)
1 (45.57063276177793,-73.53899142628956)
1 (45.55906956687848,-73.32770074021697)
1 (45.36217589577222,-73.27647976316698)
1 (45.38428491358931,-73.2890470952563)
1 (45.408863147507084,-73.68731243319617)
1 (45.32575960536433,-73.57358970870176)
1 (45.28135578675234,-73.6156119475933)
1 (45.484150776447585,-73.29983123656241)
1 (45.7023341778373,-73.49046232983545)
1 (45.37646732994831,-73.42782323060966)
1 (45.67750005801866,-73.3609714612913)
1 (45.58879522745571,-73.40234810866757)
1 (45.509231689820986,-73.66172916775524)
1 (45.42423212643082,-73.56353774008649)
1 (45.591954756806345,-73.70547199542045)
1 (45.54494776176768,-73.71212017381826)
1 (45.623155575929246,-73.48912110832417)
1 (45.474962604210894,-73.36052952606708)
1 (45.48945130099929,-73.47309012291277)
1 (45.33853798521306,-73.57953149911349)
1 (45.60324488685425,-73.55186520262103)
1 (45.35799659175599,-73.46281038210337)
1 (45.3722313059391,-73.47634016507486)
1 (45.4243431472041,-73.57913098217506)
1 (45.28138430092121,-73.51524494512675)
1 (45.484230765823234,-73.36323239684508)
1 (45.25504165904139,-73.65423602413244)
1 (45.557619323866696,-73.71252791403464)
1 (45.54531996697746,-73.62682316943521)
1 (45.41189792362805,-73.60697870810631)
1 (45.36232820392074,-73.55128696996051)
1 (45.27029433975329,-73.35417704024071)
1 (45.32151293065456,-73.412097455834)
1 (45.4250701176349,-73.58071702668758)
1 (45.53395589839962,-73.57307429287366)
1 (45.25930068227164,-73.344349906797)
1 (45.30655822910209,-73.44263469720264)
1 (45.454965785100605,-73.72921294287609)
1 (45.450783856531444,-73.32895556112506)
1 (45.57962626994491,-73.50858934273698)
1 (45.62099775605546,-73.42473182544113)
1 (45.299138849901055,-73.41619985532158)
1 (45.416423142738296,-73.74744351047285)
1 (45.65966154097827,-73.25794392927561)
1 (45.68435505311711,-73.73164949761342)
1 (45.718628133662854,-73.52130226326447)
1 (45.556505612709444,-73.52480628583571)
1 (45.28142067481895,-73.29927944517864)
1 (45.73522024459734,-73.3774657328426)
1 (45.61814505745593,-73.73980950395713)
1 (45.421791784645286,-73.34243611082529)
1 (45.29321526789859,-73.35996404515869)
1 (45.5452129774962,-73.30559622091145)
1 (45.639377795979996,-73.42709662782666)
1 (45.60644611372394,-73.66353301204501)
1 (45.44735853328958,-73.70622412741051)
1 (45.50065182611652,-73.74002826752813)
1 (45.62249001078723,-73.70448945224155)
1 (45.61780738142879,-73.2946507149211)
1 (45.38047807351845,-73.60946765827047)
1 (45.350757974460855,-73.7223152722991)
1 (45.5158922685948,-73.41837043800177)
1 (45.358982852011124,-73.27265141618655)
1 (45.37901556076337,-73.28987203304769)
1 (45.54622158747358,-73.332378559083)
1 (45.43936438671341,-73.41932261195423)
1 (45.71059375498925,-73.51261634489254)
1 (45.69749112408433,-73.74153305102148)
1 (45.716958747610725,-73.46616345849273)
1 (45.730606554600605,-73.50310800476413)
1 (45.323000779485724,-73.52725911136645)
1 (45.3221109082984,-73.71847219913691)
1 (45.46288725231503,-73.41819649574701)
1 (45.43029774551125,-73.73027782351905)
1 (45.355337187732985,-73.4033884616928)
1 (45.697295727083095,-73.53579883356913)
1 (45.25654930161553,-73.39209057246289)
1 (45.285739166670844,-73.71621100328493)
1 (45.52267810316385,-73.59596764947777)
1 (45.5577089210177,-73.71532438290706)
1 (45.38140923359348,-73.43704509617328)
1 (45.478161116658036,-73.35837814494919)
1 (45.43767377040684,-73.47531692698966)
1 (45.63336173430105,-73.37992523290848)
1 (45.45465447476962,-73.68338774127007)
1 (45.40377127781863,-73.34262769581176)
1 (45.35797516006375,-73.43800641586476)
1 (45.62037404145888,-73.67595131599376)
1 (45.70832775512124,-73.62520492554201)
1 (45.46362261495708,-73.64529110086244)
1 (45.575779838523914,-73.26698584084468)
1 (45.43496893521959,-73.37797724051899)
1 (45.32761872125639,-73.57310774188727)
1 (45.442378956556546,-73.62290411275615)
1 (45.31082642726378,-73.30149836810773)
1 (45.39327884668403,-73.70519280045663)
1 (45.27014319489409,-73.2751802915341)
1 (45.681056358992976,-73.65634073883014)
1 (45.59316555325984,-73.35232516949667)
1 (45.58454174249587,-73.25372974150247)
1 (45.615037960583415,-73.57915720677829)
1 (45.37381854233591,-73.69115706905419)
1 (45.74703566339232,-73.67290767480824)
1 (45.33026521542446,-73.32422173972125)
1 (45.615699497448425,-73.38387736545037)
1 (45.443904300760956,-73.3909416010931)
1 (45.71217160074237,-73.67189441284374)
1 (45.746936815626114,-73.29889436816673)
1 (45.25499453516646,-73.50306056649455)
1 (45.57876515754028,-73.49546906422938)
1 (45.56387421507726,-73.4276592431986)
1 (45.55485858428242,-73.59748197406084)
1 (45.72677072603223,-73.43945412044357)
1 (45.62949135762589,-73.35045457066636)
1 (45.718169065613885,-73.44033795027067)
1 (45.40068399159501,-73.616268357452)
1 (45.39249539154634,-73.44239606829234)
1 (45.704604307604406,-73.45070503262986)
1 (45.43338235796989,-73.4319300424434)
1 (45.58623540102278,-73.42954803610135)
1 (45.38685071361171,-73.59684221724773)
1 (45.41329358956593,-73.71346456575564)
1 (45.34446230377792,-73.38001245597731)
1 (45.721180183510086,-73.40780517750665)
1 (45.67111322074313,-73.56690348706509)
1 (45.338176669841445,-73.57375101462047)
1 (45.39137383253064,-73.34561242752405)
1 (45.44214359986644,-73.2819067481194)
1 (45.45814588349412,-73.49194073682257)
1 (45.442659485030674,-73.3684801383652)
1 (45.627895078825496,-73.53078599265221)
1 (45.465836526617615,-73.55760713575383)
1 (45.557830881847806,-73.40826382288894)
1 (45.742975933142745,-73.35117466304825)
1 (45.522143481444466,-73.37644924391428)
1 (45.3687763036761,-73.55966073936354)
1 (45.31677116133562,-73.44448174128608)
1 (45.69998444854611,-73.55405489141476)
1 (45.485159772151455,-73.38600915974627)
1 (45.61117858171035,-73.25983977100873)
1 (45.45108890396051,-73.41355082499405)
1 (45.41079981893533,-73.58930767811341)
1 (45.48887802219352,-73.73534082107994)
1 (45.44759858539662,-73.41815379026707)
1 (45.6961490418642,-73.29956777861955)
1 (45.30533831497775,-73.35633088945498)
1 (45.259809692837656,-73.60465800949841)
1 (45.491899666707546,-73.44156816748198)
1 (45.32203601059598,-73.51235443529377)
1 (45.67785422006714,-73.49675000300768)
1 (45.6597699659628,-73.5428238883307)
1 (45.329127389332534,-73.73951809668445)
1 (45.68861171718532,-73.65788121566092)
1 (45.50854605809,-73.314003798485)
1 (45.4899744984791,-73.54964885364862)
1 (45.691867327583225,-73.7305151571418)
1 (45.63898296085418,-73.44757602853727)
1 (45.6553104017407,-73.749296059717)
1 (45.57983455249391,-73.43672227518796)
1 (45.34366454148243,-73.52914334611785)
1 (45.655206426857745,-73.74456550741994)
1 (45.620721615170545,-73.38071003426961)
1 (45.64677884243691,-73.40232499436517)
1 (45.43708296726903,-73.7177413098519)
1 (45.325059331101656,-73.61989560182244)
1 (45.7243154470344,-73.28728270833878)
1 (45.53843000263513,-73.63096960115993)
1 (45.738982904809404,-73.48206776612143)
1 (45.29370384720055,-73.66677821272515)
1 (45.635254809093595,-73.49483563230812)
1 (45.59346403517655,-73.60311523410041)
1 (45.7405945244983,-73.26524693852802)
1 (45.49907352401116,-73.69591082778743)
1 (45.34545568996644,-73.5953591795081)
1 (45.48248066763026,-73.67560376493405)
1 (45.29496572042584,-73.4692909399924)
1 (45.61480965021608,-73.30991606540218)
1 (45.2882514162504,-73.50674719335781)
1 (45.515212872428336,-73.36836439161735)
1 (45.549362332976585,-73.60849585481726)
1 (45.74957590437654,-73.72994795285423)
1 (45.43267339314638,-73.71467882719604)
1 (45.52540354080735,-73.66793331121785)
1 (45.56519892235098,-73.69400857973851)
1 (45.57657917624991,-73.62251176943202)
1 (45.30842636172083,-73.7134444984552)
1 (45.56967761899417,-73.53333555224106)
1 (45.643078112449714,-73.50386106529018)
1 (45.692124990922466,-73.5495445442499)
1 (45.541636465123304,-73.73751278756184)
1 (45.30173766600608,-73.66487568640417)
1 (45.49551675739205,-73.2677691110358)
1 (45.62703523901394,-73.53980272298062)
1 (45.606450023059544,-73.2506351547884)
1 (45.50821104016731,-73.47138433173161)
1 (45.53493701343837,-73.67099230011226)
1 (45.55975684939532,-73.65460424599249)
1 (45.62256136271713,-73.53428548052885)
1 (45.41747684134991,-73.54646740168711)
1 (45.66950037114767,-73.45655219311116)
1 (45.40498902199471,-73.29597165267322)
1 (45.65374766877365,-73.59223103027648)
1 (45.517800663304186,-73.33930488183242)
1 (45.62436288327728,-73.28010549712914)
1 (45.57665756400061,-73.38022322719247)
1 (45.587489070299306,-73.46303205466728)
1 (45.74610538366959,-73.58054601049645)
1 (45.43092963207951,-73.3467691027691)
1 (45.349064166829436,-73.3750590351787)
1 (45.30075204266785,-73.4072665923401)
1 (45.53370604975629,-73.39884786473657)
1 (45.35168660072205,-73.73419403647489)
1 (45.365038872868645,-73.57318863931886)
1 (45.44201424170495,-73.3112776002948)
1 (45.32033699455638,-73.43860400083358)
1 (45.63318803346499,-73.68118489688115)
1 (45.46492390091327,-73.35054751099533)
1 (45.284609000924824,-73.52423910243445)
1 (45.272799304404714,-73.66441027353662)
1 (45.60477752010187,-73.49616196784696)
1 (45.63521683716328,-73.53214889989124)
1 (45.731467433995576,-73.72033834313697)
1 (45.56955679137475,-73.41281453917864)
1 (45.265620729110104,-73.61476262528406)
1 (45.50070137932604,-73.36361807809583)
1 (45.67633641426223,-73.25287075202625)
1 (45.737608595554796,-73.6268971396362)
1 (45.62762811069979,-73.71087907026052)
1 (45.4088937859776,-73.46145585847671)
1 (45.55155050385313,-73.3420446434584)
1 (45.65296644735535,-73.5842291292992)
1 (45.706845646943265,-73.64042924018416)
1 (45.280633073440704,-73.4900781883667)
1 (45.51743599616514,-73.31329253512382)
1 (45.4410649124334,-73.30375504889206)
1 (45.68089163862357,-73.37215771820497)
1 (45.52564322781745,-73.68867880401378)
1 (45.37342509582478,-73.47788589379729)
1 (45.638432466845124,-73.69214710027848)
1 (45.355017848127986,-73.43476352616828)
1 (45.446895344049054,-73.74596172076471)
1 (45.39595845579981,-73.62265018891108)
1 (45.60195186284857,-73.36517765647652)
1 (45.70437300665125,-73.28465175164328)
1 (45.68259802297079,-73.39579043639769)
1 (45.43325425594605,-73.45057728922609)
1 (45.2770375621872,-73.4546569870932)
1 (45.38504685974843,-73.37360580122652)
1 (45.359644076070225,-73.4818008498169)
1 (45.712021658959124,-73.68913181878054)
1 (45.56105864139669,-73.58648295831652)
1 (45.73147277812833,-73.57067714496281)
1 (45.25734158206947,-73.6140245899856)
1 (45.43619721172048,-73.45804852601754)
1 (45.62333516575784,-73.59034978511473)
1 (45.382767253013874,-73.46758954897469)
1 (45.405257542479994,-73.41556976103544)
1 (45.38278190507322,-73.36341752441497)
1 (45.668036104887165,-73.37666248674716)
1 (45.30558420237743,-73.47195450840559)
1 (45.66400222122876,-73.73240594371511)
1 (45.32485724767528,-73.65985422382558)
1 (45.251307103237785,-73.29120410461017)
1 (45.60606230679467,-73.46759489639446)
1 (45.462782262767625,-73.55430026167595)
1 (45.73685842086807,-73.69755083692804)
1 (45.38895597361114,-73.63310241920396)
1 (45.648443491214834,-73.6962735821653)
1 (45.49255068494031,-73.26995152784585)
1 (45.36218265786667,-73.74600640293134)
1 (45.31602432008442,-73.39664315446339)
1 (45.62294072296207,-73.3901240153225)
1 (45.2785820608112,-73.2543692160591)
1 (45.348210895583286,-73.66123208999836)
1 (45.38457314727838,-73.67247647701927)
1 (45.33043312678183,-73.55907951080955)
1 (45.681300713784104,-73.66154418006175)
1 (45.27882094297273,-73.73822875205916)
1 (45.71101079904051,-73.5187636333466)
1 (45.57656663567575,-73.7125983024021)
1 (45.49919028864383,-73.67045797309312)
1 (45.55947017323343,-73.46553358716115)
1 (45.30929119895216,-73.48781075960913)
1 (45.692838338526485,-73.6699810060608)
1 (45.47261279479512,-73.30747776094356)
1 (45.73492598747835,-73.27363272028983)
1 (45.5713105904484,-73.36873647991406)
1 (45.327242530914255,-73.48857757219082)
1 (45.61236507082441,-73.34318349915017)
1 (45.44472205348364,-73.74403671054418)
1 (45.58083091659712,-73.58172044327006)
1 (45.272056708357866,-73.41418044636464)
1 (45.40180104605585,-73.63667440820855)
1 (45.34641851125017,-73.62081562306118)
1 (45.372257899490485,-73.53437950064422)
1 (45.72134551955773,-73.63290096912598)
1 (45.54634773705105,-73.67540156274853)
1 (45.46174426446992,-73.34139088536583)
1 (45.37060200772406,-73.6258183855639)
1 (45.47576090024716,-73.47882575305816)
1 (45.569243157283715,-73.43357349816694)
1 (45.52569950120345,-73.67838043815554)
1 (45.37395039799371,-73.45890190885787)
1 (45.73721652071354,-73.62674991499783)
1 (45.677324372236555,-73.54718164694019)
1 (45.54369649207984,-73.4592943815693)
1 (45.56477795595568,-73.6962954751035)
1 (45.261014480748265,-73.67428421822682)
1 (45.44569355405128,-73.67869259379113)
1 (45.38681688755667,-73.70587768282962)
1 (45.661425615512094,-73.37082066687897)
1 (45.258002716637876,-73.3926327529289)
1 (45.49509052502424,-73.31945384644908)
1 (45.38026357372708,-73.40989709042827)
1 (45.446073973634114,-73.33567304338841)
1 (45.56434088631719,-73.30033820601875)
1 (45.46079958074843,-73.65286022666153)
1 (45.465085259782754,-73.53716897348082)
1 (45.53054045066525,-73.41504876172327)
1 (45.72145309671412,-73.58929147156445)
1 (45.67691894435885,-73.47632755211941)
1 (45.63825183799352,-73.72662502652992)
1 (45.34622803184365,-73.6907270369427)
1 (45.733745541155415,-73.30730265663621)
1 (45.624820877375086,-73.5551205761185)
1 (45.50115876754333,-73.52621262175242)
1 (45.46955376920538,-73.73515532863308)
1 (45.396667079312124,-73.57653011086803)
1 (45.319630549003676,-73.65608208286173)
1 (45.371638511907626,-73.38242685688357)
1 (45.519185113135,-73.47658404288663)
1 (45.712691062247465,-73.50206456809256)
1 (45.43355188683459,-73.38430996738931)
1 (45.539557128374824,-73.47527095787872)
1 (45.486412256450855,-73.2567976783375)
1 (45.5377963121112,-73.29996515872112)
1 (45.579868454915,-73.32082915706302)
1 (45.37107429644201,-73.36544217775834)
1 (45.48498454911544,-73.51698928342644)
1 (45.72602561492252,-73.54904425084386)
1 (45.30644745920002,-73.33430532652618)
1 (45.591644701148326,-73.29553968301842)
1 (45.531739229788286,-73.42232513490585)
1 (45.66469958755693,-73.3456978153923)
1 (45.4725751461558,-73.3148472220877)
1 (45.70283905435087,-73.36209177394304)
1 (45.59435042427822,-73.61074642652532)
1 (45.71786436306068,-73.51607853783446)
1 (45.30795154922831,-73.45294445431927)
1 (45.61306280039176,-73.65019893392677)
1 (45.26752669809063,-73.6265548741842)
1 (45.720550854825355,-73.41490807744732)
1 (45.5776728005244,-73.56158770519912)
1 (45.68725064387483,-73.29758970024074)
1 (45.56398518390719,-73.4743292388326)
1 (45.29142408472453,-73.71522584192294)
1 (45.40202912260602,-73.31461816016305)
1 (45.54561504658347,-73.3298863766161)
1 (45.43153048551197,-73.60371943871453)
1 (45.35640039162437,-73.46837073423215)
1 (45.40494665441414,-73.64935309276933)
1 (45.56652680518102,-73.48387719637404)
1 (45.7325663678254,-73.51066522615726)
1 (45.400810882435366,-73.58849304951275)
1 (45.48990111818998,-73.45653435645887)
1 (45.67360584554942,-73.61059205705848)
1 (45.54736852024188,-73.51558635754533)
1 (45.59268907995312,-73.29089323595082)
1 (45.667131626696225,-73.5556469160085)
1 (45.61210028952808,-73.62497854333441)
1 (45.28744637685538,-73.65409101189185)
1 (45.5447610216217,-73.3884843882231)
1 (45.480982574276126,-73.32865393846502)
1 (45.54463206029396,-73.34397520637096)
1 (45.73032218763648,-73.49074944997513)
1 (45.6077158267975,-73.72567545941527)
1 (45.71120192222887,-73.26019562458713)
1 (45.42138698901237,-73.42977883509846)
1 (45.71205546198111,-73.54147968807942)
1 (45.71233492331723,-73.40397200410465)
1 (45.64702384066553,-73.50729855017703)
1 (45.704827707626144,-73.5301028626476)
1 (45.338840885562,-73.3650921298795)
1 (45.403058073882434,-73.32859127833473)
1 (45.35786389438965,-73.49664226246973)
1 (45.654007286687346,-73.58222343846855)
1 (45.704007828178,-73.25954001618939)
1 (45.33056421797575,-73.48038863210469)
1 (45.5094549547586,-73.42243028466727)
1 (45.49856189937369,-73.62261039512009)
1 (45.72174964411498,-73.37342252063092)
1 (45.5959454598108,-73.69239209088167)
1 (45.39925187978362,-73.39291210614724)
1 (45.45746049667114,-73.31893958434728)
1 (45.31391078213061,-73.41828747387692)
1 (45.46405202059077,-73.5852419388244)
1 (45.50993311834763,-73.34860324810312)
1 (45.68258977113946,-73.31628392692149)
1 (45.311159895401005,-73.54228044394208)
1 (45.58858663086386,-73.69083218905027)
1 (45.50482735157918,-73.25025013488302)
1 (45.33225239051681,-73.36427960988334)
1 (45.55487709892656,-73.30068721105557)
1 (45.5165262222287,-73.66845086911839)
1 (45.714093338437564,-73.40958685705844)
1 (45.60465667799743,-73.56706458567261)
1 (45.311083382195825,-73.53391633851143)
1 (45.364449114781365,-73.392715951181)
1 (45.28548101521746,-73.71093036650028)
1 (45.6864759178789,-73.47278619049021)
1 (45.732740469890985,-73.33846887430536)
1 (45.684345973064204,-73.56760379164635)
1 (45.29850210170986,-73.3466612900765)
1 (45.69655537028065,-73.59447465267178)
1 (45.731749134708565,-73.69144197063581)
1 (45.661492365554835,-73.39586701783867)
1 (45.26583813334247,-73.56463709223821)
1 (45.32984503579454,-73.32907947605595)
1 (45.746974094891456,-73.66411329589057)
1 (45.41196132339034,-73.70813860356353)
1 (45.57081430242152,-73.30058449371226)
1 (45.531636458660266,-73.61646557716003)
1 (45.51962366073327,-73.53515312677933)
1 (45.272353908453475,-73.33101924615318)
1 (45.51476695701755,-73.44351797714945)
1 (45.65718159069969,-73.55516597115673)
1 (45.612312325981144,-73.48901104366234)
1 (45.5993258773169,-73.34844461181133)
1 (45.27313316669433,-73.35723133537549)
1 (45.69677182951439,-73.56668791899192)
1 (45.533134181550665,-73.4600240459552)
1 (45.72148864861267,-73.28562960281026)
1 (45.68409024460153,-73.65590905211577)
1 (45.27135542081866,-73.57516943122015)
1 (45.45107558962282,-73.55779291752751)
1 (45.311262678949284,-73.61988635119535)
1 (45.41857343768987,-73.60690445966482)
1 (45.72877132723617,-73.54418304462314)
1 (45.614095021613686,-73.38437388621811)
1 (45.56926126495396,-73.39761287275783)
1 (45.705499976318144,-73.40873152670166)
1 (45.29567757834405,-73.5874835473957)
1 (45.70619827084416,-73.42883222484569)
1 (45.73878315595906,-73.61174927592083)
1 (45.41102750502064,-73.46731709033689)
1 (45.365252476238695,-73.74549683346017)
1 (45.504837148291315,-73.59970489371639)
1 (45.59299173041468,-73.3689982991117)
1 (45.395675096880595,-73.66856054578007)
1 (45.62574653357137,-73.39434650581413)
1 (45.3249598163693,-73.33091895768928)
1 (45.66235924348105,-73.2511072761569)
1 (45.69813486955274,-73.52024769222895)
1 (45.359963380492204,-73.62921520458191)
1 (45.361040798340966,-73.5717126058549)
1 (45.594953969663166,-73.64950806857915)
1 (45.71960250596334,-73.41136578934791)
1 (45.37074775959437,-73.33883752926887)
1 (45.66341892634147,-73.34610592039499)
1 (45.66714858030327,-73.72761217236639)
1 (45.70745458224702,-73.61186651176091)
1 (45.6125587149121,-73.56292147500943)
1 (45.61027123208746,-73.44246783152337)
1 (45.58732768782706,-73.54005766847747)
1 (45.46210105437731,-73.51092391925613)
1 (45.73420614994346,-73.59929512192315)
1 (45.361550920318464,-73.66872663976892)
1 (45.36017287048213,-73.71320495270805)
1 (45.31584083957791,-73.46673399229219)
1 (45.36282881977352,-73.70257564265577)
1 (45.406217663737465,-73.48377051642399)
1 (45.60410319514623,-73.46617814887479)
1 (45.55754872848773,-73.51590297343753)
1 (45.58419183168597,-73.59115731134031)
1 (45.439088139705085,-73.69058518833042)
1 (45.33944933215176,-73.62674898820434)
1 (45.60202173180454,-73.56547104570642)
1 (45.699382006185985,-73.35431555297801)
1 (45.42863521509245,-73.25167550467371)
1 (45.389939514397405,-73.67136021162239)
1 (45.32781295954468,-73.56561853999426)
1 (45.462978893425955,-73.7262237649031)
1 (45.36206356171138,-73.6623178572646)
1 (45.66507531175856,-73.69358508783911)
1 (45.632381147819586,-73.53610124355416)
1 (45.63277989008881,-73.56867990835299)
1 (45.27899013480407,-73.69219020785741)
1 (45.71597550659524,-73.58032022686118)
1 (45.37838403929982,-73.69446192348616)
1 (45.2861573597542,-73.27933969493999)
1 (45.33005747955012,-73.68092677966659)
1 (45.582266000390995,-73.5500083824093)
1 (45.52994366893765,-73.30906482717073)
1 (45.483125937306546,-73.71725318350701)
1 (45.7218080037751,-73.44814408094895)
1 (45.57259413045349,-73.5821880987713)
1 (45.402711667986416,-73.27500003892496)
1 (45.48119824451047,-73.61250174999911)
1 (45.53414737925891,-73.25348532898869)
1 (45.746345263380626,-73.64266720476874)
1 (45.57656277572355,-73.28590462990145)
1 (45.33210702222408,-73.30173233896566)
1 (45.521725161399374,-73.6172299833313)
1 (45.48913992128817,-73.48361696938895)
1 (45.64474462348679,-73.3497473426728)
1 (45.31547176108911,-73.50638567992806)
1 (45.63556082315695,-73.68701543797673)
1 (45.699689624152406,-73.67288370196837)
1 (45.5983119990567,-73.2716238853572)
1 (45.28948823477465,-73.74541556721758)
1 (45.62624319245309,-73.71121749569618)
1 (45.730589432317636,-73.38181486852392)
1 (45.26967357031358,-73.60160950594764)
1 (45.66371861155678,-73.34929594239787)
1 (45.71503157462986,-73.55453682692001)
1 (45.35062536879676,-73.33589641398629)
1 (45.38407935443293,-73.42071587327158)
1 (45.32406074575102,-73.41711271023847)
1 (45.44418659012157,-73.5663379804817)
1 (45.621174940108034,-73.70749822409599)
1 (45.39287696742669,-73.71299903582614)
1 (45.46497442536306,-73.43353714283761)
1 (45.442858818956154,-73.48728804808233)
1 (45.70427873038521,-73.60502470356343)
1 (45.38736478010723,-73.44686543648722)
1 (45.4090428086708,-73.63747773953126)
1 (45.469863531831514,-73.45484165779423)
1 (45.74496126887787,-73.6877671770111)
1 (45.517070123314625,-73.36362272826028)
1 (45.61894731411606,-73.60920741581282)
1 (45.71966943174662,-73.54311941709459)
1 (45.59537929086527,-73.31075507812334)
1 (45.461280746715154,-73.34632242495074)
1 (45.7319338423167,-73.41776297458192)
1 (45.502929734361125,-73.64772641741762)
1 (45.27337558092477,-73.47890285331393)
1 (45.62765738716443,-73.61694106859166)
1 (45.57184862065429,-73.54541358021025)
1 (45.53788349243706,-73.40105787973802)
1 (45.67301637329189,-73.2647493180941)
1 (45.37675601974668,-73.3849469959356)
1 (45.71882176158971,-73.6809952669737)
1 (45.713955518613304,-73.6786386537572)
1 (45.66969054668163,-73.71908647068251)
1 (45.69628740533969,-73.44529940447461)
1 (45.34167664262265,-73.34890825076754)
1 (45.31388283049276,-73.63204365393021)
1 (45.38734871869348,-73.6787745792707)
1 (45.373942511542445,-73.59892672951484)
1 (45.62314326982781,-73.71557398997233)
1 (45.30569590151263,-73.55894582942074)
1 (45.52046037658685,-73.25104035004527)
1 (45.34261158845278,-73.64373106629724)
1 (45.732953647202145,-73.29014879791481)
1 (45.44088273470979,-73.29583882945349)
1 (45.72826713092273,-73.62855528667836)
1 (45.49682524888949,-73.55916568966896)
1 (45.42889743669055,-73.61129097141796)
1 (45.520063912466554,-73.69398101703048)
1 (45.743910202781635,-73.26459075408941)
1 (45.404245613943004,-73.38243234196752)
1 (45.49091588269548,-73.38677819690623)
1 (45.31250679208575,-73.61410781739191)
1 (45.466010391240744,-73.31254698012467)
1 (45.46103551209582,-73.64934536769854)
1 (45.31831225241037,-73.42777223208792)
1 (45.74080692204928,-73.25045925907916)
1 (45.42527843438012,-73.60915263089183)
1 (45.66493413924895,-73.64790935449386)
1 (45.64515679930998,-73.59452768055982)
1 (45.56706481528151,-73.46966961574951)
1 (45.6437341706884,-73.35563195125258)
1 (45.30486702260912,-73.60765741481002)
1 (45.453964445257995,-73.34534165991579)
1 (45.441886225052116,-73.72506586876433)
1 (45.52911229120315,-73.52613626639769)
1 (45.49091859519016,-73.32279672687561)
1 (45.29272334875277,-73.35554140794723)
1 (45.30253398905928,-73.48192209614068)
1 (45.57203314513576,-73.40773681738106)
1 (45.573495384070824,-73.58220835386379)
1 (45.325352312627466,-73.54830651203295)
1 (45.73155965810829,-73.46421649671241)
1 (45.73851647499766,-73.55127572281226)
1 (45.625508078184374,-73.65434823919477)
1 (45.57066541851757,-73.25412283983411)
1 (45.51224297865187,-73.40843798745234)
1 (45.57541625713035,-73.28737195390197)
1 (45.286400467606136,-73.45009608774592)
1 (45.409921718477726,-73.59066483031461)
1 (45.74216733757376,-73.38498920573642)
1 (45.67135494461398,-73.3368792379946)
1 (45.39185343443275,-73.36159927301789)
1 (45.56803839713764,-73.52990315987279)
1 (45.491259324163515,-73.62273286567716)
1 (45.74073497180717,-73.4200927591562)
1 (45.437992110154,-73.65015831984707)
1 (45.39854526085606,-73.49423469219913)
1 (45.61562058099413,-73.64722829658217)
1 (45.72340583611925,-73.64400146291828)
1 (45.553924383336046,-73.6312011734932)
1 (45.427358896482204,-73.69843140254568)
1 (45.46347989375939,-73.41820497482905)
1 (45.41756482115865,-73.32188291197674)
1 (45.28143878683547,-73.27939285312127)
1 (45.73545448656873,-73.3292053899128)
1 (45.334593919025245,-73.52682008955416)
1 (45.28846946451703,-73.25453757072724)
1 (45.585689899933996,-73.25192748816498)
1 (45.385513500710935,-73.52918660450905)
1 (45.67942442172104,-73.38824686776506)
1 (45.720539972168666,-73.37745934250158)
1 (45.64569952185614,-73.70304972674631)
1 (45.722625290834664,-73.52711040771504)
1 (45.649420253686905,-73.74014056888858)
1 (45.60542953000767,-73.5532392634633)
1 (45.59850154716866,-73.63785204152678)
1 (45.5041207691293,-73.63101169248996)
1 (45.73473225430212,-73.63252907180487)
1 (45.28364093429483,-73.66349921055475)
1 (45.53575882560102,-73.42839528351786)
1 (45.43861637153696,-73.67622237970315)
1 (45.3506890698175,-73.46967486379673)
1 (45.48226733134908,-73.52965259078398)
1 (45.67668005226982,-73.4901989086435)
1 (45.33934624335041,-73.39496940948473)
1 (45.359362150647726,-73.53945542524485)
1 (45.51643543982657,-73.56678869415475)
1 (45.266064840461205,-73.49214807484523)
1 (45.72186093551258,-73.549369800934)
1 (45.63754789716974,-73.34080865931084)
1 (45.647029258264055,-73.44997777811096)
1 (45.37130504158065,-73.3478642990183)
1 (45.30117067110469,-73.54461993280704)
1 (45.42749526916226,-73.39479049082385)
1 (45.61227238908553,-73.44729367383235)
1 (45.37717057245761,-73.6115866443269)
1 (45.468411362582394,-73.61417570420409)
1 (45.33170678100391,-73.59979139909673)
1 (45.47574723134337,-73.44885075500989)
1 (45.602207736383264,-73.27661025012128)
1 (45.45211133866425,-73.54372054533874)
1 (45.438141201490346,-73.56645867733657)
1 (45.558428923798395,-73.59615225687816)
1 (45.58557822728835,-73.34932917873002)
1 (45.49413715887226,-73.27571819445467)
1 (45.68714592136588,-73.74287148512417)
1 (45.347312435896555,-73.29104669300092)
1 (45.7181669412751,-73.4469302535148)
1 (45.49539644110114,-73.61134702098208)
1 (45.71644721429802,-73.51551535624209)
1 (45.39821069942242,-73.73858927190538)
1 (45.51678672158024,-73.54178506735178)
1 (45.71137589022623,-73.60161282217543)
1 (45.545526477324685,-73.3466032395017)
1 (45.375302077804285,-73.55310534790885)
1 (45.46530809785327,-73.35058669809108)
1 (45.70259270272129,-73.59443699625933)
1 (45.58571056846927,-73.38328978327769)
1 (45.495005196236434,-73.33175249903417)
1 (45.47154228366262,-73.74127830643322)
1 (45.370037367657886,-73.27951687403774)
1 (45.587304420685655,-73.34932581846574)
1 (45.26675926940567,-73.47487835203914)
1 (45.61370539998168,-73.40582026080764)
1 (45.53068607258531,-73.4477551827738)
1 (45.260093964146456,-73.40469993311133)
1 (45.54828816232936,-73.40747089274288)
1 (45.47529216994081,-73.42184280450438)
1 (45.61316083524552,-73.5570554950761)
1 (45.42854756956434,-73.53381392578696)
1 (45.557926093849304,-73.73099824383839)
1 (45.492187145729616,-73.7012310921834)
1 (45.67861546903925,-73.5712804466089)
1 (45.708044115340186,-73.39773916880178)
1 (45.61158329651982,-73.70993462974799)
1 (45.360841582550535,-73.69868948062756)
1 (45.59692542496665,-73.41416975045067)
1 (45.313455731040534,-73.46110049323215)
1 (45.47692971752293,-73.37226955168892)
1 (45.68134416579412,-73.62833193439118)
1 (45.33325981539903,-73.2550147434897)
1 (45.73641348763598,-73.57913483174805)
1 (45.36237485455704,-73.37829702289099)
1 (45.63421358340266,-73.3113454051332)
1 (45.42511357672338,-73.71788647405462)
1 (45.65258397896963,-73.60547114554228)
1 (45.68342175545256,-73.68698159283589)
1 (45.6147412948788,-73.65277312351803)
1 (45.3548780128862,-73.4812140102896)
1 (45.545285083513875,-73.45617870369928)
1 (45.37397359956098,-73.42419832710917)
1 (45.373712254212464,-73.62046462149499)
1 (45.64802772530726,-73.60951009395555)
1 (45.65676898872003,-73.4406306026636)
1 (45.6351705879227,-73.7321432444923)
1 (45.338332143073835,-73.47423938286096)
1 (45.65200218236559,-73.33404082289259)
1 (45.5035004354685,-73.5447292625941)
1 (45.63933568319432,-73.25421144121563)
1 (45.41218889762258,-73.36831098089549)
1 (45.57585999725831,-73.37423625958269)
1 (45.31675863372773,-73.72704094100078)
1 (45.33160693006612,-73.28463954928574)
1 (45.67807683568664,-73.32501860469847)
1 (45.49578396999411,-73.26663898804867)
1 (45.394890646741985,-73.66338595947208)
1 (45.59683480401839,-73.48720944960925)
1 (45.55251143960712,-73.45291280694235)
1 (45.65651515231187,-73.54318731163788)
1 (45.47854458682296,-73.25043172486788)
1 (45.68432250168618,-73.46231021092659)
1 (45.56576294876557,-73.65724241564706)
1 (45.52379398011048,-73.47563004314598)
1 (45.38521063240671,-73.55383522215939)
1 (45.4079874157904,-73.31665502254097)
1 (45.56623686551886,-73.46588940916239)
1 (45.66788653473967,-73.47786977726972)
1 (45.264398071615204,-73.2614819969614)
1 (45.26452180103717,-73.2649499838227)
1 (45.273029539734104,-73.46879866343816)
1 (45.68327430928902,-73.63303152606349)
1 (45.45977642296215,-73.57736842042193)
1 (45.73713101177882,-73.66781176061797)
1 (45.725486879769235,-73.74394949370154)
1 (45.47458520967397,-73.68705355150927)
1 (45.58960878256308,-73.36667416138278)
1 (45.6774270086396,-73.28523084860738)
1 (45.3035943662676,-73.51791576923654)
1 (45.36384431194242,-73.72559725724825)
1 (45.58180561612743,-73.7375716994537)
1 (45.283055697438606,-73.39987735316092)
1 (45.61802658425037,-73.68406151220947)
1 (45.59912221363411,-73.62607311887005)
1 (45.52492689549801,-73.62031977038657)
1 (45.31363598760279,-73.33954620827369)
1 (45.69368414067582,-73.67641894177446)
1 (45.46965931807702,-73.2515793769722)
1 (45.32146099545616,-73.27918766307388)
1 (45.31258869754365,-73.30303864354613)
1 (45.49554640274164,-73.57229572166578)
1 (45.357543945332644,-73.72855052081437)
1 (45.254708194678585,-73.56775712917234)
1 (45.727433518290624,-73.26877683296915)
1 (45.47066796507739,-73.67165830918138)
1 (45.68102266455345,-73.52491230540663)
1 (45.705597170487046,-73.61314894016044)
1 (45.44613212187673,-73.64044853820302)
1 (45.4051470166076,-73.67633833140228)
1 (45.30952066323335,-73.42054027397685)
1 (45.38076235735402,-73.4897207969513)
1 (45.39205551773589,-73.65897871363813)
1 (45.51989387658593,-73.46710885302474)
1 (45.65545067104917,-73.3368186068876)
1 (45.53821048802495,-73.31778363059465)
1 (45.44515379203647,-73.48512482259659)
1 (45.35402751667822,-73.35167733871515)
1 (45.27288808613579,-73.36709616836475)
1 (45.32190433250658,-73.59788299546409)
1 (45.58190644124365,-73.73199285058904)
1 (45.609728543485815,-73.53164228239801)
1 (45.4181908922735,-73.72483667269107)
1 (45.44159187555077,-73.46619262699151)
1 (45.251631222493764,-73.60177085066749)
1 (45.25737656642045,-73.41146033991457)
1 (45.65264216756709,-73.70125983005107)
1 (45.559208869652394,-73.43156684671779)
1 (45.631729869908966,-73.65597684660112)
1 (45.324800034166564,-73.74747076237398)
1 (45.69219341919267,-73.59927030799892)
1 (45.36818304516867,-73.52979881594132)
1 (45.52944868511694,-73.6235180742019)
1 (45.41946685579786,-73.5100242087781)
1 (45.33438697320024,-73.48547137991119)
1 (45.476968126920234,-73.70563149582232)
1 (45.32273211641083,-73.52585836790084)
1 (45.65744374449757,-73.70676250799939)
1 (45.4175352925946,-73.47706022678167)
1 (45.333135599879895,-73.60806812523455)
1 (45.457747495001534,-73.27359050526351)
1 (45.29795252916879,-73.290096616331)
1 (45.392235665024366,-73.65540168548895)
1 (45.54935251114498,-73.35952916735448)
1 (45.64565903162164,-73.26371055868951)
1 (45.50735147246723,-73.64692925500667)
1 (45.71029807742233,-73.57307732421219)
1 (45.61757340353631,-73.73440250275212)
1 (45.52622927546081,-73.38189097385214)
1 (45.301369799564384,-73.5436694403822)
1 (45.36116465559678,-73.69620674615922)
1 (45.62277447802973,-73.5575339503588)
1 (45.69082591889979,-73.68904927138642)
1 (45.33942353205307,-73.27458560351747)
1 (45.510898579249606,-73.49883796130422)
1 (45.692558054286295,-73.50820468918484)
1 (45.58241247412305,-73.44650934097587)
1 (45.36984070091789,-73.63654409834352)
1 (45.32382081689289,-73.30120377572797)
1 (45.54395562392737,-73.39014268078905)
1 (45.41510052253799,-73.50905213121386)
1 (45.749824141016234,-73.72818027571627)
1 (45.67187260231581,-73.3186409749279)
1 (45.6137574056334,-73.30311495222048)
1 (45.38084196994847,-73.49015255910395)
1 (45.588979937266956,-73.446548635694)
1 (45.56178191139198,-73.26296924696557)
1 (45.38369676004236,-73.52664747808079)
1 (45.5358392505546,-73.47869961766338)
1 (45.6902397436188,-73.42929918691117)
1 (45.73511196146168,-73.71312669259946)
1 (45.63681733254849,-73.30141965926377)
1 (45.384251745088285,-73.4614965613736)
1 (45.58700488480829,-73.56542681223343)
1 (45.52127002560684,-73.34685879749024)
1 (45.506351263350965,-73.5688802748562)
1 (45.301776397134766,-73.48083786109467)
1 (45.600340637067724,-73.57264043801527)
1 (45.64855446111864,-73.50025774715375)
1 (45.30343652284289,-73.60463166261215)
1 (45.56668076687263,-73.43146010248536)
1 (45.46504865367242,-73.51439902593737)
1 (45.34331826310207,-73.39694897837553)
1 (45.7350013875899,-73.35612920937646)
1 (45.39086659196411,-73.2761634040616)
1 (45.698445607387505,-73.50466114376701)
1 (45.672327158001224,-73.26372179188274)
1 (45.74814443163855,-73.67024271687956)
1 (45.46854194954199,-73.33440042835258)
1 (45.51067638450723,-73.72339507068845)
1 (45.708390447406856,-73.42440093116318)
1 (45.36233782116104,-73.47122689936766)
1 (45.68508029391569,-73.6731298118813)
1 (45.6803897274584,-73.74089618982167)
1 (45.72434263555655,-73.33875606771107)
1 (45.47578238030866,-73.32464756731513)
1 (45.253644236700346,-73.50423081548294)
1 (45.444604589880406,-73.52395879121397)
1 (45.74545402481182,-73.42824588524816)
1 (45.25724231686341,-73.69781053389057)
1 (45.672152496728266,-73.36777618087514)
1 (45.576595291143235,-73.37194880323008)
1 (45.41534843545713,-73.40539387828801)
1 (45.35968777381165,-73.60224010017212)
1 (45.518167852918864,-73.25546001362001)
1 (45.450623596380225,-73.40582466875719)
1 (45.25550605156606,-73.69859254641639)
1 (45.31707346423295,-73.67875390618889)
1 (45.72428447158733,-73.70347750330349)
1 (45.51734584997514,-73.60815304433795)
1 (45.523429657312796,-73.43913293946825)
1 (45.61058135073699,-73.66068123102694)
1 (45.60159258665429,-73.25915354321562)
1 (45.73872324015153,-73.28716619964689)
1 (45.49955232135371,-73.3522564249637)
1 (45.51565557841308,-73.52577129438342)
1 (45.503798691895156,-73.60061688526874)
1 (45.6562634157362,-73.7129081493253)
1 (45.65796461856847,-73.26902556965388)
1 (45.46615774545949,-73.5223387731921)
1 (45.64957934662608,-73.46381688126111)
1 (45.39142150666779,-73.54851617479835)
1 (45.30103962187412,-73.35081093575829)
1 (45.296970724182565,-73.63019320118846)
1 (45.74574684709754,-73.40617967346616)
1 (45.50198869854173,-73.57468477926524)
1 (45.363033675170485,-73.49319076197585)
1 (45.351378993598374,-73.39189911113448)
1 (45.67880466755184,-73.31120051685058)
1 (45.743296461191306,-73.58035886387111)
1 (45.71274111680037,-73.25106039318105)
1 (45.564553834162325,-73.42491400107882)
1 (45.66747103124914,-73.41326945725491)
1 (45.408064600222566,-73.6677030825701)
1 (45.41028115457277,-73.50174818674351)
1 (45.25947125272741,-73.30015073477813)
1 (45.39374851169315,-73.49702685785007)
1 (45.54372121287647,-73.59439407055595)
1 (45.498094827039175,-73.43793500152653)
1 (45.516591006883026,-73.34751145392947)
1 (45.25511799828368,-73.3005459423239)
1 (45.47102270595999,-73.65128269375923)
1 (45.531230434610514,-73.35717397142544)
1 (45.60362465265422,-73.3239397501759)
1 (45.50543502721039,-73.52663905200235)
1 (45.65280199819779,-73.44847297330945)
1 (45.67699527462194,-73.58980752421522)
1 (45.57672087667998,-73.2545380739519)
1 (45.677106592022675,-73.74158464752361)
1 (45.58667299396575,-73.35786459031745)
1 (45.339052112361806,-73.28207845560195)
1 (45.289396204488476,-73.63229714675742)
1 (45.302126609778526,-73.31557168148916)
1 (45.52051947683491,-73.73520600113035)
1 (45.38603821844663,-73.62623200807099)
1 (45.67053914109696,-73.5369843725536)
1 (45.57454824288924,-73.43415857760108)
1 (45.41459660301945,-73.41970481136957)
1 (45.68978533377803,-73.50440576815238)
1 (45.25781595103807,-73.6087380111435)
1 (45.7219709284624,-73.58504327507168)
1 (45.69907302767312,-73.38424245753073)
1 (45.30321854520028,-73.3881042758167)
1 (45.597806189919744,-73.68691403100011)
1 (45.4786206542614,-73.29944165949621)
1 (45.50084180314976,-73.28424002699495)
1 (45.73301223565401,-73.71005526765529)
1 (45.749196086587084,-73.29973259439448)
1 (45.67760116544601,-73.30237078309548)
1 (45.63842826471141,-73.52822203798793)
1 (45.38708125958284,-73.30024430972246)
1 (45.25035789171852,-73.56527087249434)
1 (45.60489459278337,-73.60113417689281)
1 (45.30882295711788,-73.36812507366606)
1 (45.401985473860925,-73.35292488697979)
1 (45.5376433552547,-73.43934926622039)
1 (45.382689376483626,-73.41630584027115)
1 (45.515067657394155,-73.38239826695457)
1 (45.680325629711675,-73.266400559934)
1 (45.42571945966826,-73.62085774915734)
1 (45.27461376400835,-73.73450993852873)
1 (45.40842279680347,-73.59994226582151)
1 (45.59320896077672,-73.57237634854043)
1 (45.38627446343942,-73.30006931517448)
1 (45.4304529310943,-73.63729297641835)
1 (45.34394423673996,-73.3879337985471)
1 (45.427862394574454,-73.54667603964569)
1 (45.48642248977918,-73.31048731783333)
1 (45.71292787395561,-73.43538542985965)
1 (45.5732976456893,-73.60158260650782)
1 (45.28547164427572,-73.46812225394092)
1 (45.473134681437195,-73.61977365070969)
1 (45.37411416288521,-73.51264964478801)
1 (45.623638502751575,-73.36886755483594)
1 (45.25932419371803,-73.36737639710779)
1 (45.6150250933063,-73.47030464138913)
1 (45.47407876109788,-73.65901082514173)
1 (45.53638588919329,-73.25829894551882)
1 (45.34833445866277,-73.48253502938016)
1 (45.5378195262001,-73.35490138847136)
1 (45.559312987859784,-73.5466681685455)
1 (45.26471832821604,-73.45275377251782)
1 (45.68602903663388,-73.51327980428047)
1 (45.414835179217356,-73.38828172354134)
1 (45.7435396993619,-73.37888279660339)
1 (45.65361948050613,-73.42743088759242)
1 (45.29007039167253,-73.64037775289773)
1 (45.49879961836782,-73.50978027784828)
1 (45.45847288186608,-73.61563953463408)
1 (45.551302175544684,-73.50497290954121)
1 (45.66239692732431,-73.65232871056354)
1 (45.60633680848799,-73.32788389152977)
1 (45.267107793911045,-73.55547931069587)
1 (45.72583864212218,-73.53580170770958)
1 (45.69505766380852,-73.39595690443694)
1 (45.29144861298905,-73.2921289978589)
1 (45.25711972917261,-73.42779909089859)
1 (45.38582523549742,-73.32671445266352)
1 (45.461819625422784,-73.64274349512925)
1 (45.56931974315892,-73.25290800055981)
1 (45.656949518138816,-73.52491622888354)
1 (45.728909655030165,-73.3157870089999)
1 (45.60062603864857,-73.33769691579091)
1 (45.67677429706509,-73.34473140705438)
1 (45.44215398548082,-73.2781940831385)
1 (45.56700885659524,-73.3666315626097)
1 (45.61698352524214,-73.572557999232)
1 (45.48071208212147,-73.50349266490504)
1 (45.32459937324659,-73.55752577630358)
1 (45.702045776541794,-73.43005538029912)
1 (45.56335629019346,-73.50013662846509)
1 (45.270852768234,-73.30328257980061)
1 (45.642075898329516,-73.34847305071776)
1 (45.35103298582397,-73.69616761271185)
1 (45.67464564157459,-73.28157690496708)
1 (45.29811602460981,-73.67330016176712)
1 (45.290911659230055,-73.33635692672418)
1 (45.54433131283544,-73.73498086336828)
1 (45.66483272667612,-73.53334764082969)
1 (45.54496578772756,-73.43040674442292)
1 (45.46916380351743,-73.30159721111583)
1 (45.54591180316864,-73.49855461730445)
1 (45.514862765573646,-73.61575503870962)
1 (45.33904675767455,-73.43787036179589)
1 (45.62296537590044,-73.60559764792163)
1 (45.46944876053315,-73.43272724840133)
1 (45.70684889376586,-73.47977453338636)
1 (45.54644122936982,-73.57584711203788)
1 (45.613605642830436,-73.42147357637535)
1 (45.38907243449439,-73.32148350144648)
1 (45.48467366778323,-73.66399850610169)
1 (45.70587447136298,-73.58414651118083)
1 (45.74792230982021,-73.7389190112017)
1 (45.36860910299259,-73.36200438781106)
1 (45.34606640873892,-73.40849692372005)
1 (45.5901966432439,-73.71282759979725)
1 (45.43958355033643,-73.54750999888655)
1 (45.458136858257895,-73.34344628275088)
1 (45.596234523402714,-73.72738766976305)
1 (45.30646952023244,-73.49117280198405)
1 (45.393838109712554,-73.47774116879054)
1 (45.33168526503945,-73.67749621164312)
1 (45.4181268697359,-73.65691345171916)
1 (45.67098598990623,-73.30058631815913)
1 (45.33331154077544,-73.55409218003628)
1 (45.36490683841136,-73.40375007218914)
1 (45.53940737724865,-73.2708221448145)
1 (45.720550652965684,-73.31196392070444)
1 (45.40742663719228,-73.58942126242519)
1 (45.57654864045827,-73.66796076871925)
1 (45.70121694068897,-73.42984758703038)
1 (45.34634943711487,-73.72308110903344)
1 (45.55302638572677,-73.62498236977505)
1 (45.48255205113702,-73.54620304660806)
1 (45.25880180115003,-73.60708745831121)
1 (45.66173645537458,-73.60654642978693)
1 (45.69877732087172,-73.69536311040652)
1 (45.53660877047319,-73.46300202901328)
1 (45.36908651133606,-73.50607536678176)
1 (45.34026631965476,-73.55386682560285)
1 (45.3309315844208,-73.57264011100528)
1 (45.45600132718115,-73.32647217316612)
1 (45.34526959104026,-73.56334378609306)
1 (45.28529981680235,-73.67617200070315)
1 (45.5630257336339,-73.51904885565413)
1 (45.35655611733889,-73.37851364470077)
1 (45.38352004780591,-73.30227496299099)
1 (45.61751125853458,-73.39714450655595)
1 (45.47709444782198,-73.45246477174499)
1 (45.745537028413914,-73.63311292783395)
1 (45.49185273843905,-73.3800364280507)
1 (45.59162559501295,-73.34870256938385)
1 (45.62897721798423,-73.30399245927903)
1 (45.54630802617427,-73.65079454694762)
1 (45.57626101083951,-73.54439815789034)
1 (45.67871330917006,-73.55498247080962)
1 (45.73529629225766,-73.72195998800215)
1 (45.45359250273586,-73.27227080306733)
1 (45.264184322421784,-73.59222819689619)
1 (45.67537137898483,-73.465167343223)
1 (45.684683697316615,-73.65161505830055)
1 (45.54315776700532,-73.30933638216284)
1 (45.67038941242843,-73.29646364893671)
1 (45.32611831364245,-73.27070926939088)
1 (45.640835850626175,-73.69481995402944)
1 (45.68475269556199,-73.5660547126866)
1 (45.435342713231584,-73.64335376886649)
1 (45.57033140548834,-73.31749164102665)
1 (45.62997354270859,-73.52904219123285)
1 (45.43212666819298,-73.43828291065014)
1 (45.4911525220458,-73.59677229899108)
1 (45.65005437135036,-73.29847847585154)
1 (45.63028566649105,-73.53993760093762)
1 (45.688957921608875,-73.71458230513805)
1 (45.63515877088478,-73.48139570951294)
1 (45.44000351396285,-73.28739772609434)
1 (45.30593464798264,-73.69682294742032)
1 (45.57451944927961,-73.57656121492145)
1 (45.61624866659079,-73.45154420873284)
1 (45.48610038707685,-73.54900539344689)
1 (45.65320176535895,-73.57533466739284)
1 (45.537910659148864,-73.67169711435699)
1 (45.56397626601206,-73.38748259553427)
1 (45.36385934458452,-73.43647735303614)
1 (45.45135055284599,-73.30657092463794)
1 (45.39468266012163,-73.50668478845282)
1 (45.71556417992572,-73.43597763738573)
1 (45.59295780450523,-73.56147564555083)
1 (45.53578627904149,-73.60701358416688)
1 (45.58468561632602,-73.2843576041116)
1 (45.520865377649386,-73.28690887875062)
1 (45.4693175969855,-73.29743634497503)
1 (45.536089751944786,-73.41852713279228)
1 (45.57496615552788,-73.68222853841033)
1 (45.3303634461266,-73.65272988723969)
1 (45.301025409699434,-73.55162559342784)
1 (45.3465033993549,-73.56273134762884)
1 (45.45654279758751,-73.44569806484974)
1 (45.49628924935188,-73.29257663005433)
1 (45.65942040550391,-73.61651092918851)
1 (45.72144807434857,-73.6890446909862)
1 (45.40888786989937,-73.54397558686213)
1 (45.341932122128746,-73.29781999923149)
1 (45.38167730513195,-73.2859946446922)
1 (45.513648270002264,-73.6706951400344)
1 (45.33094371551676,-73.51176141147697)
1 (45.579223853225415,-73.73085924901909)
1 (45.686212849591065,-73.2970560286297)
1 (45.697444256399656,-73.47799547813487)
1 (45.562501523066516,-73.47473606046618)
1 (45.37967341683287,-73.58395333036489)
1 (45.38724396857754,-73.53234949343204)
1 (45.44486908858447,-73.43317989405324)
1 (45.74477079649719,-73.73190386344001)
1 (45.428730763269584,-73.39988692682613)
1 (45.31982562545295,-73.2943053565911)
1 (45.64706855519046,-73.62609862909957)
1 (45.49396761122668,-73.64283764884182)
1 (45.41865754215558,-73.27126803159653)
1 (45.711696497455634,-73.33628015416315)
1 (45.39864237031104,-73.64506776055612)
1 (45.686749849821325,-73.44287145123555)
1 (45.55998321428665,-73.3102540748487)
1 (45.3632607708926,-73.71130345234664)
1 (45.58748455540579,-73.6521708502623)
1 (45.281327411035576,-73.48428807691126)
1 (45.31662428759569,-73.55550334050606)
1 (45.62203388588444,-73.37396791254648)
1 (45.357701250476374,-73.70730935672731)
1 (45.72307566357527,-73.27654844247722)
1 (45.69474521911349,-73.65814858850985)
1 (45.26288061099131,-73.34600955718953)
1 (45.338184061496605,-73.62029871472859)
1 (45.608480157040205,-73.57360949493645)
1 (45.54043869223911,-73.5635898340368)
1 (45.51037349463435,-73.63112513699048)
1 (45.65441697098764,-73.48530697704139)
1 (45.406240768276675,-73.63137765399293)
1 (45.4263038000561,-73.28090300974348)
1 (45.56459971973786,-73.43957335694235)
1 (45.36609515341631,-73.42693276207002)
1 (45.65936338127736,-73.63334466331673)
1 (45.33199987008186,-73.70666151837217)
1 (45.61674466555175,-73.65810699956678)
1 (45.59813348761435,-73.4622196292689)
1 (45.717067267683426,-73.65745258662244)
1 (45.44885439040589,-73.34496751727802)
1 (45.46578010249663,-73.37578263936874)
1 (45.25764331278739,-73.2579034733869)
1 (45.67033626230082,-73.43223505508172)
1 (45.56360293279163,-73.64048973732177)
1 (45.47258538732108,-73.65119502055767)
1 (45.354455149531,-73.4371900109946)
1 (45.28994185225699,-73.50528144604556)
1 (45.60133932035615,-73.51630484532562)
1 (45.71282944657772,-73.5816827733541)
1 (45.567765749883534,-73.46535916266917)
1 (45.390766263033996,-73.32207088725538)
1 (45.53275408068867,-73.58333905940428)
1 (45.31494212059849,-73.61005252231682)
1 (45.326487574087174,-73.51849322920808)
1 (45.6712538723459,-73.58822311297035)
1 (45.475739435747485,-73.36320706734705)
1 (45.59450249578844,-73.37936811788884)
1 (45.29587874888801,-73.614625698774)
1 (45.70181872589724,-73.66321286874987)
1 (45.446438768813486,-73.74124496853874)
1 (45.721372786242405,-73.3213519514655)
1 (45.28803163112353,-73.66160755726473)
1 (45.36103662382624,-73.60859486524147)
1 (45.33981887571911,-73.74153421881498)
1 (45.28090558994437,-73.53894523791945)
1 (45.73879825867098,-73.45098811389957)
1 (45.64344969715591,-73.38878604104316)
1 (45.34484301141147,-73.59071342912458)
1 (45.71555282350879,-73.4185740582479)
1 (45.51873051075664,-73.50220696472125)
1 (45.387811663659875,-73.59745211636383)
1 (45.62432291613397,-73.41237483720712)
1 (45.2582043209112,-73.28266810215628)
1 (45.470613509293685,-73.53639416188446)
1 (45.59960187245589,-73.45754529068299)
1 (45.714527858362025,-73.268842396291)
1 (45.59358438899152,-73.26797898147471)
1 (45.69116993796259,-73.73407549082641)
1 (45.66663631555803,-73.71803987614396)
1 (45.72462898681089,-73.64212834099777)
1 (45.609034256748565,-73.49024502069396)
1 (45.69951382187748,-73.30607955438718)
1 (45.39160362256829,-73.44541287261828)
1 (45.541056920617514,-73.32086509622717)
1 (45.7210087000333,-73.43074920552722)
1 (45.25993154513521,-73.28194365910736)
1 (45.3903542800684,-73.58291621284572)
1 (45.36685082158574,-73.53500934078019)
1 (45.388614864341086,-73.35531754968727)
1 (45.25156849635381,-73.29511535550759)
1 (45.5297711552227,-73.52568772456603)
1 (45.551077075037334,-73.55511527403327)
1 (45.55052147417817,-73.4513043260919)
1 (45.60259931693728,-73.51924654189595)
1 (45.704049367712315,-73.33474751941989)
1 (45.28839564061861,-73.34797372978308)
1 (45.346566507581954,-73.74311129975247)
1 (45.431459870227336,-73.28487696488128)
1 (45.37321382420488,-73.58792674750232)
1 (45.39385227038593,-73.25541424145472)
1 (45.61039151309455,-73.72178780716487)
1 (45.662719200576944,-73.28080391065429)
1 (45.412702351446654,-73.74077569184122)
1 (45.48297461454155,-73.53806674377047)
1 (45.744430621692004,-73.499258480456)
1 (45.51016942541761,-73.61943518471034)
1 (45.44784259689477,-73.74549785483705)
1 (45.5122504978247,-73.50087989213749)
1 (45.71358242724345,-73.67272551698461)
1 (45.34471181817941,-73.42042206604238)
1 (45.47205096452758,-73.55095716367347)
1 (45.260066293797244,-73.29219286739105)
1 (45.518892918387834,-73.4597924602875)
1 (45.589617125718576,-73.44186909878422)
1 (45.67258149770556,-73.48180496536096)
1 (45.45318378806209,-73.34315748696397)
1 (45.637577423060726,-73.53985618072862)
1 (45.41073831478159,-73.66341775378514)
1 (45.51265300279784,-73.36977380058785)
1 (45.36883328256522,-73.28930757580059)
1 (45.5407098565924,-73.41231415212702)
1 (45.594253794886065,-73.60050072996337)
1 (45.743782403678104,-73.68518484683277)
1 (45.36750147730565,-73.59107238455833)
1 (45.5249073053903,-73.45713370154536)
1 (45.6295193233231,-73.50406373792988)
1 (45.64715257982639,-73.29171573306569)
1 (45.43649194493423,-73.44503100468995)
1 (45.71933809929113,-73.25833024283332)
1 (45.63960665828785,-73.47505174062091)
1 (45.42784273402015,-73.3224758586352)
1 (45.449336470069994,-73.45270461637823)
1 (45.254381505178635,-73.62590133874556)
1 (45.427107080161406,-73.39795643755114)
1 (45.310749434317636,-73.55043594474652)
1 (45.47113532585991,-73.38868345558633)
1 (45.70326716142473,-73.62676334518383)
1 (45.52777797733578,-73.47272189664581)
1 (45.51202645454795,-73.50125855997227)
1 (45.56490468883036,-73.2848853622725)
1 (45.53302233732124,-73.31023779158153)
1 (45.28961058307757,-73.49930527300019)
1 (45.38487150213167,-73.43157688091686)
1 (45.67900912672029,-73.42274281465896)
1 (45.42605522274151,-73.68863400138623)
1 (45.61989688473337,-73.44418939559036)
1 (45.663488080380745,-73.67076813517902)
1 (45.32075762484014,-73.70011527807588)
1 (45.458702283770464,-73.40847516253771)
1 (45.66787403391648,-73.69314406815137)
1 (45.35405042136481,-73.69926885734763)
1 (45.346240828601374,-73.71472380679799)
1 (45.748067937971165,-73.42291454933725)
1 (45.33552422309851,-73.26953317444588)
1 (45.44649984452607,-73.71147879633126)
1 (45.3214880683435,-73.28090469386717)
1 (45.30348448444356,-73.3508887368023)
1 (45.63410821940969,-73.67246415474251)
1 (45.746000369096365,-73.28630028065618)
1 (45.53502196703813,-73.47147914084599)
1 (45.44392055351924,-73.58355489260688)
1 (45.52901063655568,-73.36407699215579)
1 (45.747882043531945,-73.66335998806657)
1 (45.36688889524839,-73.65153572386927)
1 (45.26766626829319,-73.57355870085465)
1 (45.5404751468303,-73.3102694358545)
1 (45.60489983864629,-73.49795989998493)
1 (45.34424345762802,-73.34592257205922)
1 (45.28562296187834,-73.61768014062059)
1 (45.49280768805506,-73.35415539489924)
1 (45.36063640001816,-73.34280448774892)
1 (45.33856496613952,-73.65724618740805)
1 (45.454525929431206,-73.31840369958553)
1 (45.429625774292695,-73.57655333774949)
1 (45.747876681443884,-73.47955077334713)
1 (45.48458416995741,-73.32617372161094)
1 (45.471428017856525,-73.28496010786343)
1 (45.33773216260588,-73.67280163492619)
1 (45.475782669329654,-73.59822838235046)
1 (45.52599828291738,-73.40083550111746)
1 (45.315772476359484,-73.50938631018145)
1 (45.44719082452097,-73.25019760908971)
1 (45.55469620861659,-73.69757622803625)
1 (45.41805250024655,-73.35712493253378)
1 (45.650382911731825,-73.72815069073258)
1 (45.50018347074247,-73.32535736785496)
1 (45.33239824071744,-73.45434292577558)
1 (45.6420660789632,-73.38669233750025)
1 (45.31769866350702,-73.45489031728891)
1 (45.506224767768025,-73.67579298616305)
1 (45.540652370925365,-73.68459762510939)
1 (45.311981132702776,-73.444429867803)
1 (45.29258367756396,-73.74480712576378)
1 (45.626314185750545,-73.57500428861991)
1 (45.27586101244371,-73.39509825800114)
1 (45.27801221163356,-73.52224421748201)
1 (45.57803698097296,-73.62626993474503)
1 (45.453602918005664,-73.3153817576432)
1 (45.462662207036416,-73.29776402107693)
1 (45.55747491135087,-73.49091404800131)
1 (45.65513286274039,-73.51016911805543)
1 (45.58315367367552,-73.29821764273915)
1 (45.47429526141459,-73.53529899720834)
1 (45.547871532984374,-73.72682901088169)
1 (45.72351895637815,-73.26257086584097)
1 (45.48837167591355,-73.345122173005)
1 (45.70856327328193,-73.7410137305237)
1 (45.60231189312123,-73.61540724288328)
1 (45.593800280525464,-73.50121785851717)
1 (45.346684916695786,-73.26014154957265)
1 (45.5432207271325,-73.43089173098362)
1 (45.67234752557161,-73.39798821441336)
1 (45.718137414922644,-73.55142326544838)
1 (45.582051810633516,-73.54687478772725)
1 (45.71961425980083,-73.60094770397994)
1 (45.34829736240353,-73.70399774291654)
1 (45.470386886590994,-73.37190491131621)
1 (45.516874369673346,-73.55988626050498)
1 (45.328404727428925,-73.27792437306066)
1 (45.252142916481375,-73.48518218975855)
1 (45.412111954694154,-73.63610653322799)
1 (45.65089499263072,-73.74471061489768)
1 (45.69619872227893,-73.64637484397669)
1 (45.363071205672014,-73.44370852197565)
1 (45.40579182050637,-73.52955294544456)
1 (45.70965505477285,-73.49574728872294)
1 (45.59691754067095,-73.25017734462556)
1 (45.4807435415356,-73.42092727602729)
1 (45.56155752919412,-73.69878602360225)
1 (45.73009338022135,-73.53634114655026)
1 (45.33673197771738,-73.64152915125217)
1 (45.65636821032354,-73.58859523530917)
1 (45.628782526506555,-73.66242838118768)
1 (45.57586268925806,-73.60034639196162)
1 (45.386390760143556,-73.72546673292197)
1 (45.5466552696835,-73.65935469837696)
1 (45.568856148257154,-73.36992160916212)
1 (45.39994228584384,-73.56947037511975)
1 (45.35977104129473,-73.42295878679097)
1 (45.27073157457558,-73.70826615336293)
1 (45.670468039219614,-73.46848591051605)
1 (45.69712491724619,-73.59569443429591)
1 (45.262478847850396,-73.6506192446169)
1 (45.47509405835926,-73.57219141807516)
1 (45.69373170853982,-73.71384812358478)
1 (45.71395608226121,-73.61306847601234)
1 (45.55932776451015,-73.49008694911281)
1 (45.436679565094316,-73.66882388617296)
1 (45.6544753412216,-73.33528485787262)
1 (45.60870382050893,-73.51817614560377)
1 (45.73452386165609,-73.29511902470786)
1 (45.659129165883144,-73.45216288302846)
1 (45.485027934952264,-73.54052769523845)
1 (45.378937158704446,-73.67356759460164)
1 (45.64338508147556,-73.35944468229535)
1 (45.542325244121805,-73.59622906596644)
1 (45.43282893770503,-73.72107742233368)
1 (45.699291354417326,-73.26345667811876)
1 (45.57942318813186,-73.64342642665281)
1 (45.33027942032298,-73.37381754094118)
1 (45.683189503813175,-73.29347393049595)
1 (45.436997982836644,-73.40597933904418)
1 (45.60561633727952,-73.43257554395025)
1 (45.6674493517837,-73.5720858501346)
1 (45.31753344337,-73.48706888682538)
1 (45.73775806293337,-73.30131020221522)
1 (45.32370049344611,-73.67596861078863)
1 (45.71856271245425,-73.66177337959996)
1 (45.343446165188915,-73.26384796538345)
1 (45.69953635421928,-73.5699342136077)
1 (45.38030777665421,-73.62761214432845)
1 (45.43202629514898,-73.31184936006179)
1 (45.657859378978394,-73.43084950754819)
1 (45.27685484540535,-73.3103701651723)
1 (45.63377979171716,-73.2888019896643)
1 (45.65199850792772,-73.71638617763438)
1 (45.42970015871475,-73.38072645634496)
1 (45.683163741247405,-73.28064295898436)
1 (45.5304841966705,-73.52452454537868)
1 (45.40920328501967,-73.57545488817267)
1 (45.5133320471859,-73.27099850456723)
1 (45.6838678608488,-73.4828016040719)
1 (45.36446256749815,-73.60194657616815)
1 (45.34556358353563,-73.44683978985384)
1 (45.62911662860015,-73.32754134248454)
1 (45.29758674253176,-73.30477968410526)
1 (45.719237633076176,-73.27404053838589)
1 (45.35273260927491,-73.56036907808829)
1 (45.67242355098195,-73.33285974751192)
1 (45.54822653618537,-73.74889524088452)
1 (45.51560812748269,-73.40639225307596)
1 (45.62960081248781,-73.5616581952146)
1 (45.637417175654036,-73.7346915841771)
1 (45.53544169135448,-73.65128694964345)
1 (45.71425924791531,-73.52023784861802)
1 (45.48885694218624,-73.52706297730839)
1 (45.26694795101206,-73.68548942323207)
1 (45.71606478647305,-73.6715834454248)
1 (45.34701698399104,-73.49977684108487)
1 (45.3676810843793,-73.46663943780204)
1 (45.664876632011556,-73.69832671786037)
1 (45.41408237712116,-73.70710267282037)
1 (45.67557429549416,-73.58680815894814)
1 (45.62264793929888,-73.40690688418884)
1 (45.73215952080462,-73.47977551032201)
1 (45.701735227335575,-73.26087815185808)
1 (45.40151742297352,-73.6607360882679)
1 (45.31391842317956,-73.52021151670758)
1 (45.413022801517386,-73.37530229778858)
1 (45.419320857732416,-73.66780898390091)
1 (45.476480267276465,-73.67699297107798)
1 (45.308797763976166,-73.64248714195098)
1 (45.362554125978996,-73.73772921324951)
1 (45.726276629185584,-73.4582305685709)
1 (45.68625517830027,-73.51192548781707)
1 (45.65973812070391,-73.39621004971153)
1 (45.272039504767015,-73.40430720612136)
1 (45.70112148580934,-73.51320282203552)
1 (45.30768807787242,-73.33719146455059)
1 (45.33686392931216,-73.51034479404125)
1 (45.71337376841316,-73.34294817355033)
1 (45.63283443815272,-73.54081278943858)
1 (45.26218619371069,-73.5217140544597)
1 (45.52009809045826,-73.30407787095955)
1 (45.488872574903326,-73.40316287977654)
1 (45.27124795878324,-73.27778855729672)
1 (45.3146664523088,-73.43424014121048)
1 (45.280967101509844,-73.6761360822148)
1 (45.59781420968926,-73.48225160337464)
1 (45.429034404695,-73.69572131021528)
1 (45.49177261770906,-73.3945498919104)
1 (45.60916328912014,-73.3164864993024)
1 (45.55603913571945,-73.29229433111252)
1 (45.452863553037005,-73.36619240421666)
1 (45.51818944379965,-73.39636432589191)
1 (45.36394216647345,-73.73221488047504)
1 (45.42993572224582,-73.28848733020959)
1 (45.70630942792681,-73.51410237926609)
1 (45.694881789262354,-73.59999768174362)
1 (45.355433261535495,-73.55437945867304)
1 (45.571139867769865,-73.69437315242969)
1 (45.332084486218776,-73.66349870505702)
1 (45.268086966533666,-73.46780162391784)
1 (45.3859422727674,-73.4676369344843)
1 (45.66327702411597,-73.43451064474455)
1 (45.68617938842084,-73.6551992236191)
1 (45.46288840429015,-73.29044801545552)
1 (45.70632286511051,-73.47943751383049)
1 (45.31707450463362,-73.66013225469685)
1 (45.461486344398025,-73.69050811633858)
1 (45.480198607973776,-73.72709719012364)
1 (45.467496167591825,-73.62058602192928)
1 (45.57517227431707,-73.42833505246158)
1 (45.64348424143012,-73.43032122111829)
1 (45.380979866671765,-73.35749862559511)
1 (45.372196073015644,-73.54396572088802)
1 (45.31296039914221,-73.47035266460237)
1 (45.5655637044492,-73.5539176874548)
1 (45.40653044872276,-73.61907087273512)
1 (45.35701852402584,-73.36322198541285)
1 (45.646771184771126,-73.35945493267707)
1 (45.45657012838637,-73.55673479888482)
1 (45.408664700836304,-73.37700753459026)
1 (45.25985288227894,-73.4482024230107)
1 (45.58575421545153,-73.26402200367635)
1 (45.49814287343172,-73.44142273823715)
1 (45.68861505014246,-73.25045632523334)
1 (45.5527734569792,-73.26895059689359)
1 (45.28876232698715,-73.34634002680266)
1 (45.534428704114866,-73.3314763896378)
1 (45.668484037111185,-73.6928179461807)
1 (45.345469427351425,-73.25505003854518)
1 (45.41257677303478,-73.74266497358349)
1 (45.701747681636604,-73.41174074036299)
1 (45.44407456129761,-73.69921179190835)
1 (45.48929114217052,-73.51211539150938)
1 (45.6627995254719,-73.4351018266067)
1 (45.37078950467746,-73.47508712177407)
1 (45.392926359819185,-73.38915515885431)
1 (45.73699110915475,-73.6122278241214)
1 (45.283741009068834,-73.70084567994907)
1 (45.41891851928936,-73.72955689340709)
1 (45.63638698620277,-73.58750304766396)
1 (45.53823757165972,-73.55011122864052)
1 (45.34863132669324,-73.69933183639849)
1 (45.47516550112981,-73.39526947044989)
1 (45.27954527597998,-73.40169527404427)
1 (45.675978981755065,-73.33184642273596)
1 (45.336483033137064,-73.6328417835418)
1 (45.405484344962964,-73.49539176434045)
1 (45.47785551078927,-73.6683579295551)
1 (45.573737434758804,-73.53791989686256)
1 (45.60693371123419,-73.29111170541081)
1 (45.43085173861008,-73.62046570202634)
1 (45.50428040519916,-73.51730579221908)
1 (45.7289091247168,-73.57740434210372)
1 (45.50939634502898,-73.66549065390242)
1 (45.395787997251844,-73.32039071107958)
1 (45.61578098272452,-73.67599294807059)
1 (45.35215009079344,-73.72506746104017)
1 (45.48784578464199,-73.69319518940179)
1 (45.32987715389148,-73.65335827951648)
1 (45.64298150622858,-73.51245808568974)
1 (45.41792522837914,-73.40820627014533)
1 (45.6675691672081,-73.5672072236695)
1 (45.569864478156006,-73.29603511616342)
1 (45.35183757016079,-73.68981168386337)
1 (45.45629875664978,-73.58500354155164)
1 (45.53520871891837,-73.42236212401582)
1 (45.334909448463854,-73.49429208374816)
1 (45.25113556080135,-73.68031175185946)
1 (45.54104430637346,-73.43120332819348)
1 (45.44842487332142,-73.58317385280134)
1 (45.27257244286853,-73.50877562799816)
1 (45.64465143922578,-73.26207507051112)
1 (45.5541526893145,-73.4269024995674)
1 (45.336507784463635,-73.43394407835247)
1 (45.6181131177273,-73.58461855827558)
1 (45.35179714629231,-73.49647085064092)
1 (45.43181547205189,-73.31025510173049)
1 (45.578265620784094,-73.34670202760569)
1 (45.734678787933085,-73.3495871973285)
1 (45.645582647695676,-73.55924356703255)
1 (45.72196259065077,-73.73988640544755)
1 (45.66851743149628,-73.4775220798991)
1 (45.42696064747368,-73.41996164020412)
1 (45.58172181035658,-73.67341199251369)
1 (45.408431916662614,-73.38281361629517)
1 (45.409518989998745,-73.61676590575277)
1 (45.54589637874961,-73.36844601696869)
1 (45.5177101319157,-73.26699117173052)
1 (45.58184913382722,-73.51966995789682)
1 (45.488649588586206,-73.65379604947361)
1 (45.5269967547214,-73.58340571162164)
1 (45.74570263008546,-73.35358431819996)
1 (45.662295914183346,-73.63402919522908)
1 (45.428687872353414,-73.59170778550302)
1 (45.6298748903512,-73.42372831636465)
1 (45.28801979069389,-73.50889138539546)
1 (45.503844533168916,-73.32762728309615)
1 (45.52200507026821,-73.42262622557458)
1 (45.27155581818979,-73.44860525498652)
1 (45.52910989980032,-73.6911813513321)
1 (45.336037080055696,-73.2782781657346)
1 (45.485003387205964,-73.54911540601695)
1 (45.4711447949797,-73.37653099981121)
1 (45.482795744398814,-73.52877492642862)
1 (45.62238735487067,-73.33228053558005)
1 (45.694128067658546,-73.31224640304973)
1 (45.54843238292907,-73.30281653657276)
1 (45.61863390650626,-73.57258470548553)
1 (45.540983626775336,-73.69811240951958)
1 (45.4897809582401,-73.56187114207755)
1 (45.34401441077844,-73.57991428851209)
1 (45.296214698480995,-73.38675946983162)
1 (45.417270341329996,-73.58321045359642)
1 (45.65946382265761,-73.57964905686362)
1 (45.35350487694172,-73.63985105347652)
1 (45.48123087868723,-73.72547972380818)
1 (45.56408685103132,-73.4906308586111)
1 (45.33647954546773,-73.54037310440053)
1 (45.29342016433894,-73.41306607218453)
1 (45.54214339279142,-73.41895113811557)
1 (45.6090414465401,-73.26738875346499)
1 (45.675519333001596,-73.5721423993929)
1 (45.74131232745363,-73.37295091182216)
1 (45.55127201531037,-73.46664291341062)
1 (45.514298654954096,-73.37127282830538)
1 (45.29146396209716,-73.3509280374995)
1 (45.617729929265856,-73.61038824215491)
1 (45.6391392745329,-73.71081790431798)
1 (45.618857959608256,-73.69793236665957)
1 (45.572727315406155,-73.54007918125983)
1 (45.40258430407772,-73.7175861026402)
1 (45.575895658369454,-73.33840131980328)
1 (45.658402239308046,-73.6850331909788)
1 (45.605470302344074,-73.260316160392)
1 (45.603499481738424,-73.63550488301055)
1 (45.37865417505231,-73.33423494810482)
1 (45.34279372012504,-73.28527965744996)
1 (45.5700131846578,-73.65075751510032)
1 (45.61872392868265,-73.49417355248245)
1 (45.36856259034112,-73.38376375569902)
1 (45.696295950002046,-73.2750995062441)
1 (45.59577458076829,-73.45652787936615)
1 (45.26218209169473,-73.35019228928051)
1 (45.72644120281495,-73.59820173026527)
1 (45.49059955576933,-73.74078837150896)
1 (45.68606519393973,-73.45349348757365)
1 (45.34324405999994,-73.60071816856676)
1 (45.72081448263065,-73.31022386555465)
1 (45.72573020713749,-73.45891095471494)
1 (45.449064370794616,-73.395672324379)
1 (45.318791275715995,-73.72823093752993)
1 (45.40716469237388,-73.56323110224811)
1 (45.73891672235718,-73.26275558743065)
1 (45.496307695413655,-73.5458656378446)
1 (45.66015656728787,-73.40537568101067)
1 (45.72223540932598,-73.29223516368718)
1 (45.64649752031919,-73.3616391908627)
1 (45.49501366220994,-73.7250578171201)
1 (45.70251658867609,-73.3641792462305)
1 (45.52221336952148,-73.56941016389287)
1 (45.448943551225355,-73.45485943646688)
1 (45.48557757693706,-73.69113138822)
1 (45.36931471912917,-73.3089373901876)
1 (45.738616519391876,-73.66235781127136)
1 (45.25407575786705,-73.35709102183341)
1 (45.7005608445044,-73.53244417015726)
1 (45.28929265159696,-73.52706931339637)
1 (45.45071655008409,-73.52813310404896)
1 (45.698555240619726,-73.72702282517493)
1 (45.74650372217903,-73.63681525930133)
1 (45.448708728340726,-73.72723678567782)
1 (45.298323885930934,-73.74107741906602)
1 (45.272724360729626,-73.36603302025809)
1 (45.634889715473676,-73.67146691029699)
1 (45.64632119591746,-73.50902438984185)
1 (45.2837635027449,-73.7275058266421)
1 (45.37887666070324,-73.42869886667866)
1 (45.2735896766738,-73.38446903729167)
1 (45.6437144343688,-73.74347803308912)
1 (45.63686936487324,-73.55529557412056)
1 (45.57803390715597,-73.26193800027599)
1 (45.65511376467691,-73.41323332557668)
1 (45.52854632906693,-73.51879838235887)
1 (45.54182594981805,-73.40142250747475)
1 (45.60530839942633,-73.46457835954445)
1 (45.6029994266798,-73.66060374817052)
1 (45.43329501513641,-73.68048633247213)
1 (45.64968467543627,-73.69549237730922)
1 (45.35892854756355,-73.6341532859904)
1 (45.562663444902945,-73.67409041411959)
1 (45.3770828462546,-73.3702371223184)
1 (45.42538365009456,-73.31231397372696)
1 (45.69300589652266,-73.64271900507288)
1 (45.54804627221773,-73.33879356167117)
1 (45.623155985387825,-73.34288019675947)
1 (45.50309857196987,-73.56156074209812)
1 (45.469121782713934,-73.65849100705003)
1 (45.48037665888745,-73.56956468642383)
1 (45.56959768160725,-73.71566153753184)
1 (45.34875317179356,-73.59756803654263)
1 (45.44681163955342,-73.50509659024883)
1 (45.28038483526594,-73.5629515319283)
1 (45.315853157430006,-73.67916548259034)
1 (45.653517133263364,-73.74731265943682)
1 (45.71802521639258,-73.32524011215716)
1 (45.700292301093654,-73.54447391421782)
1 (45.672644576886064,-73.57417272364677)
1 (45.507119717783,-73.62962166121758)
1 (45.515640626890836,-73.39057799106371)
1 (45.506906244091134,-73.32177724557641)
1 (45.507853843667675,-73.61375150507146)
1 (45.524807187941164,-73.31365729093783)
1 (45.35111057689069,-73.27460035009672)
1 (45.25214700729337,-73.32921062099098)
1 (45.445951725639034,-73.40487887409914)
1 (45.7267721334551,-73.63972492656026)
1 (45.5613187660904,-73.48031606699024)
1 (45.492336348428275,-73.724376313969)
1 (45.563551096041124,-73.2988888006157)
1 (45.593882872221705,-73.70045090897122)
1 (45.46972466083702,-73.48953815495662)
1 (45.44257496666216,-73.47219760104714)
1 (45.34866265728425,-73.47504406489657)
1 (45.34854099667361,-73.35537703792089)
1 (45.49187459880698,-73.57556644288472)
1 (45.677537155499344,-73.72705177284853)
1 (45.316231142554166,-73.53652889921094)
1 (45.63449527906146,-73.52701880660847)
1 (45.640357642689345,-73.59606427535175)
1 (45.61501086716908,-73.69851520258507)
1 (45.297530193486246,-73.27315896501298)
1 (45.3944398903758,-73.40143403998653)
1 (45.50928397600073,-73.35792616714058)
1 (45.64351128198011,-73.56126732613734)
1 (45.54599393521066,-73.62010596083347)
1 (45.36922529181621,-73.53134896507419)
1 (45.443364291674726,-73.52093339724595)
1 (45.38029596308515,-73.34470050519128)
1 (45.427063547605805,-73.71693334200991)
1 (45.26750971254274,-73.71488850873865)
1 (45.72166797028001,-73.38199419766475)
1 (45.67110970131153,-73.61278246737683)
1 (45.58462676838131,-73.34624026482972)
1 (45.27967947203458,-73.39795770594836)
1 (45.711138479883594,-73.25676562998711)
1 (45.567987320489884,-73.61971841782206)
1 (45.60162855604733,-73.40621053797265)
1 (45.734866206077285,-73.7233211219906)
1 (45.56994388754565,-73.55045385351242)
1 (45.64644239520047,-73.50195950489228)
1 (45.297431068183606,-73.4463635261893)
1 (45.324889131768884,-73.7244271306788)
1 (45.70574072447253,-73.48458979967573)
1 (45.64837009548954,-73.4421046339449)
1 (45.42950098562454,-73.67080374812348)
1 (45.44395054095147,-73.53702398557004)
1 (45.31892934440889,-73.32157702728928)
1 (45.56199231536625,-73.61524244970491)
1 (45.69200233424855,-73.68826620634758)
1 (45.31791248236982,-73.37661447778888)
1 (45.48597882730574,-73.30380866535114)
1 (45.375173050038185,-73.60328040286107)
1 (45.528873047329505,-73.66325421014527)
1 (45.72198304920637,-73.40479603924716)
1 (45.362899579021146,-73.39915037066271)
1 (45.36343239848809,-73.33780774011406)
1 (45.403963140741695,-73.39756659127482)
1 (45.71063997524917,-73.48253334935178)
1 (45.71394177222271,-73.31958603191826)
1 (45.398987055766966,-73.50703928484747)
1 (45.29581295631767,-73.7465112483361)
1 (45.40862012398012,-73.68341009164789)
1 (45.59559777552332,-73.65482331514639)
1 (45.392145660430394,-73.73738691843391)
1 (45.3096492748699,-73.64910177468803)
1 (45.53680265952173,-73.314906840259)
1 (45.65098660798575,-73.33765568158384)
1 (45.60138687266898,-73.73520564797363)
1 (45.42417768339511,-73.42653419867207)
1 (45.47181415217906,-73.57075197216564)
1 (45.59469861445641,-73.53287796168556)
1 (45.67344852993342,-73.44926107734496)
1 (45.515749083653944,-73.37824055011028)
1 (45.26318378376919,-73.31239245479891)
1 (45.59317851434796,-73.41655222438493)
1 (45.3997559083419,-73.68946520089233)
1 (45.427478767622866,-73.57981624830562)
1 (45.65687666333115,-73.35263136401241)
1 (45.370724844242254,-73.68742086512043)
1 (45.30051717217485,-73.51242732545508)
1 (45.475895816625865,-73.66211814099746)
1 (45.299033466837386,-73.48947901543649)
1 (45.496184025164496,-73.52726379702928)
1 (45.272814229734436,-73.5593672151512)
1 (45.41270132042354,-73.72583005911451)
1 (45.41874452698365,-73.4132646350589)