350 350
101 (45.5,-73.5)
1 (45.43247337422831,-73.72980417552657)
1 (45.70825230830388,-73.67410974999517)
1 (45.29428526566687,-73.45410207027173)
1 (45.301786591239264,-73.47272801880891)
1 (45.73095579952175,-73.30463729459527)
1 (45.6567377995324,-73.51727871619376)
1 (45.43980890067484,-73.46845515061975)
1 (45.34726431780061,-73.70225741337461)
1 (45.414964391343986,-73.52801872012869)
1 (45.732375122269154,-73.60476758315744)
1 (45.4955663632573,-73.5887783038239)
1 (45.577169909945916,-73.53607813480917)
1 (45.55872643366519,-73.74171273229686)
1 (45.47395287984138,-73.42942699150365)
1 (45.61684058711284,-73.3701046688588)
1 (45.37976407449003,-73.47543226780202)
1 (45.54036433269174,-73.61010500030525)
1 (45.30610987742295,-73.64645343575097)
1 (45.72918140273219,-73.30930923185886)
1 (45.30653797152847,-73.46559995121116)
1 (45.298377278825264,-73.59661201828052)
1 (45.40819013293974,-73.57481544337486)
1 (45.72752938923913,-73.68002359843992)
1 (45.52457953692113,-73.33957113169483)
1 (45.44655179464235,-73.72692529659356)
1 (45.668577592476744,-73.39518245426544)
1 (45.49568275445277,-73.65340876365647)
1 (45.45695860421405,-73.69161837240122)
1 (45.702379504053646,-73.35588702910748)
1 (45.46083872376119,-73.72990336834134)
1 (45.26368538182106,-73.35908300520829)
1 (45.4099590489334,-73.30381765746183)
1 (45.70905996047486,-73.52979439455996)
1 (45.603001111004566,-73.66558135468168)
1 (45.44571406552853,-73.41550168091959)
1 (45.61098586712455,-73.62356413862179)
1 (45.456166857992606,-73.41092903002847)
1 (45.48629616134786,-73.65379213207423)
1 (45.72604325496717,-73.33408572455329)
1 (45.70597544459798,-73.6651295151585)
1 (45.62905575020484,-73.6061088384131)
1 (45.48469400521475,-73.60049234041878)
1 (45.285665192037804,-73.57639589293021)
1 (45.390137245404695,-73.58330816106006)
1 (45.34209127661867,-73.61605887277636)
1 (45.381558823751675,-73.32966497819021)
1 (45.687143788547864,-73.4186495025361)
1 (45.47085473269318,-73.54219867943848)
1 (45.335772092065746,-73.4973981055722)
1 (45.674752599977744,-73.48174884205045)
1 (45.56028022030517,-73.65287657075073)
1 (45.28657399261451,-73.37716779325872)
1 (45.3428317337113,-73.70403912735216)
1 (45.74651551564757,-73.28239869421905)
1 (45.356168424986116,-73.52901216321177)
1 (45.530507967560006,-73.42304360626086)
1 (45.453393282115705,-73.44979756435436)
1 (45.50945109103296,-73.49212317192264)
1 (45.56221861821375,-73.71722208969044)
1 (45.65298449745164,-73.25658485630905)
1 (45.43425621856255,-73.30900800251823)
1 (45.264944144340014,-73.72234723531362)
1 (45.39572697394574,-73.44475841099025)
1 (45.64126627281014,-73.47627326582533)
1 (45.58239346549739,-73.64694347927686)
1 (45.63533981325403,-73.67844602289202)
1 (45.61856952772847,-73.33664196257585)
1 (45.60067087224393,-73.51747567487159)
1 (45.31773672544372,-73.3468352002849)
1 (45.55621159239416,-73.26529710081077)
1 (45.7405984973461,-73.36446869644456)
1 (45.68581890985274,-73.37602302801027)
1 (45.34532829523025,-73.67528965791755)
1 (45.440046685049516,-73.36589782236113)
1 (45.50431915020122,-73.68263653658278)
1 (45.555838573222395,-73.48825288933124)
1 (45.34191748952232,-73.50289960380782)
1 (45.74767665650635,-73.47859473559002)
1 (45.668425251768554,-73.50628989597207)
1 (45.65235451417482,-73.3905625008962)
1 (45.747079682853574,-73.47184621244523)
1 (45.32878164635977,-73.27347202729206)
1 (45.73277132504105,-73.56027857656412)
1 (45.72408927981735,-73.65651921917515)
1 (45.363936294140615,-73.57728889927861)
1 (45.51779610104267,-73.5034456544808)
1 (45.37235979628818,-73.50342786863828)
1 (45.64690549564991,-73.48457515473694)
1 (45.59955363719487,-73.50434001486245)
1 (45.59654435474566,-73.58061024471422)
1 (45.47292113411109,-73.60741686525907)
1 (45.71311673867976,-73.68443302485673)
1 (45.30009889043408,-73.43742100142398)
1 (45.35993391192746,-73.50338553186269)
1 (45.28566519495016,-73.34456184177486)
1 (45.688895465039145,-73.68510987666448)
1 (45.2608312843961,-73.43379709555475)
1 (45.64603491232638,-73.69500921870507)
1 (45.34378173674337,-73.41380145157957)
1 (45.56360585182455,-73.56274582088251)
1 (45.61600658516898,-73.3280873757453)
1 (45.31687356089173,-73.68892316332608)
1 (45.40826839212202,-73.60918077061783)
1 (45.539889906477,-73.46120437789662)
1 (45.43877304312043,-73.50954695906985)
1 (45.30126782100675,-73.47159973972244)
1 (45.33566419322749,-73.3101309604816)
1 (45.438334841257834,-73.65351157993452)
1 (45.5061369185681,-73.28891833572985)
1 (45.436033529676074,-73.66835527331628)
1 (45.38526664523757,-73.7478414819964)
1 (45.3155498612484,-73.3671804795244)
1 (45.309075772400575,-73.4466486941916)
1 (45.4668889238502,-73.63269739060732)
1 (45.60841061577467,-73.57702169247472)
1 (45.719480538516834,-73.37146802546847)
1 (45.51287746565212,-73.42927002073587)
1 (45.695385829692434,-73.37475320228886)
1 (45.58738713786737,-73.6573487399081)
1 (45.63078882029747,-73.69961128060454)
1 (45.69778325348163,-73.53573898634268)
1 (45.38319558964228,-73.639325170235)
1 (45.416580218548816,-73.32389861335312)
1 (45.26412684010068,-73.25408964829221)
1 (45.335012809525466,-73.31053339355265)
1 (45.65007776673917,-73.31912149200235)
1 (45.443399724686664,-73.30085717710062)
1 (45.528132687632315,-73.41796019738118)
1 (45.578249614503115,-73.73530206584333)
1 (45.7268599730069,-73.26370799853999)
1 (45.41158865791991,-73.28780820062026)
1 (45.5679762058575,-73.67031276377394)
1 (45.57566455622158,-73.68586511980003)
1 (45.549756693724404,-73.41972830561872)
1 (45.27448271520877,-73.62289508148497)
1 (45.43928292265924,-73.57889188481256)
1 (45.63255600721918,-73.49636143183865)
1 (45.30735540595448,-73.61293914389283)
1 (45.570800420796076,-73.30215323973944)
1 (45.58726435306475,-73.41793230048144)
1 (45.67968455129488,-73.34734021368341)
1 (45.67659803824495,-73.65760778319417)
1 (45.380541893724136,-73.50931010070943)
1 (45.429882716159916,-73.53425499197404)
1 (45.627380323415515,-73.56959351953266)
1 (45.60908591713667,-73.35381839774028)
1 (45.50357436906765,-73.68534938022054)
1 (45.46887810522449,-73.4596705623958)
1 (45.31050121992846,-73.33052666244556)
1 (45.65403633307473,-73.30823419472473)
1 (45.628482607807115,-73.5421367717623)
1 (45.477486434605076,-73.64273687427202)
1 (45.35432008140807,-73.54486323249789)
1 (45.42921883782964,-73.38886228335602)
1 (45.38426236938263,-73.29940365643395)
1 (45.438676198133386,-73.54791781196295)
1 (45.41641894487582,-73.72648186187743)
1 (45.476199432101794,-73.49936805093402)
1 (45.29243497381914,-73.29938596873562)
1 (45.532732031055914,-73.74519006502824)
1 (45.384668441645466,-73.37318130653304)
1 (45.36122064738268,-73.7334860193053)
1 (45.26216112373771,-73.52841485766743)
1 (45.59801344928386,-73.48814475221418)
1 (45.73637066477588,-73.35117097837175)
1 (45.508045863285275,-73.3450740041651)
1 (45.395932210584284,-73.44975619051874)
1 (45.61371668714904,-73.65363077093032)
1 (45.38864331043676,-73.62108362055255)
1 (45.37409577873544,-73.34435742016271)
1 (45.49841702579609,-73.42699573625038)
1 (45.37846786218822,-73.29098687442776)
1 (45.49512357735719,-73.52230712948621)
1 (45.70620525530223,-73.40591070701453)
1 (45.306042149665835,-73.39226676665295)
1 (45.68357554832912,-73.4039091045009)
1 (45.26906961003587,-73.707432324123)
1 (45.73732868575218,-73.6489226339001)
1 (45.57988420311959,-73.2886171841304)
1 (45.4047709375718,-73.4630007048595)
1 (45.53793792145438,-73.6936135134011)
1 (45.3105219161156,-73.72529246852115)
1 (45.329451814210586,-73.69081286586298)
1 (45.561263593307444,-73.52205123612485)
1 (45.35951463685134,-73.37263885987745)
1 (45.54152897493288,-73.52610380162656)
1 (45.559935726688714,-73.38387416556078)
1 (45.515941113204136,-73.68609184250874)
1 (45.65467892351855,-73.696507297282)
1 (45.25630155973781,-73.69202287554766)
1 (45.56050507753668,-73.5536424600025)
1 (45.615540589317604,-73.5542734842608)
1 (45.43687657111154,-73.63030886218121)
1 (45.56477966483086,-73.48816852419627)
1 (45.37622781262183,-73.6186736033392)
1 (45.69462026903814,-73.63561503006375)
1 (45.3433818750939,-73.33920550669089)
1 (45.557261117860335,-73.4790001893651)
1 (45.731193621257106,-73.6077551279294)
1 (45.492159226300636,-73.6106681836497)
1 (45.298426104457654,-73.45130895067558)
1 (45.73468858435305,-73.31377131077282)
1 (45.2954172954904,-73.36234413291594)
1 (45.6546134652954,-73.6871459190248)
1 (45.26327033008476,-73.61325275585872)
1 (45.40918169222831,-73.30809467762778)
1 (45.31310081668452,-73.71822270303635)
1 (45.62425635178836,-73.67256150660884)
1 (45.653301196640264,-73.43025532556719)
1 (45.436142883865685,-73.38216675230535)
1 (45.734832123635776,-73.69566770574525)
1 (45.33663167880428,-73.26192484565514)
1 (45.627227358483154,-73.2574707554891)
1 (45.26426464403508,-73.29119781095824)
1 (45.62129885361774,-73.60243187246985)
1 (45.27594731766101,-73.41354309212532)
1 (45.57845493524254,-73.68442435465282)
1 (45.414766677731954,-73.45859472166445)
1 (45.71109502177381,-73.32883308285808)
1 (45.5622377648336,-73.56097239051651)
1 (45.28372005399721,-73.4293298327865)
1 (45.62619079425961,-73.59744334276844)
1 (45.67019893397057,-73.48924857530102)
1 (45.36912349465828,-73.28416760568311)
1 (45.28905656921063,-73.73508490993585)
1 (45.52608183690809,-73.68083734339329)
1 (45.66570027990913,-73.43931120002952)
1 (45.59599548423428,-73.43787690412901)
1 (45.73817709068941,-73.73374226626885)
1 (45.315882738671974,-73.69660026114164)
1 (45.53135467552932,-73.57310430768153)
1 (45.343452824258854,-73.61032815904359)
1 (45.47334555600356,-73.62125271087932)
1 (45.5803718086632,-73.49694787835999)
1 (45.41754367973505,-73.67965240826652)
1 (45.36582168157078,-73.6602538311168)
1 (45.36381932489956,-73.35927746144115)
1 (45.45797033338645,-73.42863755689527)
1 (45.44321851349756,-73.51300430145695)
1 (45.29958362772031,-73.45530156390237)
1 (45.44193893901258,-73.4958663874482)
1 (45.53324872791861,-73.30415151958616)
1 (45.49240548028782,-73.60520560079152)
1 (45.591541588165164,-73.30987692597226)
1 (45.55194375910193,-73.57179906046258)
1 (45.43795925037912,-73.64946097546313)
1 (45.42285132707063,-73.72645759486413)
1 (45.675551400333404,-73.49546554235688)
1 (45.34159159703906,-73.45438555723896)