400 400
101 (45.5,-73.5)
1 (45.27192348865575,-73.53891793906388)
1 (45.579386600691116,-73.27175918554398)
1 (45.57164723887805,-73.57148134926244)
1 (45.55166033498025,-73.31552387777371)
1 (45.58010268120138,-73.7028215551564)
1 (45.62958516810554,-73.72832893943313)
1 (45.70638886283682,-73.65968774144811)
1 (45.68340983149228,-73.34581074160765)
1 (45.747179039888245,-73.46820590221108)
1 (45.36429793666079,-73.25310396652964)
1 (45.37825903615391,-73.66023869270673)
1 (45.749082088436936,-73.67150279951947)
1 (45.295976170262634,-73.46839608963921)
1 (45.73063908071018,-73.2646126287754)
1 (45.41693901294741,-73.28238662255653)
1 (45.43551792995391,-73.31612507236777)
1 (45.7010467683625,-73.43187955880957)
1 (45.49000269528584,-73.32851787068752)
1 (45.710290398000964,-73.63790377293826)
1 (45.63596827538114,-73.423523404624)
1 (45.45375558885821,-73.73603943638773)
1 (45.51868810488432,-73.49112813377428)
1 (45.39787138189682,-73.5202642815322)
1 (45.430178007857904,-73.33415798649831)
1 (45.74018602386608,-73.28629676432848)
1 (45.39371198277896,-73.59017259105538)
1 (45.65481556068596,-73.36763339138943)
1 (45.71782077749472,-73.48143460181542)
1 (45.71819817916192,-73.6562086897591)
1 (45.53138531892584,-73.447137726717)
1 (45.61490139539175,-73.28271112132737)
1 (45.335362752031145,-73.4498707263228)
1 (45.504966753616266,-73.2990691596869)
1 (45.27123344030563,-73.72046205310123)
1 (45.60664051751763,-73.35747690756452)
1 (45.61143341172173,-73.41189308515999)
1 (45.61132676876615,-73.51655930435209)
1 (45.422837125493395,-73.57388582987251)
1 (45.501212879975945,-73.42588235105482)
1 (45.44078154665754,-73.53506377554434)
1 (45.68425526435534,-73.74499422179709)
1 (45.418173043375816,-73.68925276755074)
1 (45.596077045289896,-73.74253874863419)
1 (45.58189460914282,-73.3265316639852)
1 (45.543817114791196,-73.59471300847184)
1 (45.337031539181396,-73.52806039026372)
1 (45.583083621661814,-73.46044642695605)
1 (45.50835952345485,-73.2565060784)
1 (45.62590311587777,-73.45315910234932)
1 (45.698089979116546,-73.6210561255902)
1 (45.274919918967626,-73.65581271006529)
1 (45.26904304972727,-73.37754947836737)
1 (45.56708835893748,-73.33719759338038)
1 (45.533219680498554,-73.54017597888569)
1 (45.38871415937068,-73.52300533469617)
1 (45.43716985271374,-73.53148622447347)
1 (45.29293916461575,-73.55521644482795)
1 (45.387604702008225,-73.58212246135601)
1 (45.310627146977076,-73.7376882521773)
1 (45.35337645785364,-73.61072406665657)
1 (45.596096589755334,-73.61455864911343)
1 (45.51325039056802,-73.56787894592046)
1 (45.39025962319206,-73.36118673906276)
1 (45.49281909266009,-73.71578544642945)
1 (45.31546466415101,-73.68483194506543)
1 (45.64846009730418,-73.53745706425028)
1 (45.43870344689292,-73.53412853557991)
1 (45.41141361447831,-73.42584533346715)
1 (45.35283153075875,-73.30264313883025)
1 (45.40085790321942,-73.49417425569433)
1 (45.72906468079178,-73.5824080494974)
1 (45.351285697723156,-73.27407254615338)
1 (45.388251545587174,-73.37830390492884)
1 (45.376535726056375,-73.72775805540063)
1 (45.423286749180484,-73.53352043763601)
1 (45.710509321456506,-73.39457141440897)
1 (45.28051644006489,-73.4400548154215)
1 (45.32290272720955,-73.62057433292843)
1 (45.47410171490361,-73.41631232322887)
1 (45.70721165963275,-73.68272064126336)
1 (45.26404382935424,-73.42635461150083)
1 (45.677815282132514,-73.71627609473664)
1 (45.675937933884015,-73.59219635996011)
1 (45.693122671918125,-73.6857063220752)
1 (45.678510971964776,-73.7117815437054)
1 (45.542565600736076,-73.70516977499598)
1 (45.66361202701333,-73.74087602463409)
1 (45.69664724781765,-73.31504583257706)
1 (45.59256210511494,-73.42709357528244)
1 (45.72130708613578,-73.35559604906814)
1 (45.2826335432161,-73.4986280094914)
1 (45.40053832495004,-73.34789961543049)
1 (45.307917331976064,-73.50899450958538)
1 (45.59449459647523,-73.29562182215341)
1 (45.379950167818144,-73.62218872650921)
1 (45.384248860281296,-73.55896769195064)
1 (45.35521123251006,-73.29015268329739)
1 (45.71891775406313,-73.42434043862605)
1 (45.68896179414842,-73.4262919780528)
1 (45.58604094477231,-73.6997677610487)
1 (45.71788942362941,-73.3150192900925)
1 (45.67190533616542,-73.60707685769079)
1 (45.607631480143176,-73.6179046303154)
1 (45.56493007808684,-73.41709171577622)
1 (45.64549101314824,-73.44199315906421)
1 (45.28227899227312,-73.68379480735226)
1 (45.29352153710115,-73.52520716882496)
1 (45.267542793232366,-73.5774375699053)
1 (45.54264522913222,-73.66747878058723)
1 (45.51563432591258,-73.69500267350666)
1 (45.62458266432503,-73.59436597618048)
1 (45.629965748363055,-73.33921355414785)
1 (45.54511020264395,-73.48238452687683)
1 (45.40652747778535,-73.60445500576238)
1 (45.699524507183256,-73.40214422992238)
1 (45.46966436758387,-73.68951132601916)
1 (45.51918222646949,-73.44660802009874)
1 (45.55514542339308,-73.67294666874477)
1 (45.67659554860195,-73.30739834638162)
1 (45.74754924111737,-73.53724516098252)
1 (45.34580340449298,-73.54205530099648)
1 (45.33103792449412,-73.51249625599651)
1 (45.37460058858667,-73.73950672312574)
1 (45.405268273539946,-73.32945390869257)
1 (45.47569597332679,-73.73974090362573)
1 (45.55148948538309,-73.72521590326198)
1 (45.68498390432278,-73.49677781387983)
1 (45.607802846328376,-73.53256281666734)
1 (45.36685130399616,-73.59151561209698)
1 (45.527109219812466,-73.4061641666959)
1 (45.46880620016791,-73.30288424756236)
1 (45.34644609145694,-73.695401763063)
1 (45.54070182430793,-73.53196872551987)
1 (45.4922169832727,-73.66447900965248)
1 (45.737443481063586,-73.74436998433575)
1 (45.48224126288909,-73.68577707911219)
1 (45.61830389577918,-73.45105178213872)
1 (45.56260368762583,-73.69208760457335)
1 (45.540835932602235,-73.58727738794981)
1 (45.4349585373973,-73.56739370034026)
1 (45.32285977772183,-73.47297063963303)
1 (45.48824397772042,-73.28428999735597)
1 (45.612115079112655,-73.34594092788089)
1 (45.34768821292859,-73.45892446576755)
1 (45.55990687999738,-73.25189263533024)
1 (45.59353954088539,-73.5915134040507)
1 (45.44243712791128,-73.35199461778772)
1 (45.68212853536655,-73.59202362086114)
1 (45.3115023588065,-73.47001596544794)
1 (45.422670964434936,-73.25653397492671)
1 (45.584850812060715,-73.44663991496282)
1 (45.32464619268783,-73.6600811758066)
1 (45.70573117134601,-73.59854780222213)
1 (45.73263638600516,-73.466463045349)
1 (45.61102774036557,-73.29422096750793)
1 (45.40818764403401,-73.42451514133529)
1 (45.74786577408331,-73.35713841097308)
1 (45.60155506419601,-73.32379463772685)
1 (45.26968344401249,-73.69015413880366)
1 (45.68011940092791,-73.42039855072295)
1 (45.324505561854096,-73.68231781949316)
1 (45.544813879645936,-73.31581108123862)
1 (45.52051723661802,-73.61125865502353)
1 (45.3710754095288,-73.47821797354531)
1 (45.717024102148365,-73.39048211926907)
1 (45.65663515850853,-73.53664374083581)
1 (45.74249890200228,-73.63153522703134)
1 (45.64488963997974,-73.65356054529045)
1 (45.485652466681586,-73.59597615581345)
1 (45.419643526709926,-73.6912855396926)
1 (45.5403306132996,-73.70143956319275)
1 (45.33469196841146,-73.53152633389786)
1 (45.7105265767802,-73.31981958703575)
1 (45.45001033969328,-73.28585238208724)
1 (45.697911840679126,-73.66369765051698)
1 (45.29524554333781,-73.7476629294879)
1 (45.70102682370012,-73.59962307065268)
1 (45.570753556216374,-73.2833901348048)
1 (45.45263565501163,-73.25370959027445)
1 (45.32660373318304,-73.44221910442891)
1 (45.40973808529849,-73.28624154094133)
1 (45.730771269358044,-73.37952420326702)
1 (45.38934443435016,-73.7075890107922)
1 (45.74916476844476,-73.73951447098361)
1 (45.41235811332989,-73.58771142151733)
1 (45.412186983091495,-73.42724844616046)
1 (45.37777313841685,-73.47588483984816)
1 (45.33520220876051,-73.71922195015448)
1 (45.43988272943689,-73.29601861150631)
1 (45.29358484385487,-73.41515043124109)
1 (45.602308198941664,-73.41603223957368)
1 (45.42694938190951,-73.72135998269535)
1 (45.57439550235786,-73.50724422962692)
1 (45.561712777641574,-73.27836981706471)
1 (45.3578903065295,-73.71157978803383)
1 (45.69631591384139,-73.70179127728214)
1 (45.344790549312656,-73.52063486042141)
1 (45.38923189477739,-73.69658677763965)
1 (45.41088898916435,-73.64123956510885)
1 (45.626314381279705,-73.73002513484323)
1 (45.58375610056153,-73.47714424617352)
1 (45.721090086829996,-73.4083373031799)
1 (45.3487773934123,-73.69580719331836)
1 (45.419275440685276,-73.59612001365774)
1 (45.53234732481166,-73.6729932991354)
1 (45.63709803253165,-73.4459523051311)
1 (45.46743510755267,-73.41599850983829)
1 (45.66192928258778,-73.36848333324367)
1 (45.30347633386339,-73.35879529192127)
1 (45.683285719699654,-73.57041736982318)
1 (45.36990733711604,-73.6992499836821)
1 (45.70243170174097,-73.61936540143634)
1 (45.440647547520776,-73.70979313421702)
1 (45.68961760690339,-73.56045004794419)
1 (45.57544853655433,-73.69852958782383)
1 (45.31941291150648,-73.4098442801399)
1 (45.433266534599085,-73.52775553033398)
1 (45.71664460264284,-73.3850915353647)
1 (45.562678528124856,-73.31120499064008)
1 (45.38812715077778,-73.50109852258112)
1 (45.674850499877884,-73.61007901143732)
1 (45.39867083305053,-73.66410960643047)
1 (45.29567931974675,-73.63101605584524)
1 (45.373781260278136,-73.63376457147126)
1 (45.47546848440356,-73.59664260344987)
1 (45.57601351371771,-73.69550980798962)
1 (45.40686075349478,-73.61119849667057)
1 (45.60712030262104,-73.59217579188329)
1 (45.364739430363564,-73.47996207603316)
1 (45.7339339674369,-73.70445154057855)
1 (45.33542300649898,-73.56180540896608)
1 (45.42234847374752,-73.64528000648139)
1 (45.54671624871662,-73.33919063422894)
1 (45.390817809164,-73.342866135616)
1 (45.3452442361026,-73.47927379347105)
1 (45.36246324229302,-73.33103227221682)
1 (45.49298394021845,-73.73351290503123)
1 (45.70318267899342,-73.34407370031559)
1 (45.471021297914724,-73.58128276585533)
1 (45.28208102037773,-73.42605995611686)
1 (45.28530005331349,-73.56547911399934)
1 (45.68009133210772,-73.6116955746706)
1 (45.566491839785634,-73.29495043439219)
1 (45.30283234335111,-73.31739688280834)
1 (45.44410538424592,-73.59982632280848)
1 (45.52454852237475,-73.39715939201362)
1 (45.253565771122005,-73.32141621464507)
1 (45.701404880611015,-73.36808343631411)
1 (45.60423327364088,-73.69833362657398)
1 (45.74445949227905,-73.59509345711946)
1 (45.69619431743777,-73.27485557220518)
1 (45.43531208739006,-73.7434295116983)
1 (45.52414546823927,-73.70625811106471)
1 (45.300728517036305,-73.56090745198074)
1 (45.74780473778863,-73.2689739516863)
1 (45.63646599471836,-73.53973715812062)
1 (45.54002264499189,-73.30089854687323)
1 (45.68507535655585,-73.72985631360925)
1 (45.64612878460108,-73.69902693889296)
1 (45.52763195863105,-73.43227991690914)
1 (45.70103796480236,-73.48783358713048)
1 (45.44514788056077,-73.6918841189042)
1 (45.554253225687766,-73.3424132839834)
1 (45.341843690741115,-73.43433545406754)
1 (45.447141436474936,-73.3053814793602)
1 (45.2995089924768,-73.25154483956688)
1 (45.371720228563134,-73.27588791822521)
1 (45.44985655888409,-73.73406865846466)
1 (45.31568352148664,-73.67282800963203)
1 (45.61007587525572,-73.37729692503719)
1 (45.364506094489435,-73.4824416182417)
1 (45.525717371921495,-73.45106196530978)
1 (45.28820590542609,-73.6929696784327)
1 (45.60458983003071,-73.3194685429042)
1 (45.28770618334516,-73.39589435721503)
1 (45.70552876034445,-73.52928969990701)
1 (45.51372763947568,-73.59451893444773)
1 (45.36669474194534,-73.55119029693037)
1 (45.2997542820526,-73.50624916458213)
1 (45.31948622892844,-73.35833340618325)
1 (45.26985480502236,-73.37491829058423)
1 (45.736202246613104,-73.56159241232908)
1 (45.592004559405275,-73.52385328409483)
1 (45.40226604895995,-73.58963506301662)
1 (45.648041722234325,-73.57911038312058)
1 (45.38712185879206,-73.40556315255556)
1 (45.282504147690275,-73.4754136715725)
1 (45.31184212961604,-73.4895849777709)
1 (45.574332000975154,-73.52481051146636)
1 (45.47603413300611,-73.289365401372)
1 (45.74778453492445,-73.47991352163584)
1 (45.41180993543466,-73.54624127868976)
1 (45.40190731705712,-73.65982893921033)
1 (45.378384890454726,-73.34640829738095)
1 (45.69149993848471,-73.3274769057281)
1 (45.39729562298436,-73.42147785143524)
1 (45.43677227553501,-73.61198953491785)
1 (45.655278794284335,-73.63247076910639)
1 (45.373740616708616,-73.35922816973431)