450 450
101 (45.5,-73.5)
1 (45.469528512100034,-73.71535769730383)
1 (45.382903396779085,-73.36719168690398)
1 (45.51835020698015,-73.74467377958563)
1 (45.54984946433422,-73.52119312507611)
1 (45.68915504616688,-73.38452838331607)
1 (45.318190195873115,-73.38616249140097)
1 (45.68528974233706,-73.34349835579371)
1 (45.2925698222782,-73.34028892373642)
1 (45.46337220408226,-73.53143670699897)
1 (45.437496849286816,-73.34544598815916)
1 (45.64360427813004,-73.73214601442348)
1 (45.49635276939027,-73.44544931209039)
1 (45.746958812675665,-73.65615926468422)
1 (45.424172125070584,-73.56317620075626)
1 (45.46518883076701,-73.52253867796931)
1 (45.48765193471628,-73.6319323514369)
1 (45.66228250242428,-73.33764585615094)
1 (45.436336066796656,-73.54518123621605)
1 (45.43928831508958,-73.29225485282501)
1 (45.29003400477567,-73.34185735598672)
1 (45.36836074406848,-73.68617260442633)
1 (45.31927137199027,-73.46196477280351)
1 (45.41642731865835,-73.51169892865079)
1 (45.71793299791342,-73.30901795366236)
1 (45.634053936207515,-73.2838017347487)
1 (45.28024760882275,-73.74211239548822)
1 (45.38088599191949,-73.39580055325901)
1 (45.597876461605665,-73.49101811359766)
1 (45.6954686201265,-73.70464474621976)
1 (45.38710646885528,-73.34266913401993)
1 (45.39430022456718,-73.70954084169061)
1 (45.54101179516418,-73.2867781313742)
1 (45.602649153288134,-73.58172591642546)
1 (45.376936069220186,-73.63203545076688)
1 (45.67796425792763,-73.43160249666664)
1 (45.31576061902576,-73.4124572854973)
1 (45.38563575010226,-73.56224309234437)
1 (45.38616254300647,-73.69592839461376)
1 (45.726413706238816,-73.55544042399823)
1 (45.494429560709705,-73.68384010026911)
1 (45.4949671059226,-73.36802254018507)
1 (45.33838699456647,-73.25195473221089)
1 (45.46986734154264,-73.68206996856797)
1 (45.672605404706424,-73.32823322285988)
1 (45.596705769928825,-73.55296474414101)
1 (45.35129585361954,-73.73334312677416)
1 (45.62810557408535,-73.43386957425835)
1 (45.685162778940104,-73.32391953308502)
1 (45.4270643077548,-73.4242780272878)
1 (45.64897299171677,-73.47738206769387)
1 (45.523363830206094,-73.59369463953755)
1 (45.367712559761515,-73.6402165942717)
1 (45.53671048285083,-73.46929699264446)
1 (45.590941415150596,-73.32911048331638)
1 (45.74481897940167,-73.74859959932097)
1 (45.537319067531364,-73.62618620155887)
1 (45.379829367055834,-73.50468243038087)
1 (45.554262938851565,-73.34580793759689)
1 (45.68224688216203,-73.59246501599479)
1 (45.49131413416722,-73.67104191622164)
1 (45.32802088131332,-73.6397997748748)
1 (45.53002377084005,-73.66283122005271)
1 (45.5714291990888,-73.41682654258162)
1 (45.44803628235247,-73.63430148020025)
1 (45.31411046466557,-73.52107284328234)
1 (45.42053428139004,-73.45634433029842)
1 (45.31888758877069,-73.69420273837507)
1 (45.47832305680233,-73.41873098079785)
1 (45.435951286778305,-73.69910988344567)
1 (45.64857089019801,-73.31348854365748)
1 (45.49852348335697,-73.53321845473705)
1 (45.601584646702335,-73.43412763365002)
1 (45.47529607838444,-73.33539858457108)
1 (45.31498849845104,-73.69553962991219)
1 (45.53774140911516,-73.65982079746159)
1 (45.34528691794551,-73.57498810235968)
1 (45.41181655904034,-73.34036715673214)
1 (45.266031179294984,-73.55459890796133)
1 (45.735634171299466,-73.4538844839817)
1 (45.69167205761357,-73.71010909251457)
1 (45.63734880107868,-73.40960824811494)
1 (45.556669698883205,-73.53936524197516)
1 (45.38080784453905,-73.44550351614151)
1 (45.46054480404209,-73.55716733592156)
1 (45.700442505426224,-73.30006248941066)
1 (45.42129362248473,-73.60053460593737)
1 (45.36142481729205,-73.55026590112878)
1 (45.301952543145916,-73.69032554258752)
1 (45.53629230092768,-73.56295873602102)
1 (45.48808632823813,-73.6813742588341)
1 (45.28504304391609,-73.69780853872983)
1 (45.59758729277379,-73.30391148470972)
1 (45.26212936694433,-73.3253077117999)
1 (45.59841104438302,-73.55401833246806)
1 (45.25082942135034,-73.38294892182071)
1 (45.694737747734806,-73.73021686098602)
1 (45.74315130832947,-73.586746024414)
1 (45.71753594570802,-73.73703178102569)
1 (45.541725738257746,-73.54369062297043)
1 (45.52161953020034,-73.58446299747446)
1 (45.25906846706513,-73.37352739388183)
1 (45.5480265181796,-73.30478948319954)
1 (45.629144931083275,-73.5453994934664)
1 (45.257911672837835,-73.28498004448826)
1 (45.7263448939601,-73.4664579339882)
1 (45.58213325356733,-73.27421735286127)
1 (45.50777618055857,-73.42544729804392)
1 (45.35932754270982,-73.57164681143759)
1 (45.55621193000073,-73.29457247342025)
1 (45.454502871854444,-73.6294424986825)
1 (45.503076676241015,-73.42761986436649)
1 (45.360048400932826,-73.52063786557653)
1 (45.353532706435765,-73.46134865573927)
1 (45.58154110717201,-73.41989909125789)
1 (45.319028251066754,-73.73058642956065)
1 (45.50184751183152,-73.42852495088489)
1 (45.28659555416513,-73.74525578640772)
1 (45.69875530347428,-73.74243696695214)
1 (45.71873711211184,-73.64972713991753)
1 (45.36373310461611,-73.313779490879)
1 (45.582914478777106,-73.2914352516676)
1 (45.53240477746274,-73.29297976486112)
1 (45.35545464229823,-73.46661565056057)
1 (45.29093829875882,-73.65872310864658)
1 (45.73111486689213,-73.58630945141233)
1 (45.46678721360261,-73.54827956277845)
1 (45.39659753276648,-73.41545356884986)
1 (45.5470860092501,-73.38997299868042)
1 (45.59398253917985,-73.68191597771632)
1 (45.69348922382806,-73.51331474522837)
1 (45.70834524672889,-73.73075367714662)
1 (45.73835708074612,-73.47042904282756)
1 (45.262754192772846,-73.51176414135163)
1 (45.45392903503136,-73.34487805827995)
1 (45.49339303354671,-73.53556885379732)
1 (45.683489648161675,-73.35084964276476)
1 (45.607727508631136,-73.5150104848236)
1 (45.61151961202089,-73.53690181889682)
1 (45.39943859442807,-73.72456346032246)
1 (45.52843802114896,-73.40406287446922)
1 (45.60526891815222,-73.66075028367234)
1 (45.41478025727434,-73.72806695414094)
1 (45.74098049555553,-73.37122421425248)
1 (45.529519063939254,-73.33986017178893)
1 (45.64629716674498,-73.33922192416598)
1 (45.43772482753386,-73.5672429013142)
1 (45.60200647101835,-73.56350725226609)
1 (45.55387420034984,-73.47361921536215)
1 (45.65632090335547,-73.4617209765938)
1 (45.30885461229498,-73.44730519709347)
1 (45.71214977468802,-73.44721842915018)
1 (45.47107533208298,-73.5967028949885)
1 (45.48210831072832,-73.48602087091113)
1 (45.46508421912679,-73.29287759675303)
1 (45.61389163028011,-73.63142356096213)
1 (45.73470254307423,-73.57168128619749)
1 (45.62506693461133,-73.45909700512041)
1 (45.29192829853378,-73.46254565211298)
1 (45.263387979719056,-73.48518565418836)
1 (45.57772203075368,-73.65042359479811)
1 (45.52641186452264,-73.54395122666769)
1 (45.63627744212109,-73.70108860793364)
1 (45.33249862747778,-73.72992588515919)
1 (45.3704919767901,-73.38810672330811)
1 (45.734200360958205,-73.3723335209641)
1 (45.30309136617,-73.45227647461441)
1 (45.60459687297535,-73.60670518897476)
1 (45.315224965819596,-73.40118749872836)
1 (45.40731106303247,-73.4401578361363)
1 (45.2723373604831,-73.71777911829055)
1 (45.481737814386086,-73.27272347179644)
1 (45.27573462375043,-73.5923854502541)
1 (45.73644588260577,-73.63740876263074)
1 (45.49750228224407,-73.52273438637361)
1 (45.7457633973172,-73.45633310086748)
1 (45.66629493885951,-73.34072289699174)
1 (45.487232767320265,-73.37933616441411)
1 (45.27200616788352,-73.42352194199127)
1 (45.34092238798272,-73.27486383140375)
1 (45.44844018686639,-73.52966931995466)
1 (45.49550738271847,-73.680734506472)
1 (45.274845522903874,-73.3682898141961)
1 (45.57058333315518,-73.49455570178377)
1 (45.40953368105669,-73.66143681193437)
1 (45.569851892141,-73.3901036959511)
1 (45.531794574996304,-73.59578059444429)
1 (45.725618667896235,-73.38689714931093)
1 (45.521933436278694,-73.68047362049855)
1 (45.3814689404568,-73.67548851319785)
1 (45.65349237531398,-73.63300388015716)
1 (45.28703809667767,-73.71066489660376)
1 (45.306582897104406,-73.5042024398767)
1 (45.54646897189378,-73.72879328240101)
1 (45.33674414871861,-73.32730225721943)
1 (45.470449397718106,-73.72396264854562)
1 (45.749854800352665,-73.63405053031487)
1 (45.73064897684741,-73.530368794761)
1 (45.74036478904053,-73.72335726949053)
1 (45.50492466066278,-73.50555546649902)
1 (45.44747643029878,-73.59481848084735)
1 (45.73184085381426,-73.39066836858653)
1 (45.47189275488293,-73.47068259640218)
1 (45.66385024526761,-73.73979668462772)
1 (45.27436413187734,-73.32543438486833)
1 (45.61990747015234,-73.36076975004262)
1 (45.546502444549674,-73.3221510320048)
1 (45.690338512192945,-73.49444416425115)
1 (45.50419558234671,-73.51914044189132)
1 (45.63946451468296,-73.47856005560021)
1 (45.304443152890386,-73.65910243065683)
1 (45.384779363973834,-73.39566288145924)
1 (45.42754754143529,-73.28615883311028)
1 (45.705406363671706,-73.69238019541552)
1 (45.39833284882987,-73.35357916429065)
1 (45.74710991176787,-73.47951069234132)
1 (45.64242752455886,-73.3868836569082)
1 (45.44631398987327,-73.67892609417369)
1 (45.586634678935006,-73.65323631977894)
1 (45.69138014575989,-73.3742040140119)
1 (45.316027376174176,-73.65864590231163)
1 (45.37582307284778,-73.64720324175684)
1 (45.69464461832547,-73.6494731552584)
1 (45.475193077561464,-73.3424605824368)
1 (45.341526841405894,-73.63409829496595)
1 (45.39703044826695,-73.59533167047928)
1 (45.72931809605033,-73.26433301785762)
1 (45.6115970499454,-73.58821582035146)
1 (45.43877537005723,-73.72426688559639)
1 (45.47001705069216,-73.36199809614074)
1 (45.259263900752835,-73.56671834971918)
1 (45.65600869342883,-73.60700995019776)
1 (45.37268020271268,-73.71431622670549)
1 (45.397565357157774,-73.68935217435387)
1 (45.29623351784583,-73.60346778732263)
1 (45.38574454914549,-73.73434265731743)
1 (45.588128850108426,-73.69507513785719)
1 (45.30914960897645,-73.38914370998035)
1 (45.53943382776555,-73.30584220079051)
1 (45.51473934205724,-73.42129207697535)
1 (45.68527417566641,-73.42836973020948)
1 (45.548276830275434,-73.57889772270225)
1 (45.468991528867996,-73.40696655524945)
1 (45.711029277847786,-73.64169512279224)
1 (45.284010084334234,-73.51921074652533)
1 (45.29325677539437,-73.3299242549924)
1 (45.3998972108103,-73.68077441485146)
1 (45.30957824696601,-73.71018594878636)
1 (45.45146612075912,-73.64288206241233)
1 (45.36647904344584,-73.44395967277332)
1 (45.7327573637501,-73.68800205720909)
1 (45.738025223480136,-73.6653894247683)
1 (45.491348804849444,-73.44997705856882)
1 (45.31227527237685,-73.45023657972143)
1 (45.26268229018362,-73.58977896297041)
1 (45.29793096945273,-73.74756655512398)
1 (45.51895826479707,-73.6474300040849)
1 (45.4484447961189,-73.28977892041814)
1 (45.53263823083247,-73.46436170416662)
1 (45.569102045650645,-73.37500867230122)
1 (45.370707790723124,-73.62858909724608)
1 (45.72152165108786,-73.52871944173259)
1 (45.342591622971106,-73.43755793272835)
1 (45.329570406937755,-73.39847720464982)
1 (45.52197488019625,-73.40037816605233)
1 (45.32086121503836,-73.31743613606679)
1 (45.650773791429074,-73.31238745182547)
1 (45.50880659434053,-73.28798612187687)
1 (45.31211159622632,-73.43059384998887)
1 (45.631624554523825,-73.68730468311115)
1 (45.72839409869337,-73.2585273061194)
1 (45.31674475370562,-73.28122360817251)
1 (45.40044254448716,-73.41338520193139)
1 (45.7317385665263,-73.65186381548926)
1 (45.554129709058806,-73.49708749732876)
1 (45.31619747431287,-73.39791016685088)
1 (45.50207845055862,-73.32596245349133)
1 (45.26291009109029,-73.45419024123535)
1 (45.55972009383446,-73.29126460764918)
1 (45.33123869598956,-73.59938982204544)
1 (45.57737359551282,-73.52458196091467)
1 (45.63077215130506,-73.67728030552816)
1 (45.46299437667479,-73.42841979959232)
1 (45.709132763770796,-73.74775131210427)
1 (45.27385519121777,-73.5028541754226)
1 (45.61424032983161,-73.30923502835005)
1 (45.54965971682404,-73.25412837420227)
1 (45.57838768121162,-73.39377622707201)
1 (45.5444526891876,-73.31042139806291)
1 (45.589157464395925,-73.73004554030739)
1 (45.39017872875955,-73.69374757600633)
1 (45.37051087608903,-73.29801093647495)
1 (45.490855413551586,-73.50505238275237)
1 (45.69630491358838,-73.46177570601829)
1 (45.60306422170445,-73.57204957706398)
1 (45.4980453321589,-73.46425914431245)
1 (45.60582641138841,-73.38620047679822)
1 (45.408858266191984,-73.39893884927)
1 (45.400919209066465,-73.41646659296656)
1 (45.706464508739685,-73.33979199570184)
1 (45.713300706107034,-73.63307232160122)
1 (45.57936584596206,-73.61086539542906)
1 (45.280550512251494,-73.30449483590887)
1 (45.742503950216545,-73.71157254600305)
1 (45.5300961712206,-73.3452538736087)
1 (45.67132799311353,-73.68285847569213)
1 (45.34348384557884,-73.6908043731693)
1 (45.60650777254437,-73.70279157274966)
1 (45.39806498295228,-73.35894074214296)
1 (45.50545532915208,-73.43793411121953)
1 (45.35820878497776,-73.52460159239403)
1 (45.28136823059211,-73.64901150023428)
1 (45.36051401430566,-73.58681957809667)
1 (45.47568412414107,-73.25594308506984)
1 (45.300481458763514,-73.34279126379123)
1 (45.45563637086748,-73.50821533139329)
1 (45.3817219837523,-73.50464749149381)
1 (45.315026790501264,-73.5818712131098)
1 (45.73301330729317,-73.39948506826866)
1 (45.383381999541484,-73.33405755427916)
1 (45.63338176959788,-73.28257636229338)
1 (45.61633580497452,-73.59011504358647)
1 (45.510873954690325,-73.26740336927905)
1 (45.648380966586586,-73.71661375012752)
1 (45.396795885718674,-73.43426886969723)
1 (45.43805900461728,-73.34652965555804)
1 (45.42393627494343,-73.72171721289074)
1 (45.72520810398146,-73.46992594108758)
1 (45.25465317582734,-73.73185315276798)
1 (45.45006450257583,-73.68504567900234)
1 (45.5126918483037,-73.59187738227668)
1 (45.35481364370736,-73.72064037854595)
1 (45.37121503860935,-73.5097629760474)
1 (45.699613314795364,-73.39065215092)
1 (45.4187648865621,-73.64197739800701)
1 (45.377161516819015,-73.42703477658497)
1 (45.28473915520735,-73.35551024965112)
1 (45.702557805579076,-73.65554234142746)
1 (45.256452789603685,-73.41519727916246)
1 (45.2885075120521,-73.73273184424265)
1 (45.26096884140501,-73.56043681850826)
1 (45.689844061775865,-73.65021918278295)
1 (45.61662142299472,-73.35287507958837)
1 (45.415895423303866,-73.4343959534769)
1 (45.38151629028565,-73.57849238884826)
1 (45.464396396645014,-73.4263573794613)
1 (45.439283267825,-73.37375288392145)
1 (45.7264494140435,-73.71770980022667)
1 (45.66596768243074,-73.61608539857012)
1 (45.44846203729722,-73.74321891045217)