500 500
101 (45.5,-73.5)
1 (45.61618655118715,-73.47394430378608)
1 (45.41404053054834,-73.69092806311087)
1 (45.651538336301385,-73.35105380017926)
1 (45.62649411107844,-73.28441893856713)
1 (45.30974347498781,-73.28317029662786)
1 (45.53090577456189,-73.62030471226637)
1 (45.47910609566006,-73.65380258155352)
1 (45.71365113753312,-73.60683891616146)
1 (45.59962570735183,-73.38781008308592)
1 (45.556797492180934,-73.64669113305371)
1 (45.65945090688347,-73.55865495224536)
1 (45.504991085433645,-73.53848372696768)
1 (45.69335522823723,-73.6063142498671)
1 (45.42324159015067,-73.6376015718454)
1 (45.318528965563154,-73.60846392744949)
1 (45.485438115831016,-73.61707989559018)
1 (45.562218630192355,-73.27752666128653)
1 (45.635482399705005,-73.70404322881298)
1 (45.34560926976055,-73.5705313751789)
1 (45.40560013394367,-73.53621154417074)
1 (45.48883306645557,-73.49746228506444)
1 (45.25969247933885,-73.28640740434487)
1 (45.4931009257857,-73.39688129230595)
1 (45.65351540867485,-73.44079113895012)
1 (45.637691951054286,-73.615087626324)
1 (45.66802546349699,-73.58871896068109)
1 (45.60189925620772,-73.6769341924722)
1 (45.37740612553076,-73.28866179191705)
1 (45.38501845036693,-73.67265079714893)
1 (45.55908995426818,-73.51554073263975)
1 (45.25107879147072,-73.70562945720565)
1 (45.43951722486194,-73.37012797773085)
1 (45.269255023541255,-73.35110793427245)
1 (45.396422805213206,-73.64082983982239)
1 (45.25576134010949,-73.66504264128216)
1 (45.40611858119,-73.45221174775834)
1 (45.54851706985932,-73.35619301833289)
1 (45.53253971618437,-73.61304285082245)
1 (45.56198720031223,-73.29254446073519)
1 (45.40374859614539,-73.38943098476192)
1 (45.47633877280433,-73.55567778864138)
1 (45.411141357879806,-73.27578651713097)
1 (45.71241776370421,-73.2835484061221)
1 (45.29677737626224,-73.41789685085983)
1 (45.53203934420602,-73.55336881807271)
1 (45.36505316478246,-73.65831105334055)
1 (45.68169736920825,-73.55189390689127)
1 (45.26636766128832,-73.72452718463698)
1 (45.46703772469213,-73.26038840849723)
1 (45.65247687739127,-73.36514289368344)
1 (45.505302900000096,-73.34591182182022)
1 (45.49591152151922,-73.25817272808126)
1 (45.65344394754808,-73.39928639744183)
1 (45.4991319835703,-73.26915362210795)
1 (45.25070891063402,-73.59321916274278)
1 (45.2930210382435,-73.62445305470769)
1 (45.346255173783405,-73.25152961462891)
1 (45.53886513619798,-73.28736213631407)
1 (45.504696617169145,-73.7222900239756)
1 (45.603151093841454,-73.28109916522703)
1 (45.59548457943018,-73.33391586674013)
1 (45.67030581987686,-73.39376680628274)
1 (45.67563482421925,-73.5838493676172)
1 (45.49493231053549,-73.62559942468077)
1 (45.66955137481819,-73.564459401395)
1 (45.472146161346934,-73.39850453498244)
1 (45.53456085726088,-73.47013686437258)
1 (45.322292364917615,-73.44194596758658)
1 (45.47625971589415,-73.35329467281207)
1 (45.44462320479143,-73.39763361217277)
1 (45.54388965980425,-73.60508732459226)
1 (45.393443691175136,-73.54827824129086)
1 (45.5926950294737,-73.42914526701027)
1 (45.46978168451401,-73.67283722801072)
1 (45.64757927649872,-73.35347482604703)
1 (45.60181589327211,-73.3622206464346)
1 (45.64036562052693,-73.58690493195299)
1 (45.50809544853836,-73.69534447404914)
1 (45.3215806694356,-73.27206734507305)
1 (45.59901071882029,-73.47571120922449)
1 (45.36691774438462,-73.41687749971169)
1 (45.674025643839926,-73.26336581381699)
1 (45.308400107346685,-73.50083870331085)
1 (45.71485793352355,-73.70611800972245)
1 (45.42075240312149,-73.45122263487589)
1 (45.45809379068393,-73.6773398021426)
1 (45.58460224259935,-73.36728485646495)
1 (45.45465016872167,-73.46544035672466)
1 (45.4298716876506,-73.53815428196818)
1 (45.4880478679553,-73.7322878975732)
1 (45.735082000202425,-73.45189119947186)
1 (45.5286348015207,-73.66439160853207)
1 (45.6212832116323,-73.62943868276058)
1 (45.3466995779327,-73.6815744338997)
1 (45.532933345295056,-73.7377979778333)
1 (45.49384107042079,-73.74316038058907)
1 (45.342290335797536,-73.54173875057002)
1 (45.58901082671074,-73.70136836789712)
1 (45.64874313901451,-73.34271045342497)
1 (45.71332048965422,-73.29564711007257)
1 (45.46999661330477,-73.62735186986905)
1 (45.72600763715137,-73.26010391026773)
1 (45.53813815294023,-73.70610093316468)
1 (45.46287878377088,-73.6289729307499)
1 (45.320352411775396,-73.66488780025621)
1 (45.568099556645365,-73.67223671277706)
1 (45.68141338868024,-73.47974932002568)
1 (45.64037732000221,-73.47505747428524)
1 (45.29307196753825,-73.65543366744092)
1 (45.44538273558688,-73.49059269249229)
1 (45.47406977652264,-73.7446692836032)
1 (45.65768229346849,-73.44606278600611)
1 (45.61374884635459,-73.58475289537537)
1 (45.447504712764996,-73.26660612513524)
1 (45.69208955245492,-73.5524666463902)
1 (45.720339765695094,-73.70050002718914)
1 (45.65949806987936,-73.58706494670467)
1 (45.45066917670728,-73.58274417414133)
1 (45.58077713042904,-73.66417717610247)
1 (45.325054569358755,-73.66179585757855)
1 (45.479452960361265,-73.32095271449172)
1 (45.32435866839895,-73.63641444645816)
1 (45.74099389210953,-73.7346303615827)
1 (45.43005139952145,-73.50611547939594)
1 (45.74644483990292,-73.74294454042162)
1 (45.33535350558851,-73.52965264109247)
1 (45.61161489352165,-73.56538631419498)
1 (45.37839604839378,-73.511239076367)
1 (45.50119372991574,-73.33931760185892)
1 (45.39162486802632,-73.29388707887956)
1 (45.472035579286135,-73.42429243556904)
1 (45.27935496604955,-73.73328868490324)
1 (45.67533813866223,-73.25166966903997)
1 (45.393680387177014,-73.55407705654908)
1 (45.513556664045154,-73.30470690792423)
1 (45.677871301573944,-73.35310217508517)
1 (45.504632130948885,-73.6068059933999)
1 (45.58594018347743,-73.61152173533054)
1 (45.65347540215095,-73.37243575586591)
1 (45.467235521385234,-73.4090514121123)
1 (45.56863771943389,-73.73648828733813)
1 (45.42572154939471,-73.59963672696432)
1 (45.39071114817684,-73.72343044275188)
1 (45.62502874803653,-73.50810134664722)
1 (45.318240730634365,-73.34759265700526)
1 (45.61241045604952,-73.74199497932815)
1 (45.62679358950966,-73.45029282130234)
1 (45.47741683055596,-73.481906914729)
1 (45.577318337834306,-73.57822325842496)
1 (45.54439787676799,-73.61692892710455)
1 (45.50104154985782,-73.3906343456712)
1 (45.321873546676684,-73.32974474527802)
1 (45.629886261241275,-73.25032881048008)
1 (45.596359183558604,-73.7079908263487)
1 (45.41376069650543,-73.30533637582849)
1 (45.363410713321905,-73.66507635842684)
1 (45.62905390582374,-73.5043684482294)
1 (45.73445464340499,-73.39456821230551)
1 (45.536288053871964,-73.60975853735084)
1 (45.54439360942153,-73.2575398936773)
1 (45.68911542600155,-73.3765741879197)
1 (45.61202924429406,-73.41195103053127)
1 (45.73171168228483,-73.65594185943658)
1 (45.47301966996497,-73.63716718150386)
1 (45.64710489448902,-73.25435661754486)
1 (45.41338984434273,-73.68514781652773)
1 (45.43509342079911,-73.43885382188014)
1 (45.28053869517909,-73.60262297761112)
1 (45.60514377680468,-73.52040082727177)
1 (45.33823787766796,-73.31574733610846)
1 (45.66702304179598,-73.4747217842281)
1 (45.36229255236238,-73.35026333365316)
1 (45.48990869130688,-73.57099930906851)
1 (45.74433568859435,-73.37612281956113)
1 (45.47933173482049,-73.4745021923472)
1 (45.58265269249547,-73.31580994224888)
1 (45.49054771959906,-73.26916890318473)
1 (45.59098464961314,-73.54027563023423)
1 (45.25679316680741,-73.31053192014257)
1 (45.648933373477185,-73.69543729226517)
1 (45.36137327324109,-73.26809848729195)
1 (45.45089315331324,-73.45561515415967)
1 (45.42364025594786,-73.6494089889196)
1 (45.48435897543643,-73.48806956533481)
1 (45.70065970337934,-73.51547434809795)
1 (45.483012644873746,-73.63497188917562)
1 (45.72872570145458,-73.49914942073366)
1 (45.55516325154025,-73.27568409095407)
1 (45.44187383432033,-73.62423014358467)
1 (45.383919751811376,-73.52314056113921)
1 (45.40815441765437,-73.29366696530728)
1 (45.731898910924194,-73.33341832465446)
1 (45.41866641022063,-73.67026831000194)
1 (45.4603227483525,-73.26725008550608)
1 (45.649216119556534,-73.51262282566222)
1 (45.39003545539635,-73.53627711071464)
1 (45.489952684346285,-73.3526997137332)
1 (45.59027035524397,-73.59525741420761)
1 (45.40444593637963,-73.70969211087058)
1 (45.57992349145275,-73.40423719018133)
1 (45.336410225756204,-73.32714859215521)
1 (45.46564105649301,-73.58186190356393)
1 (45.72964142312,-73.69729384677426)
1 (45.721203621794594,-73.50254580879762)
1 (45.66472213933535,-73.39766943087096)
1 (45.63349113129074,-73.45613735864758)
1 (45.44466401428244,-73.51083155247372)
1 (45.40173807455496,-73.28901025522227)
1 (45.680893703251385,-73.62782288476795)
1 (45.4788393702682,-73.4801783488573)
1 (45.540852898700926,-73.65049115010541)
1 (45.48614306639232,-73.37507529217181)
1 (45.3189706532884,-73.306457468512)
1 (45.41646670786688,-73.30305790168838)
1 (45.38387975072533,-73.47364315982946)
1 (45.36400025509861,-73.54248525499001)
1 (45.33648721871413,-73.578743911587)
1 (45.68430890761073,-73.56939327004207)
1 (45.38587206945926,-73.48589594382184)
1 (45.29282518474708,-73.73232778400121)
1 (45.51297197894692,-73.42800906367877)
1 (45.25602033462134,-73.43681681673004)
1 (45.445633594852666,-73.65384706667633)
1 (45.415870911389625,-73.59825599122962)
1 (45.31283974626155,-73.56891637589816)
1 (45.515287052746075,-73.53164870779138)
1 (45.58078970507114,-73.73757941307613)
1 (45.65984505878068,-73.59068597196165)
1 (45.498997510272595,-73.68753943758475)
1 (45.45946725456372,-73.74706846200353)
1 (45.30068596964765,-73.5159491338657)
1 (45.34261823509255,-73.41376657721702)
1 (45.308492727665595,-73.33887594808974)
1 (45.32513725791231,-73.66308211153441)
1 (45.3938680422355,-73.65271214706421)
1 (45.446002123429004,-73.57191818996814)
1 (45.42653178802372,-73.68734859210251)
1 (45.65312114798411,-73.74258192798482)
1 (45.42897098178642,-73.32653620162151)
1 (45.63367510632156,-73.59773758881127)
1 (45.62019714411112,-73.6508399259737)
1 (45.43558211609311,-73.33279550974667)
1 (45.39284605558753,-73.62294527888656)
1 (45.71933397915928,-73.42806552644495)
1 (45.51819097098824,-73.3838080527985)
1 (45.61275376414999,-73.37642115884927)
1 (45.51475332532268,-73.56124326135811)
1 (45.415149363141786,-73.27001411783534)
1 (45.647933577824894,-73.41002993666778)
1 (45.31188944457632,-73.61174645125216)
1 (45.450447894503036,-73.5044636697648)
1 (45.3156033615307,-73.67375076600644)
1 (45.46634464912757,-73.59051939834639)
1 (45.346007632746584,-73.41604679092146)
1 (45.62498821901549,-73.5753924911766)
1 (45.69678735663646,-73.40383561975212)
1 (45.74563553552176,-73.48716638574116)
1 (45.61501167363624,-73.32156090007676)
1 (45.65809438521078,-73.57671079116129)
1 (45.33623815231429,-73.57590925023005)
1 (45.30044060747578,-73.55764471415513)
1 (45.676761866236646,-73.60834004712149)
1 (45.42088456728986,-73.28830416621568)
1 (45.683390564297255,-73.40052772327324)
1 (45.66761583622742,-73.49213487341538)
1 (45.380678134282796,-73.25326796091835)
1 (45.397817795653374,-73.3897856885069)
1 (45.33572459981024,-73.25094156438955)
1 (45.475032790388646,-73.3774089366839)
1 (45.58145120587659,-73.38954831860455)
1 (45.65267115484045,-73.63127947738465)
1 (45.400685347419326,-73.64661586406567)
1 (45.36069608210448,-73.74882444743552)
1 (45.575440695837834,-73.30595652091522)
1 (45.322379524095076,-73.25051159067793)
1 (45.44845364032913,-73.6192881209286)
1 (45.428512410263124,-73.4657740176636)
1 (45.527338017091,-73.39015283964989)
1 (45.68756601271409,-73.5092551429944)
1 (45.38564580407248,-73.30336082078654)
1 (45.3520393799197,-73.7211377261394)
1 (45.279672332380706,-73.29535369222883)
1 (45.493591124983844,-73.59717660108102)
1 (45.70502030966126,-73.46742564340039)
1 (45.36254212994678,-73.3702850013569)
1 (45.56273761791038,-73.48465798268766)
1 (45.3209489297941,-73.5261300032764)
1 (45.691269810780554,-73.57871608266609)
1 (45.48268601885452,-73.64017292525205)
1 (45.74751899431746,-73.68232523798012)
1 (45.42883826601104,-73.51294612389431)
1 (45.287976345116974,-73.36728545774072)
1 (45.49219335981537,-73.65408795897781)
1 (45.409196526965026,-73.63630266892712)
1 (45.62073703890581,-73.72376335564566)
1 (45.45580811507336,-73.73170713432019)
1 (45.73679242875919,-73.58257770272411)
1 (45.59380444607217,-73.4712977617473)
1 (45.305807962820644,-73.62794723035553)
1 (45.477035810499764,-73.70309378086452)
1 (45.51678677755194,-73.60611983614984)
1 (45.305624029640995,-73.28669348852944)
1 (45.55496355577456,-73.58464535480799)
1 (45.28644658694462,-73.55923263916611)
1 (45.416573154354815,-73.25007495199922)
1 (45.357888304593835,-73.52860285806534)
1 (45.57541884922425,-73.6600248794155)
1 (45.53373398615615,-73.55563369738675)
1 (45.56143587318719,-73.52747013517178)
1 (45.35437664889093,-73.54035978737049)
1 (45.65255964475893,-73.54823905675373)
1 (45.707441632941126,-73.6152874208587)
1 (45.41294605027434,-73.70016040587453)
1 (45.694477267502826,-73.5707430860917)
1 (45.732954628208084,-73.34417003373531)
1 (45.275539237254954,-73.6939292305241)
1 (45.33929364233547,-73.34391447306938)
1 (45.619295993811726,-73.39423055275512)
1 (45.44733940018347,-73.290994542497)
1 (45.422708627596805,-73.41260735078025)
1 (45.321880469699714,-73.27797217388908)
1 (45.44138928128247,-73.57257985211967)
1 (45.49740056589631,-73.50061960024635)
1 (45.58941815459386,-73.4243510787694)
1 (45.28450241645075,-73.29462003405914)
1 (45.72569953522881,-73.26203328062239)
1 (45.4551879544468,-73.52003479746004)
1 (45.64286360435567,-73.35673616766123)
1 (45.65644872599203,-73.49933210520656)
1 (45.31427104812193,-73.34544311525791)
1 (45.64898321846046,-73.49162832565882)
1 (45.63485365128365,-73.5471444020434)
1 (45.405846848728885,-73.44702287544628)
1 (45.71232456533208,-73.54361457464739)
1 (45.43445274643258,-73.5305134843385)
1 (45.726717986191346,-73.66251408404558)
1 (45.40458057772024,-73.63495903287176)
1 (45.478268524958246,-73.53516306156226)
1 (45.27491320943575,-73.31691249418138)
1 (45.48631635431147,-73.67037837047668)
1 (45.611109955073374,-73.28787714283608)
1 (45.385225322737035,-73.48918278643843)
1 (45.67953779748658,-73.27664464297537)
1 (45.38722645650617,-73.50298833233731)
1 (45.68252085257234,-73.7458539255179)
1 (45.74665053765216,-73.29002353427856)
1 (45.673331143125964,-73.59776551313382)
1 (45.465189004135816,-73.63131762110807)
1 (45.25213236286156,-73.64047614622984)
1 (45.42362321964128,-73.6084723801803)
1 (45.59770130415893,-73.70640420920991)
1 (45.71188794423275,-73.64074554984569)
1 (45.73399027347904,-73.41985691299698)
1 (45.6563856332324,-73.34863743253769)
1 (45.66545667272328,-73.69984544978271)
1 (45.41114402250069,-73.27521559642229)
1 (45.640574584971915,-73.65804527837908)
1 (45.487710159900374,-73.37483024896599)
1 (45.31905617145704,-73.60990343838345)
1 (45.74759979391851,-73.2916660512578)
1 (45.52504928950952,-73.45937609280114)
1 (45.67067194296558,-73.29774396301917)
1 (45.56594065236271,-73.74463431450906)
1 (45.6429742074908,-73.34152978335365)
1 (45.284382501611816,-73.64330683127724)
1 (45.578405011353034,-73.47422391948712)
1 (45.589773780907436,-73.73143414782038)
1 (45.399964960605764,-73.4710999922637)
1 (45.68466510897963,-73.27028839667163)
1 (45.25842023134044,-73.74992772595661)
1 (45.56142043644086,-73.25956928774814)
1 (45.35887655210238,-73.70755875217264)
1 (45.59495596426399,-73.44421672196484)
1 (45.39906320631867,-73.34917157430252)
1 (45.6984908257882,-73.3951859533727)
1 (45.397052434398276,-73.57246535355367)
1 (45.540981871442646,-73.70201211878943)
1 (45.60069005273524,-73.6912597286174)
1 (45.74727832992446,-73.71684590932836)
1 (45.726189152802206,-73.73950114799246)
1 (45.31502043607,-73.67587304196631)
1 (45.46913948144315,-73.28759400716895)
1 (45.68591935136783,-73.39463525788474)
1 (45.56761072707618,-73.42826789792448)
1 (45.50329387288083,-73.58875148180176)
1 (45.6740790194938,-73.74886023312438)
1 (45.57260311141755,-73.71089295081197)
1 (45.41058133100917,-73.50093651196086)
1 (45.417201910794695,-73.5185965011392)
1 (45.73980369356269,-73.30658841085106)
1 (45.587659780358464,-73.39560617411679)
1 (45.68373447663873,-73.60354289560381)
1 (45.53972198193363,-73.74191302834306)
1 (45.46106520748696,-73.62838353175162)
1 (45.44335470721829,-73.52451928748755)
1 (45.294696747706524,-73.56872799546734)
1 (45.72330475646891,-73.34218273985846)
1 (45.46150978981728,-73.58112403093844)
1 (45.460217232782455,-73.6030033038969)