550 550
101 (45.5,-73.5)
1 (45.617984225654176,-73.67171877052942)
1 (45.5005931465796,-73.64369381942376)
1 (45.53730273268725,-73.47142451930937)
1 (45.733731990288575,-73.33373269178317)
1 (45.63624977568015,-73.70634696364024)
1 (45.49429290466841,-73.40632655051422)
1 (45.553517935738554,-73.6676598011533)
1 (45.44022084595439,-73.44121644428111)
1 (45.56495927283386,-73.72290264895696)
1 (45.537523024799675,-73.59184161477575)
1 (45.285870353470386,-73.3828471930031)
1 (45.455743707861544,-73.30123033575849)
1 (45.41557491704154,-73.64461939500157)
1 (45.74097396447106,-73.38721791519077)
1 (45.725369685828475,-73.27268367330204)
1 (45.586846232414395,-73.49819706798546)
1 (45.577323713314655,-73.35458776941806)
1 (45.36820181000241,-73.5455868675163)
1 (45.48847327373224,-73.37803506859102)
1 (45.33698254141239,-73.30856135657855)
1 (45.622629374068765,-73.7198943119729)
1 (45.50538662244557,-73.48030997501057)
1 (45.60031637916776,-73.31617398832209)
1 (45.25744116894481,-73.48320677552987)
1 (45.66628552236336,-73.39478267579763)
1 (45.63688302396829,-73.42274660391114)
1 (45.54359805368904,-73.5000633675534)
1 (45.55660225056367,-73.57696114596786)
1 (45.73344869513435,-73.61963388087901)
1 (45.362891049274914,-73.32925882311014)
1 (45.5907005700644,-73.53998262392894)
1 (45.266354229823015,-73.44823755890667)
1 (45.7165288128882,-73.60756247292707)
1 (45.620575616314646,-73.5980001770604)
1 (45.561620654437824,-73.3567931354616)
1 (45.38949798660678,-73.4268575908873)
1 (45.62605566335819,-73.48542560240737)
1 (45.394962495553756,-73.53103524418216)
1 (45.27529063157805,-73.41114005669863)
1 (45.57696674056471,-73.52310397735653)
1 (45.465599233229845,-73.63104176843923)
1 (45.53093907618332,-73.3523369131345)
1 (45.586867560397764,-73.32788726546946)
1 (45.508689719760206,-73.42604920210405)
1 (45.685822185841545,-73.62341619391698)
1 (45.38268799107804,-73.46720821804476)
1 (45.5285684983925,-73.57008230505855)
1 (45.276927720606736,-73.41420721172408)
1 (45.297742464253744,-73.39776961008408)
1 (45.66188168653604,-73.52367559428006)
1 (45.69663008766585,-73.69174831889374)
1 (45.69590878389001,-73.67655501517066)
1 (45.35028435112029,-73.57216745789495)
1 (45.47096618115459,-73.71140042938164)
1 (45.65197047825588,-73.5737996898562)
1 (45.586591975117,-73.41697094151401)
1 (45.602195826919676,-73.2875462434165)
1 (45.63286194713469,-73.60865585642738)
1 (45.7271317926052,-73.42237833287344)
1 (45.710387534966955,-73.49013655811078)
1 (45.34341065111195,-73.27793400617529)
1 (45.553410281304025,-73.26291554150946)
1 (45.25708124747253,-73.68390758014426)
1 (45.650661369459115,-73.69194915268093)
1 (45.445933041306624,-73.2626617606367)
1 (45.477893058173024,-73.56560144611956)
1 (45.376448991841826,-73.4061603804146)
1 (45.56585217913996,-73.70249147975542)
1 (45.34932326697395,-73.62736278404081)
1 (45.627954154082474,-73.35653740181023)
1 (45.650780922413105,-73.44963887458735)
1 (45.36302917827821,-73.55460581282327)
1 (45.31086211101606,-73.73555661450622)
1 (45.33025058004376,-73.5686553549905)
1 (45.434384419747055,-73.32856206536007)
1 (45.465718669842765,-73.37611916282967)
1 (45.37547251945558,-73.58761461400019)
1 (45.3731614968461,-73.59850115275191)
1 (45.472345300175235,-73.33575849043679)
1 (45.47482754273578,-73.5287663877039)
1 (45.64547632177766,-73.41890404576827)
1 (45.452883205911256,-73.46308681326458)
1 (45.38929402713069,-73.48076090385506)
1 (45.64649175961574,-73.64185825845995)
1 (45.5552644278647,-73.70390747239266)
1 (45.695238211239015,-73.67863608085908)
1 (45.332499219965854,-73.64539962537998)
1 (45.73567811412435,-73.41374125497704)
1 (45.480958343081674,-73.4081143309403)
1 (45.364526628463125,-73.67177016835552)
1 (45.66186685781509,-73.73619159603415)
1 (45.37936718801611,-73.42909597446398)
1 (45.640141403725856,-73.70448169626108)
1 (45.495747809118214,-73.40868055008559)
1 (45.70442295207309,-73.48782196735313)
1 (45.31814579818055,-73.61512101884671)
1 (45.36173754087129,-73.74626091380844)
1 (45.31152057162148,-73.30283568209181)
1 (45.7158581111236,-73.44701507244561)
1 (45.38003696463865,-73.33464931486348)
1 (45.43111606050359,-73.46298712421836)
1 (45.41003000765246,-73.33676859863156)
1 (45.31671190127488,-73.54109171448148)
1 (45.27539555911828,-73.48924363252434)
1 (45.340500259151135,-73.72142847650349)
1 (45.3353289611367,-73.70849210873311)
1 (45.295775297151,-73.51050954990619)
1 (45.37669777332373,-73.38031821474068)
1 (45.39975815801735,-73.5682919887681)
1 (45.266322472616956,-73.68808859036008)
1 (45.29828924097964,-73.35968354298292)
1 (45.28205246592115,-73.4513334663215)
1 (45.287653416964005,-73.64648279742131)
1 (45.68576313348085,-73.74502124376728)
1 (45.54151749599192,-73.355383332291)
1 (45.58626259068503,-73.40911046985528)
1 (45.74863465547089,-73.25171380222338)
1 (45.51558557949856,-73.38171359671335)
1 (45.32527181710021,-73.47700436284732)
1 (45.408264776003364,-73.59731222079472)
1 (45.26524108173425,-73.37126252637297)
1 (45.329908258129464,-73.48394426094895)
1 (45.729967769355916,-73.59800963565513)
1 (45.34877525446132,-73.37013860630874)
1 (45.661202899173276,-73.42167203133278)
1 (45.382030434555496,-73.37360372892051)
1 (45.5197890646161,-73.55283905873216)
1 (45.67697016427235,-73.58928170356889)
1 (45.71531422386893,-73.27719285833795)
1 (45.306752857747654,-73.62436003501992)
1 (45.393538735745175,-73.61858312848787)
1 (45.67002837284771,-73.7421886269256)
1 (45.49115695612735,-73.5557627208008)
1 (45.48434989878647,-73.57578035716709)
1 (45.350755149165664,-73.31571798138103)
1 (45.65436508641727,-73.55467848846578)
1 (45.7127535818361,-73.50432102013903)
1 (45.677521452357595,-73.356455200517)
1 (45.565671149007265,-73.30719847394701)
1 (45.42238414639809,-73.34596057847244)
1 (45.64122702270507,-73.70025489061453)
1 (45.677652812249626,-73.60167216829737)
1 (45.28659417348062,-73.55020641680773)
1 (45.32357729505001,-73.74910046811348)
1 (45.53254571595142,-73.66077370042376)
1 (45.32171032376204,-73.4261862186135)
1 (45.403285767110354,-73.72985065428098)
1 (45.45379849365418,-73.29498103284713)
1 (45.381432031344424,-73.32700894186935)
1 (45.3661013479508,-73.5876331104784)
1 (45.449918482190554,-73.37911588050916)
1 (45.49154139321437,-73.73280524415742)
1 (45.281512083235,-73.26463630746872)
1 (45.32882636669639,-73.65113320239973)
1 (45.436188194491216,-73.46435723762642)
1 (45.35504817130212,-73.33518747106201)
1 (45.35678527272861,-73.2978168364008)
1 (45.53625143942172,-73.34063218384755)
1 (45.52416019538262,-73.59063728513573)
1 (45.479077630154755,-73.31088044820514)
1 (45.34449130842706,-73.6682541106857)
1 (45.735829171995434,-73.63752575019728)
1 (45.693426940119814,-73.35620250894986)
1 (45.635161101198086,-73.32318445453731)
1 (45.53445326814076,-73.6861641657063)
1 (45.26109633786748,-73.56211517027575)
1 (45.66215575857479,-73.26039600769609)
1 (45.34417371955194,-73.48708587802108)
1 (45.394974528227905,-73.71495526955533)
1 (45.36027613688399,-73.44844047770776)
1 (45.456604575796604,-73.44430340925463)
1 (45.55504978132847,-73.59317178114516)
1 (45.340367709455045,-73.70641413523397)
1 (45.42481338456505,-73.39803821656483)
1 (45.646683699092605,-73.41842880041735)
1 (45.388469818061864,-73.68136754955384)
1 (45.7201939540485,-73.37819573881212)
1 (45.479170702974194,-73.47317064015147)
1 (45.39014199840773,-73.30669747304206)
1 (45.36934785148502,-73.46254440621196)
1 (45.73529045558828,-73.50041337835674)
1 (45.418213763819395,-73.56507323010067)
1 (45.55295540630999,-73.5110826234913)
1 (45.69694669768496,-73.46104360891692)
1 (45.6106644558313,-73.63312601635334)
1 (45.60351381510166,-73.74776740108656)
1 (45.298495889270356,-73.5761525069828)
1 (45.72644973542392,-73.6261643482713)
1 (45.480331812654654,-73.53151968571343)
1 (45.55489552332473,-73.30298522479802)
1 (45.663059177898276,-73.40783529167366)
1 (45.46081690707502,-73.53566210059739)
1 (45.56417830477698,-73.31057983445466)
1 (45.59855836630729,-73.47675315396539)
1 (45.26032917312792,-73.37569822213908)
1 (45.47675345264103,-73.68930437467648)
1 (45.34192176627286,-73.3360515791365)
1 (45.45809958253397,-73.4031815093035)
1 (45.382357282488684,-73.70303806512122)
1 (45.33361917138224,-73.26553067012374)
1 (45.55425309360363,-73.68348463410487)
1 (45.39976688600976,-73.50600666173446)
1 (45.3896347412907,-73.42407974895781)
1 (45.63910655878511,-73.5892636123589)
1 (45.486234467774075,-73.38215979349597)
1 (45.66826901588384,-73.56343278823725)
1 (45.407836146781975,-73.56258002427958)
1 (45.570515877893236,-73.43391805590645)
1 (45.61303267415086,-73.53569398264743)
1 (45.57447229627998,-73.49682002565427)
1 (45.473812181876795,-73.56113299405624)
1 (45.27545518118142,-73.6556550427542)
1 (45.31306578432102,-73.2861205584266)
1 (45.721311309127074,-73.31876603118707)
1 (45.39840976768783,-73.36547443371241)
1 (45.70079366609479,-73.53292753788958)
1 (45.47864133212096,-73.46324187139872)
1 (45.47924179209695,-73.55112759137208)
1 (45.73869772949504,-73.44308184252534)
1 (45.5236961680921,-73.55936481011558)
1 (45.47916399861969,-73.63605087737832)
1 (45.44756388306967,-73.29852938885158)
1 (45.39717610735035,-73.39036688998111)
1 (45.48356718549103,-73.31304222007851)
1 (45.556991053670814,-73.65801880756129)
1 (45.26294386421142,-73.53790668421446)
1 (45.49054725183062,-73.65775735103746)
1 (45.53873240759277,-73.40018348850053)
1 (45.36101360234458,-73.67304555439567)
1 (45.741462582964694,-73.55962880243013)
1 (45.25562675790678,-73.29696535415803)
1 (45.39668594294314,-73.34634215811991)
1 (45.44804182052461,-73.42386989042217)
1 (45.465518453441476,-73.37075028918346)
1 (45.3849724705738,-73.50973867471286)
1 (45.5917312750871,-73.68310916959555)
1 (45.70707223170593,-73.5797361809677)
1 (45.55191348746513,-73.74593663780993)
1 (45.30980960403356,-73.65239213230284)
1 (45.40884428796012,-73.35339346231895)
1 (45.28651520555352,-73.67511467439545)
1 (45.46245019542193,-73.48661147821605)
1 (45.57283017454782,-73.72541592518611)
1 (45.57758614612936,-73.43332243470834)
1 (45.7294607712363,-73.6262719823656)
1 (45.34336766088157,-73.32387205770341)
1 (45.558444725423186,-73.25245763626414)
1 (45.284894539666226,-73.54380914885125)
1 (45.647060929821016,-73.66748895674532)
1 (45.50494481913734,-73.27571987900485)
1 (45.47306468208111,-73.32797498594863)
1 (45.6805810676874,-73.69983318485082)
1 (45.38510648796046,-73.42372250484138)
1 (45.27759912814144,-73.6441534260335)
1 (45.59299328959784,-73.48785607754337)
1 (45.67436318466425,-73.72048196641202)
1 (45.26387665303986,-73.71150843410986)
1 (45.60580868806293,-73.71266986873039)
1 (45.42250332538099,-73.43230405772528)
1 (45.44825857666991,-73.69779942204502)
1 (45.596339385938656,-73.53490218466622)
1 (45.366185979317564,-73.57972245026892)
1 (45.529679721906845,-73.50528303089072)
1 (45.733170283630564,-73.39748903066454)
1 (45.31478082235231,-73.61825418684755)
1 (45.521031390780934,-73.4386807348487)
1 (45.45260516179992,-73.70982217602862)
1 (45.52349060238828,-73.3395177993127)
1 (45.66094162844608,-73.69261687723898)
1 (45.34369453294543,-73.48984025169949)
1 (45.69346688821244,-73.41347484155641)
1 (45.528551926454426,-73.68166839687301)
1 (45.51973870236802,-73.62758012904223)
1 (45.57707156361188,-73.5450286725493)
1 (45.44316270710329,-73.27322957795623)
1 (45.28475256098635,-73.40408609208559)
1 (45.60165009856938,-73.37533211157222)
1 (45.511566681063904,-73.26035530777182)
1 (45.30398443555028,-73.28416994697743)
1 (45.47718584395493,-73.66786744778528)
1 (45.30384147842611,-73.56874224162722)
1 (45.593845747820154,-73.30765068221318)
1 (45.4029568509262,-73.73117995175868)
1 (45.644600436947094,-73.59573760966258)
1 (45.7051120944946,-73.49026335700256)
1 (45.302710375001105,-73.6701433074637)
1 (45.413410279588575,-73.69799204211971)
1 (45.566520157549114,-73.59786317499643)
1 (45.27473851131282,-73.50344973391506)
1 (45.65342040432863,-73.62292029609074)
1 (45.627364935792876,-73.66287452074968)
1 (45.256351198128236,-73.7408473492738)
1 (45.500294148310914,-73.41388806743248)
1 (45.316793128970815,-73.33371881166391)
1 (45.34630520535851,-73.5852551592558)
1 (45.609305225893145,-73.53295438732101)
1 (45.26452272480789,-73.60133806275216)
1 (45.46440708966747,-73.39459523478193)
1 (45.48292185441226,-73.26257807704192)
1 (45.37896610846789,-73.37361013489505)
1 (45.42634392735179,-73.63987967819192)
1 (45.5762388283269,-73.47001882659062)
1 (45.391400525376376,-73.6116905541449)
1 (45.28132865182643,-73.29022565618394)
1 (45.686069099982994,-73.49786383537558)
1 (45.57206066277216,-73.62193690783745)
1 (45.56883435523977,-73.40405681237215)
1 (45.65013735931795,-73.46039059552649)
1 (45.439905378261244,-73.28446341768407)
1 (45.25292746622132,-73.74735824927028)
1 (45.49533903730141,-73.35909553645088)
1 (45.69235336393695,-73.39248336683386)
1 (45.453826272526676,-73.38462156244415)
1 (45.66408074987322,-73.43900178455775)
1 (45.50544845572216,-73.37493808385088)
1 (45.517577680403846,-73.51274497921042)
1 (45.311886812036505,-73.69919401204649)
1 (45.61559813276604,-73.45455721115418)
1 (45.70836888252329,-73.55090416616717)
1 (45.74025885097905,-73.28186335756374)
1 (45.71906135603053,-73.58208236182699)
1 (45.722116202982264,-73.35510468341857)
1 (45.59966997440155,-73.53099201405419)
1 (45.578513180005146,-73.33911495552466)
1 (45.363682313752086,-73.44115529400334)
1 (45.44795510396189,-73.74824021928966)
1 (45.631990689384,-73.57267976016934)
1 (45.498385575220546,-73.54711070945733)
1 (45.66955774164211,-73.3447544008076)
1 (45.26897275686508,-73.4464538571888)
1 (45.63733817070266,-73.62033499623791)
1 (45.577379261620024,-73.68519310480336)
1 (45.39284609326033,-73.35058166002938)
1 (45.68747703411973,-73.72630729248628)
1 (45.61855781104458,-73.53752936163201)
1 (45.38608237472944,-73.41453119119798)
1 (45.6437661311296,-73.64876534865002)
1 (45.461523828622695,-73.74895803392756)
1 (45.552552570634354,-73.52755504134433)
1 (45.31171963574016,-73.51296050014187)
1 (45.53822013077101,-73.48590135719931)
1 (45.534929292752075,-73.57757684288295)
1 (45.472829654271166,-73.64644002702398)
1 (45.372457148898214,-73.25261472029302)
1 (45.30940866552252,-73.71186663463581)
1 (45.2793243443961,-73.60220529837707)
1 (45.72395279586625,-73.68775903758198)
1 (45.696288549670534,-73.66839598357933)
1 (45.334514815561484,-73.66620177481111)
1 (45.28457941240752,-73.55760053015801)
1 (45.40547810286576,-73.59353700146201)
1 (45.46333055525939,-73.34033065072384)
1 (45.6565361977572,-73.49585958980313)
1 (45.558927812987015,-73.69461381747627)
1 (45.64795168302788,-73.42054186669912)
1 (45.73535605285495,-73.68785745310895)
1 (45.70634276035661,-73.37111646138659)
1 (45.625115651173374,-73.54064997289899)
1 (45.48854718847863,-73.26626377869786)
1 (45.72139287032937,-73.64909491309866)
1 (45.555038593843115,-73.44144347611321)
1 (45.62390645640479,-73.55975451057805)
1 (45.73892137658043,-73.43387736577502)
1 (45.653216398290105,-73.49313488856967)
1 (45.651705757850834,-73.74813411664356)
1 (45.66126874807749,-73.3978752687028)
1 (45.362865774109025,-73.49048404946424)
1 (45.56956399585405,-73.38840908553917)
1 (45.62660832704558,-73.68548539931874)
1 (45.260574460669325,-73.27384553398517)
1 (45.5063326523065,-73.74793124256242)
1 (45.432899628457086,-73.72517541071709)
1 (45.364934838394184,-73.47732940570279)
1 (45.406136673948936,-73.45163546829284)
1 (45.44741338812993,-73.57050544504686)
1 (45.62755653967567,-73.5651712425641)
1 (45.68115704843524,-73.51071202730333)
1 (45.28941435804602,-73.60441867293675)
1 (45.35884730377944,-73.28879577674331)
1 (45.51308624518721,-73.46648007172523)
1 (45.549083454919376,-73.74351571101376)
1 (45.494212672035516,-73.25600089561958)
1 (45.40063921256218,-73.37402528842463)
1 (45.33164205690271,-73.30665884646537)
1 (45.467685338695155,-73.27782330388162)
1 (45.48220658169076,-73.36015759261687)
1 (45.2853636700436,-73.40214645238413)
1 (45.39322499699009,-73.60217259691126)
1 (45.66777379138447,-73.56581965436095)
1 (45.365116256827115,-73.45342734002168)
1 (45.58373416971858,-73.71199811083389)
1 (45.58762046255845,-73.69718330492238)
1 (45.48960559275698,-73.59002793826815)
1 (45.57486207722116,-73.69190795191047)
1 (45.66301531568125,-73.5368204359087)
1 (45.39685377266789,-73.56973997710024)
1 (45.38649622825898,-73.73467761619375)
1 (45.668027502635994,-73.45760210927173)
1 (45.2758561481962,-73.26342506414184)
1 (45.70699244061985,-73.37841658601006)
1 (45.634518048441784,-73.44000080059983)
1 (45.62595806434611,-73.59485946558813)
1 (45.4421227850351,-73.34831697036962)
1 (45.34312370924924,-73.7474449973117)
1 (45.45336185701981,-73.60625403248748)
1 (45.63682428293228,-73.71246201428723)
1 (45.39130834213981,-73.29506527000744)
1 (45.37633509904097,-73.66338958140157)
1 (45.36843985852294,-73.58926219743542)
1 (45.470976974630794,-73.36189971747952)
1 (45.458098516268166,-73.47221958543514)
1 (45.37652632425302,-73.73141048942647)
1 (45.269308226196316,-73.5042816218726)
1 (45.68592279943638,-73.27738313276961)
1 (45.44867071495241,-73.42606896799398)
1 (45.40988067332064,-73.4141624077553)
1 (45.74448739620074,-73.42997903095672)
1 (45.52224839775908,-73.73813997422977)
1 (45.62030492643671,-73.71754022367432)
1 (45.70482382501887,-73.25137566273612)
1 (45.39775811407357,-73.47932346480106)
1 (45.476821099219585,-73.4885425492122)
1 (45.54188460607913,-73.68753255576561)
1 (45.53529843880188,-73.43316660530824)
1 (45.47601157419664,-73.57918780089396)
1 (45.664594293338276,-73.5266127798469)
1 (45.727865462685436,-73.4299852570635)
1 (45.49518252432395,-73.47512412122008)
1 (45.26373147334003,-73.67545696082676)
1 (45.705345829407406,-73.44645188873729)
1 (45.563290439886536,-73.62697556234606)
1 (45.46267966406493,-73.618219125642)
1 (45.32418640470991,-73.45543951995532)
1 (45.4966772112013,-73.39514146142517)
1 (45.66242898091799,-73.27514330803244)
1 (45.678509395813556,-73.45158389910047)
1 (45.29241050670158,-73.5543796826265)
1 (45.35960204694644,-73.57966281985155)
1 (45.42861859996706,-73.7077394166036)
1 (45.486725691095664,-73.63120826135865)
1 (45.550050587895,-73.58786648688154)
1 (45.66805168039366,-73.63438156467095)
1 (45.70788710549084,-73.69159502033636)
1 (45.411991750619116,-73.44259926508107)
1 (45.73715784738475,-73.72693705598101)
1 (45.6986261616658,-73.53464428397545)
1 (45.553933338483525,-73.25330813389722)
1 (45.37213922791098,-73.33045144688576)
1 (45.681002274146124,-73.40767090594971)