600 600
101 (45.5,-73.5)
1 (45.56191877057056,-73.61703404414259)
1 (45.747044774821454,-73.26394468662173)
1 (45.449840016537166,-73.39337447035832)
1 (45.446987870606264,-73.6420719662989)
1 (45.70174203871014,-73.64183179074831)
1 (45.33452993289531,-73.68655087990537)
1 (45.27221867110196,-73.71672491923461)
1 (45.341746914507205,-73.27203545350899)
1 (45.5735836805179,-73.70823042054552)
1 (45.585243902130294,-73.26577368425686)
1 (45.67223368309915,-73.29158935472314)
1 (45.32349115463529,-73.38319620600177)
1 (45.73862018211328,-73.70784838050301)
1 (45.3757848777245,-73.31388637811)
1 (45.43065561848238,-73.6429652349866)
1 (45.39969833704307,-73.47045563881137)
1 (45.7346165512374,-73.37708978214836)
1 (45.65094014014072,-73.62251591686795)
1 (45.52247034175167,-73.66518682937989)
1 (45.717212005766825,-73.32198383355104)
1 (45.710040055391666,-73.38389768231846)
1 (45.72595921939562,-73.40436923171633)
1 (45.41653544145722,-73.53764272918933)
1 (45.67483276977503,-73.46349408207222)
1 (45.43271631360616,-73.25944770855085)
1 (45.32323280561621,-73.54425500453533)
1 (45.602317869575785,-73.46883217315242)
1 (45.51347916269002,-73.37958633608316)
1 (45.40935559503705,-73.36032863179118)
1 (45.36095506022575,-73.31369811157936)
1 (45.64254106239769,-73.39180671872187)
1 (45.46399617153406,-73.60395669858447)
1 (45.47727774569924,-73.42175695661624)
1 (45.63634791530606,-73.5784434051891)
1 (45.675569663413256,-73.60904433951782)
1 (45.65768963182289,-73.64526976329108)
1 (45.354663689665735,-73.6373722396813)
1 (45.67102510863069,-73.40314576915928)
1 (45.416359784285724,-73.25980276677922)
1 (45.62966456898298,-73.59049065850157)
1 (45.26066159448902,-73.57616015071206)
1 (45.61107431467316,-73.33254341132516)
1 (45.32980318144467,-73.35799898762029)
1 (45.37004559773394,-73.6024736649141)
1 (45.341675986177506,-73.62205009478323)
1 (45.6994354208333,-73.50341102724245)
1 (45.27529328811206,-73.52366166202361)
1 (45.503157574896434,-73.40360434208105)
1 (45.265167810349965,-73.49673425001646)
1 (45.46315300743726,-73.61659003321698)
1 (45.54634137126172,-73.40600350176092)
1 (45.29974450178292,-73.71229193241881)
1 (45.46729364666991,-73.30125488786861)
1 (45.38308127819477,-73.67339250628406)
1 (45.354070749598996,-73.67116033219504)
1 (45.352305002016784,-73.47410906314627)
1 (45.6657120322047,-73.3869069530776)
1 (45.438619503394456,-73.25567572764538)
1 (45.428417420292476,-73.30264380937345)
1 (45.36862222565088,-73.60437549644244)
1 (45.373885342955234,-73.74100265495274)
1 (45.54505608468483,-73.50388438067061)
1 (45.535865049170965,-73.33755464375207)
1 (45.663566606013774,-73.33398278800881)
1 (45.278204991760454,-73.44804496884574)
1 (45.52609940430508,-73.32235700567367)
1 (45.33754251938074,-73.53660315022294)
1 (45.554249383484795,-73.6252569135262)
1 (45.464268321042205,-73.66185701928147)
1 (45.389173534085174,-73.71619386315348)
1 (45.63651217575556,-73.36098408381774)
1 (45.48860502087763,-73.49965554810318)
1 (45.60363522799138,-73.39921409829836)
1 (45.296057030409585,-73.53898290829231)
1 (45.68807682205851,-73.5041526142883)
1 (45.36248080833835,-73.49409686821559)
1 (45.337392598912245,-73.34052524204863)
1 (45.746442774980196,-73.30568071175159)
1 (45.37193367167831,-73.60154825365005)
1 (45.60531165205257,-73.33771695239032)
1 (45.71785483247,-73.69811128684626)
1 (45.61699721050703,-73.59994542816438)
1 (45.65000340952191,-73.61631367557099)
1 (45.73945808762263,-73.31585243034021)
1 (45.694728316216725,-73.58762616752574)
1 (45.32349680077751,-73.48021844992418)
1 (45.3587622639374,-73.27405531892323)
1 (45.74328590356483,-73.66304538602292)
1 (45.25706833358118,-73.71316847988199)
1 (45.49862018716728,-73.6638517098334)
1 (45.50990555560839,-73.29469253184055)
1 (45.67306523324847,-73.70186733196884)
1 (45.467356150213675,-73.55163005142809)
1 (45.70297385986739,-73.64357760176196)
1 (45.39817057382489,-73.54444229388535)
1 (45.62376738524278,-73.31935918211956)
1 (45.74902473079446,-73.5968284267575)
1 (45.31192966315415,-73.26561817368032)
1 (45.44014699747742,-73.60598628384423)
1 (45.73383753488902,-73.74788401444508)
1 (45.413760943230116,-73.59897023898962)
1 (45.345852135515536,-73.67373072240488)
1 (45.292903027829205,-73.63986718546929)
1 (45.56402129001883,-73.49218963626285)
1 (45.53991262311549,-73.60999222829963)
1 (45.63629393317996,-73.39848647794763)
1 (45.42625531257731,-73.28516110671781)
1 (45.30532345852704,-73.61947762804297)
1 (45.43832837401203,-73.52032675607643)
1 (45.345737378839544,-73.74607933171946)
1 (45.44751078727942,-73.72247303833508)
1 (45.39617689288441,-73.50427592705127)
1 (45.56695847269467,-73.64763891471108)
1 (45.483460209025,-73.51596144921575)
1 (45.602508539734096,-73.39730215655243)
1 (45.25389975047421,-73.49491179425272)
1 (45.380544803347135,-73.31308173510797)
1 (45.68510381151871,-73.45160272515909)
1 (45.50178990907304,-73.27682386221751)
1 (45.450519175223334,-73.34338185702316)
1 (45.726728014768895,-73.7156168042621)
1 (45.64852194803208,-73.70367078389175)
1 (45.74572480221846,-73.38813546916266)
1 (45.288039586675076,-73.61541640264268)
1 (45.52490019337759,-73.28994673911576)
1 (45.74348807099447,-73.45992864318066)
1 (45.74742252514576,-73.26101239314983)
1 (45.353233608051056,-73.67253452198624)
1 (45.58913076550762,-73.60860675825728)
1 (45.43783947182359,-73.27114665109491)
1 (45.67725510042891,-73.27322168341755)
1 (45.257033920032505,-73.69288714799981)
1 (45.58149425333954,-73.26376196531325)
1 (45.30763629874433,-73.47732582529444)
1 (45.57782126047516,-73.27143981149842)
1 (45.38860397867595,-73.5726848081698)
1 (45.7071276314886,-73.53925732855184)
1 (45.52391358094294,-73.51352922301665)
1 (45.32317927046576,-73.71582160776121)
1 (45.639165887918914,-73.42500697538642)
1 (45.38734557703625,-73.55846729464899)
1 (45.33360439770631,-73.74961844502214)
1 (45.72117666237583,-73.47126718956564)
1 (45.6756634284206,-73.26778984013417)
1 (45.27214173628722,-73.46849172683697)
1 (45.67721234795989,-73.39319199491895)
1 (45.68270501546377,-73.74343372305518)
1 (45.46933841025844,-73.3677894666411)
1 (45.57840402163922,-73.59624526557464)
1 (45.710811335919296,-73.36002241458715)
1 (45.50670788322962,-73.53253900031159)
1 (45.40929854866618,-73.58231718199711)
1 (45.365172259288435,-73.38698675353018)
1 (45.62495099590724,-73.39128907731042)
1 (45.45477008046394,-73.35300354351143)
1 (45.45615484034423,-73.4155440006855)
1 (45.48226610802522,-73.31083585654329)
1 (45.27804561931393,-73.57190354071051)
1 (45.41411632980381,-73.34197833329233)
1 (45.41580668050635,-73.38117105647258)
1 (45.55361149161246,-73.29782350373102)
1 (45.286824977533065,-73.27922426285961)
1 (45.572847522395634,-73.25480479473794)
1 (45.53845280622677,-73.63826286272588)
1 (45.48159365499068,-73.6370232225249)
1 (45.341424915027524,-73.46645761719438)
1 (45.65624257345502,-73.72045408976078)
1 (45.27290622057015,-73.7420403172266)
1 (45.58376494896646,-73.65031006258421)
1 (45.6376960951809,-73.56004206548612)
1 (45.39795417575196,-73.5049925616335)
1 (45.63129113463965,-73.72643021666745)
1 (45.59823546480439,-73.32629421790045)
1 (45.444308754462575,-73.62531232390769)
1 (45.54492636103142,-73.40612004889667)
1 (45.74420018260843,-73.61016836453953)
1 (45.4190746494559,-73.47497594790583)
1 (45.44723182148547,-73.32974052673833)
1 (45.319862198474276,-73.27682825339518)
1 (45.31138992824336,-73.29325289976362)
1 (45.54805211597767,-73.33866888827416)
1 (45.639164371968114,-73.60805104020751)
1 (45.390069655692784,-73.5512257120335)
1 (45.27809280250223,-73.68554491859368)
1 (45.37404552282778,-73.46973853476626)
1 (45.646497645795144,-73.30850603905243)
1 (45.51651370177127,-73.52057644151749)
1 (45.69202372540662,-73.28431316243444)
1 (45.516443986186744,-73.56070274866457)
1 (45.511385667968135,-73.47465853181801)
1 (45.68190291253921,-73.48259912977348)
1 (45.32115929472657,-73.29251966901205)
1 (45.59387487291474,-73.28724128694094)
1 (45.5715026661135,-73.29186986924282)
1 (45.62163857935649,-73.26207359686046)
1 (45.737367872910404,-73.7446432601223)
1 (45.40458226320331,-73.59966100081142)
1 (45.70506535241636,-73.60288847763914)
1 (45.306454458663474,-73.47580158905559)
1 (45.6959686820385,-73.48183778202237)
1 (45.62978509072043,-73.27336390326256)
1 (45.333698229119335,-73.27178672122547)
1 (45.55057542807099,-73.28996866990725)
1 (45.26629787688126,-73.69322189345914)
1 (45.2963432008785,-73.40386461136704)
1 (45.70072009348878,-73.5505529147164)
1 (45.544222936648815,-73.2929541042978)
1 (45.29335988837922,-73.61509732857589)
1 (45.360059376002226,-73.4069043527975)
1 (45.567429689045795,-73.4776350809292)
1 (45.734295600869174,-73.48163560734355)
1 (45.39564206350496,-73.35489253772398)
1 (45.3959454227397,-73.45920821744487)
1 (45.59496889875662,-73.7127335827452)
1 (45.60205294189724,-73.7342358578995)
1 (45.32917078579129,-73.68162851048668)
1 (45.50678062008816,-73.6904326610109)
1 (45.30434133384747,-73.58713942907654)
1 (45.51163037354153,-73.51775765222172)
1 (45.67288716581539,-73.49970368766716)
1 (45.6862903737831,-73.31184998245953)
1 (45.632164613355755,-73.5239150228232)
1 (45.42821373085379,-73.45305448207073)
1 (45.41542045239572,-73.5977948671304)
1 (45.498273468554665,-73.7423168008229)
1 (45.72473442277583,-73.35721440006509)
1 (45.429701228899425,-73.73558361024921)
1 (45.64833723516486,-73.63967090221783)
1 (45.55800589438505,-73.6670732942252)
1 (45.73797845692148,-73.45503968749614)
1 (45.56068113796257,-73.2848882229666)
1 (45.69594460790163,-73.73871622055891)
1 (45.42724941847869,-73.33992019309235)
1 (45.53587833908863,-73.424730749114)
1 (45.70255329194966,-73.37085592201345)
1 (45.63672550112143,-73.33296078690998)
1 (45.6591929647608,-73.31432028668551)
1 (45.304937774377294,-73.5554848497552)
1 (45.25862248901293,-73.33979999085196)
1 (45.29648406646069,-73.45241366822957)
1 (45.35465510300103,-73.66397132689289)
1 (45.72727486906887,-73.5272032282581)
1 (45.57799188998168,-73.43841067897912)
1 (45.41827951134421,-73.34549683579634)
1 (45.71587549703627,-73.62839733801232)
1 (45.47991689999477,-73.28996142647014)
1 (45.66708474556912,-73.60862321806542)
1 (45.339226344702396,-73.30637627689748)
1 (45.70922369987117,-73.49410503392006)
1 (45.45287559617761,-73.39340031531042)
1 (45.36262220403987,-73.50144940816922)
1 (45.62923921988564,-73.41998710677272)
1 (45.57315327551548,-73.39685235508318)
1 (45.70358107139473,-73.42033461567522)
1 (45.264885764999384,-73.33281974457464)
1 (45.27180045847744,-73.31654975706726)
1 (45.53272940064345,-73.60557586033902)
1 (45.290252466219926,-73.55387584422189)
1 (45.355092082561455,-73.57948286767358)
1 (45.59182840762578,-73.40237386069829)
1 (45.70705807867139,-73.72352400452519)
1 (45.25178357602884,-73.68236650044493)
1 (45.3457086202252,-73.3880093697699)
1 (45.260724785375,-73.40874699506986)
1 (45.32094510071215,-73.6171431002138)
1 (45.626721408040034,-73.32142248095899)
1 (45.43753794639944,-73.44494658848937)
1 (45.33367904368308,-73.47570495196996)
1 (45.45711285992552,-73.25826274503876)
1 (45.528915955052966,-73.50738044427078)
1 (45.28239910212516,-73.43117150635491)
1 (45.39930803399171,-73.3624804539402)
1 (45.71030314999809,-73.54012783697019)
1 (45.4224191475813,-73.69144712313005)
1 (45.575233863461776,-73.55848841228814)
1 (45.546708889550075,-73.25142723504675)
1 (45.72959407289803,-73.50282376903492)
1 (45.36321132792231,-73.53884740832446)
1 (45.32446632636248,-73.56151847067346)
1 (45.48000343543671,-73.48721639466699)
1 (45.2602592201659,-73.27864186250716)
1 (45.600333099827154,-73.4122680780744)
1 (45.47444368493324,-73.39292776061355)
1 (45.73545216341499,-73.46810172242827)
1 (45.421497137402966,-73.44293185731121)
1 (45.55400090103823,-73.69389409747488)
1 (45.6787864856143,-73.74504089003439)
1 (45.5812159149286,-73.28105110035384)
1 (45.58135937405386,-73.33098836592315)
1 (45.313284379601086,-73.47533425410731)
1 (45.6484763883664,-73.39588694470895)
1 (45.30484337270237,-73.54754069897852)
1 (45.31520502756225,-73.25651805363411)
1 (45.420923537512095,-73.51973309524676)
1 (45.62350966897163,-73.25272476882428)
1 (45.71856252288129,-73.3218088611479)
1 (45.55901015477688,-73.44223461910025)
1 (45.337864016907425,-73.27536608552396)
1 (45.64194446745417,-73.34109422167711)
1 (45.33745422915136,-73.25836666220965)
1 (45.69385992615898,-73.34812823000841)
1 (45.6050884588268,-73.59501470087343)
1 (45.40516990869749,-73.36244058966207)
1 (45.310585928038165,-73.64056184287044)
1 (45.42295186959144,-73.45795646915624)
1 (45.34532216447134,-73.69041846330883)
1 (45.66322546161623,-73.31835875715925)
1 (45.31018375446481,-73.73699316675689)
1 (45.42743811286826,-73.4595035314576)
1 (45.372191134275226,-73.7261007850934)
1 (45.66899821964997,-73.57450419255063)
1 (45.70892102853411,-73.32757192503122)
1 (45.41243499029127,-73.62915469364394)
1 (45.29941058432539,-73.33186541450536)
1 (45.37512670363035,-73.61221752061053)
1 (45.500401416341894,-73.6160275544182)
1 (45.27952789637553,-73.60633271149135)
1 (45.6675822203399,-73.6882604374479)
1 (45.672438910766886,-73.59090958476212)
1 (45.542914706962264,-73.62065427353332)
1 (45.28709968876031,-73.61834329672887)
1 (45.731178119144765,-73.71430673513669)
1 (45.59375303571429,-73.71925395298472)
1 (45.33154347743338,-73.51009548407686)
1 (45.684810676064295,-73.59117629492995)
1 (45.67328965059678,-73.2617875801685)
1 (45.531868851962436,-73.30823358087434)
1 (45.6286987108192,-73.72596293491567)
1 (45.43355840709998,-73.45680962341085)
1 (45.640719353222075,-73.59539653569969)
1 (45.645577780905455,-73.25408863407034)
1 (45.40816243428497,-73.609087451497)
1 (45.74724518915249,-73.34256269102033)
1 (45.61699389476944,-73.31304030651027)
1 (45.252520057789035,-73.57421235863988)
1 (45.69271565460309,-73.6211981727367)
1 (45.317681719376004,-73.70304636256982)
1 (45.27587642955417,-73.73559352414318)
1 (45.63271677229806,-73.49404171478542)
1 (45.49042955744465,-73.62882709410087)
1 (45.70895477563938,-73.33025611155743)
1 (45.58295624164757,-73.67040226763133)
1 (45.29160524141221,-73.45798987480848)
1 (45.65969815474083,-73.59123579569334)
1 (45.53258714598314,-73.5523554351107)
1 (45.537893952260426,-73.32783330572745)
1 (45.356405533270035,-73.31246726716742)
1 (45.65809058116274,-73.36916138876138)
1 (45.63981789575642,-73.3066963498902)
1 (45.574900340562856,-73.54516579881928)
1 (45.404646551240276,-73.28403813717732)
1 (45.25510103401419,-73.74617825768344)
1 (45.69233120002475,-73.64762373367971)
1 (45.264026978057835,-73.34712247252216)
1 (45.64867956027085,-73.2507595110804)
1 (45.413874553860566,-73.62947278358823)
1 (45.59776168012982,-73.62461057354909)
1 (45.58084672202562,-73.74733699740632)
1 (45.525007441779834,-73.67974937384784)
1 (45.67198677057355,-73.27182770490015)
1 (45.421304550223155,-73.34127080708431)
1 (45.63710221972738,-73.57005460547735)
1 (45.36225776404963,-73.47903095116683)
1 (45.47635574133429,-73.73161310351985)
1 (45.509758620688295,-73.38079680639493)
1 (45.389900584369485,-73.44636264433954)
1 (45.426627682442565,-73.38670007361141)
1 (45.552363941944854,-73.66258086192484)
1 (45.689330237030774,-73.6583682770753)
1 (45.47203230138433,-73.51424812573757)
1 (45.268629028345394,-73.39546230110966)
1 (45.51226869072742,-73.40025942716188)
1 (45.52352642839301,-73.63607941693863)
1 (45.41099258190854,-73.72677900293394)
1 (45.419961426072064,-73.5855869086403)
1 (45.5329788838219,-73.68674582014857)
1 (45.74246512448146,-73.71093132649244)
1 (45.629283181036364,-73.54770607343009)
1 (45.61434183761064,-73.61432437029309)
1 (45.558276444095966,-73.25069175978324)
1 (45.5799309721081,-73.46143642284221)
1 (45.74357284930016,-73.68878250598415)
1 (45.331118445224206,-73.48483450595596)
1 (45.60556039600583,-73.3342806726426)
1 (45.37950436798968,-73.31338186016764)
1 (45.30529465474793,-73.41809767609178)
1 (45.58549711905458,-73.59267177502645)
1 (45.382191815884745,-73.63399265520681)
1 (45.45609235449097,-73.56029867493078)
1 (45.2502580423215,-73.34372232750954)
1 (45.51420854737697,-73.42287510120245)
1 (45.541517685481736,-73.49695404390695)
1 (45.32418907318631,-73.5491836999386)
1 (45.44985405044417,-73.45196187437232)
1 (45.43044414626909,-73.64570854511172)
1 (45.53365187960098,-73.5896686487592)
1 (45.52919413607848,-73.7170209542433)
1 (45.38143159249997,-73.55451475345095)
1 (45.646888979079776,-73.73410013805481)
1 (45.63109130448842,-73.63092745861739)
1 (45.443117045208204,-73.53864956417888)
1 (45.560423010771615,-73.67383265972775)
1 (45.49067959756973,-73.60082556987511)
1 (45.33424546624497,-73.65569361676313)
1 (45.51099562933767,-73.32152488898976)
1 (45.50179705266312,-73.27097954875954)
1 (45.55911512824158,-73.62848357856919)
1 (45.48695734062639,-73.65175967230569)
1 (45.55935675137609,-73.65791995477852)
1 (45.6034173538398,-73.59528633958817)
1 (45.38994969082064,-73.34031000659763)
1 (45.557093938993326,-73.28597394708892)
1 (45.40304739306637,-73.72011379944826)
1 (45.46888454458378,-73.31009810853622)
1 (45.345094170655,-73.33487729327832)
1 (45.662284579607274,-73.31183276653253)
1 (45.6117642253146,-73.45911392549861)
1 (45.312440149679524,-73.4239106666697)
1 (45.631555554930856,-73.48272645390395)
1 (45.54588491258397,-73.62523566605101)
1 (45.422609766956136,-73.64245937021907)
1 (45.7135103645999,-73.43119348635378)
1 (45.508441984856915,-73.25797816222888)
1 (45.333244964745,-73.31020019109246)
1 (45.41000330366993,-73.54165168327059)
1 (45.61346786713139,-73.44219576165025)
1 (45.35386157352637,-73.45297007264892)
1 (45.52335925640438,-73.39133337636352)
1 (45.6492746288567,-73.45476023551745)
1 (45.57218972113194,-73.45603240034463)
1 (45.39054313043432,-73.39896712165361)
1 (45.29597707379183,-73.38485665266793)
1 (45.73526883407193,-73.62474914537532)
1 (45.42698963959349,-73.30634707880344)
1 (45.494006987645406,-73.69099158352131)
1 (45.339251131688485,-73.61498109928681)
1 (45.64229016985108,-73.48907239182348)
1 (45.62150254821857,-73.68384893765757)
1 (45.63211394565509,-73.28982009294877)
1 (45.52800269880106,-73.63742991326252)
1 (45.53671311883635,-73.5710842476106)
1 (45.597099705507446,-73.51502004578703)
1 (45.60982054511519,-73.74919407803458)
1 (45.40768120810868,-73.48690497253652)
1 (45.278588892032204,-73.69881158317521)
1 (45.26441248075224,-73.35129029628456)
1 (45.41796878304983,-73.6912907827805)
1 (45.56409668175322,-73.34029439783025)
1 (45.47357537461493,-73.61163528284402)
1 (45.69754288574732,-73.29797677619182)
1 (45.60993831209442,-73.52850173603724)
1 (45.584002921927144,-73.56241786728488)
1 (45.561518668793596,-73.39042740951072)
1 (45.31853897278827,-73.38728434446591)
1 (45.25498937921967,-73.30456530589183)
1 (45.43660969674664,-73.47610675638752)
1 (45.553014397983326,-73.52169098310397)
1 (45.464713310252556,-73.67466447859682)
1 (45.64212456109954,-73.40310049817138)
1 (45.73110197314689,-73.5734157938691)
1 (45.65027692351357,-73.28124946725825)
1 (45.3563825179492,-73.71282900139865)
1 (45.53329734769417,-73.74658873864342)
1 (45.430244347556275,-73.25976322787083)
1 (45.61364438108738,-73.49803253519819)
1 (45.607606144310935,-73.4327158713297)
1 (45.389795873350764,-73.48385046603671)
1 (45.72514884187031,-73.59779630109797)
1 (45.36004801976502,-73.6335052651292)
1 (45.54750293839686,-73.33570359198542)
1 (45.62062975386097,-73.53906356230995)
1 (45.40128418940506,-73.39277895102627)
1 (45.404773687358045,-73.48728746653047)
1 (45.74472253428332,-73.27637141294275)
1 (45.526748257997305,-73.27037029455568)
1 (45.650804543657515,-73.33629862701261)
1 (45.382843665610544,-73.71451005294988)
1 (45.25265092491127,-73.49010198563384)
1 (45.73991788745132,-73.36111990299985)
1 (45.41127608100473,-73.30008904724247)
1 (45.51134700080201,-73.71545539738976)
1 (45.717927597681715,-73.39482341918477)
1 (45.580087493112885,-73.4417933940006)
1 (45.435879337036965,-73.74676582089366)
1 (45.47904649962097,-73.33302847039968)
1 (45.61985260828437,-73.57118767184325)
1 (45.38006910964698,-73.31565772093545)
1 (45.425165498062114,-73.59927173237189)
1 (45.37459036830585,-73.66860566343712)
1 (45.53326163268934,-73.70048204039207)
1 (45.451362528273954,-73.53619603481489)
1 (45.67544478177457,-73.28582869122847)
1 (45.38965681763902,-73.70180819074444)
1 (45.432447232808954,-73.61457068689727)
1 (45.48995185303934,-73.45936087831275)
1 (45.323885042944326,-73.55219312598966)
1 (45.658359526108896,-73.27474687917119)
1 (45.67870434223153,-73.487163132826)
1 (45.34590202695181,-73.2686973515031)