650 650
101 (45.5,-73.5)
1 (45.395398697141005,-73.50801165786946)
1 (45.719242369507626,-73.37628532487142)
1 (45.45907809205052,-73.57070641773915)
1 (45.70558368130872,-73.34638297770769)
1 (45.48139607227174,-73.74907408964077)
1 (45.71119123849881,-73.53686822257984)
1 (45.56889229238984,-73.25819802023176)
1 (45.36035405244382,-73.73823115990825)
1 (45.505483411332825,-73.27226041525132)
1 (45.539591348697485,-73.51946172346203)
1 (45.55563641025203,-73.62421625695278)
1 (45.36052258371242,-73.33570521317246)
1 (45.65618348341692,-73.27497883703057)
1 (45.374057883423134,-73.36715277997943)
1 (45.36678942261995,-73.47446508228859)
1 (45.478428856365575,-73.27298968845913)
1 (45.69175709715644,-73.3058915743052)
1 (45.46406843699813,-73.74295422573076)
1 (45.26915847857099,-73.30813020198191)
1 (45.52946132184231,-73.41216601423007)
1 (45.44720353697488,-73.6087254688956)
1 (45.3838250205211,-73.37236263439226)
1 (45.43231068600457,-73.4723432779848)
1 (45.7248448032317,-73.66453918240947)
1 (45.49851811574368,-73.37596408562949)
1 (45.442674042108244,-73.27421565729)
1 (45.69367589341179,-73.66305125330084)
1 (45.35502488453127,-73.27116256844863)
1 (45.56428488284292,-73.50421837667511)
1 (45.622412213522054,-73.34039586509978)
1 (45.6478988828712,-73.30158747353241)
1 (45.72747741994918,-73.54060740714587)
1 (45.34968267749827,-73.31807258920337)
1 (45.52780659773997,-73.69992783418604)
1 (45.32801885587507,-73.69124170466914)
1 (45.40777113659019,-73.41702425612299)
1 (45.66298267442575,-73.60420249635732)
1 (45.46165689466877,-73.6780154695481)
1 (45.371054505235655,-73.73312570520643)
1 (45.437711581399455,-73.62654292763027)
1 (45.25961547382103,-73.67256261986284)
1 (45.36072803427085,-73.5355663533136)
1 (45.68557267016001,-73.35563136644863)
1 (45.329394516089266,-73.52505795608562)
1 (45.493885871549004,-73.53643948328029)
1 (45.45388137174868,-73.54975007721991)
1 (45.263818811863246,-73.68677829887811)
1 (45.258996783680104,-73.64544642847197)
1 (45.48341352920836,-73.67816768716558)
1 (45.628732349162604,-73.37113730704519)
1 (45.405987332885964,-73.37374759159717)
1 (45.509132925469736,-73.31726513696492)
1 (45.61637752719005,-73.74230569985455)
1 (45.618163011260435,-73.46796662311154)
1 (45.749209958859254,-73.32889884251632)
1 (45.33360557578697,-73.60697373562847)
1 (45.35664308373421,-73.37306824827093)
1 (45.7430173181252,-73.34308582894268)
1 (45.61884024686118,-73.55656717512)
1 (45.54337772335407,-73.70173097603504)
1 (45.426848367225205,-73.28781215404297)
1 (45.572307467330816,-73.58411479827541)
1 (45.344612316173645,-73.58993709733919)
1 (45.73759512365948,-73.73481081913133)
1 (45.57452973315809,-73.55337253285711)
1 (45.487259313498384,-73.68237654133168)
1 (45.309252077924945,-73.44229022756147)
1 (45.72848679097731,-73.42568522626019)
1 (45.25136336889541,-73.4070462284103)
1 (45.26052507186585,-73.43114349722033)
1 (45.62211883963496,-73.35192365762592)
1 (45.33397185070993,-73.28282066135336)
1 (45.66060154726261,-73.33901926105369)
1 (45.38689128573021,-73.5887458861124)
1 (45.43545571388505,-73.47503578784378)
1 (45.33680081107545,-73.49223501407285)
1 (45.25278152798024,-73.5280353524795)
1 (45.52681038966153,-73.36708902002566)
1 (45.54582662144796,-73.55587665348682)
1 (45.534059300122934,-73.4898619647401)
1 (45.37478540111358,-73.59710220596044)
1 (45.54908379991899,-73.68112632763096)
1 (45.548318359078124,-73.47845943249774)
1 (45.42586260649398,-73.59076951200646)
1 (45.402328758800806,-73.53103253271314)
1 (45.28402481553951,-73.46983523406024)
1 (45.436085540923884,-73.4791301873925)
1 (45.71706894697901,-73.42327973253302)
1 (45.31095647826463,-73.47261670133562)
1 (45.72342928760628,-73.27424240153412)
1 (45.66281676827821,-73.6742926391419)
1 (45.430839631648716,-73.29103646010553)
1 (45.265623826468726,-73.48922375129546)
1 (45.52868235879407,-73.63304557982228)
1 (45.310700041520384,-73.43258473915543)
1 (45.55787435880819,-73.4610678156169)
1 (45.43394071866363,-73.27662791191437)
1 (45.33332931638043,-73.73137865803645)
1 (45.63146556407412,-73.49580416125467)
1 (45.290149590762006,-73.25089059199256)
1 (45.35315756097574,-73.64185717783623)
1 (45.451438566521645,-73.61326693952637)
1 (45.35308406771877,-73.62787935682464)
1 (45.51298830596773,-73.6627031684462)
1 (45.30597060241629,-73.48186109359992)
1 (45.72808511198402,-73.64331948842363)
1 (45.26969875319963,-73.44618315719488)
1 (45.35428914189608,-73.68771393206417)
1 (45.285225051375214,-73.34979442123868)
1 (45.39328245544769,-73.27820540941615)
1 (45.25736905370508,-73.46448580858231)
1 (45.714743071438285,-73.27865213815087)
1 (45.25259393040565,-73.57571368334004)
1 (45.40569108333074,-73.58346085341887)
1 (45.48320425182672,-73.25184425600968)
1 (45.32786580226752,-73.36350792283821)
1 (45.521311017496174,-73.28348346037856)
1 (45.39743174654887,-73.30617389757117)
1 (45.700465109141376,-73.48672458015812)
1 (45.52367390415923,-73.64854853722686)
1 (45.718035747053726,-73.52068920006255)
1 (45.4563315627732,-73.68909377557617)
1 (45.6472116768669,-73.56065450415046)
1 (45.49483291700714,-73.3336574979359)
1 (45.403928355464394,-73.59335357769449)
1 (45.60693109327144,-73.58671168504411)
1 (45.691075308894966,-73.26070272893735)
1 (45.48910549296855,-73.73804365254851)
1 (45.56001341640115,-73.57225313175822)
1 (45.47658060143433,-73.31885986019643)
1 (45.487733138784925,-73.4350821372176)
1 (45.476927732343455,-73.70936699266548)
1 (45.26690972664549,-73.31263216530456)
1 (45.257953463533326,-73.57237577523927)
1 (45.545663045747325,-73.42117359848784)
1 (45.467941733093475,-73.56432806031759)
1 (45.534004840328976,-73.70411065597432)
1 (45.70430496488848,-73.53637855791887)
1 (45.7147572557171,-73.39026729221789)
1 (45.27531268869375,-73.68376790338336)
1 (45.358152312944505,-73.7425832881651)
1 (45.51880464198225,-73.3317041470166)
1 (45.741372665874934,-73.6383184791878)
1 (45.651658438739865,-73.26032535498224)
1 (45.71696971833985,-73.39090616019121)
1 (45.62427016900495,-73.6700464111317)
1 (45.65739618400324,-73.72701453740004)
1 (45.34541974367292,-73.5716985813144)
1 (45.32681569748392,-73.5701682985694)
1 (45.42463095309284,-73.55335087799371)
1 (45.39590298849589,-73.25445009201955)
1 (45.2514993333312,-73.52755775859843)
1 (45.62052401653648,-73.49834476697293)
1 (45.29444970869073,-73.69900806440984)
1 (45.65098592217719,-73.40970730535014)
1 (45.45499788520759,-73.61315574534729)
1 (45.52497287438525,-73.46812817788658)
1 (45.65782990335403,-73.25139320137552)
1 (45.62433422749765,-73.34063792160636)
1 (45.59187506035213,-73.72768362180963)
1 (45.74356753776414,-73.53073563664903)
1 (45.64303738640016,-73.71529928112362)
1 (45.42613958666757,-73.73914421072035)
1 (45.57536369691974,-73.29041795164082)
1 (45.37371437647838,-73.42748781788156)
1 (45.42416419330711,-73.42181032867376)
1 (45.52290778978008,-73.42325548417419)
1 (45.36196534518169,-73.36270672331263)
1 (45.314364589191804,-73.48595719281394)
1 (45.48616277393927,-73.71216167937112)
1 (45.74975390880298,-73.57029720416232)
1 (45.55585515086855,-73.40884077044652)
1 (45.54370549486175,-73.57248217828665)
1 (45.67457864122347,-73.40013422830596)
1 (45.529759371271425,-73.63044944475648)
1 (45.27552434144394,-73.69385753544725)
1 (45.47207780321134,-73.5678441775118)
1 (45.51630974423473,-73.4485294964332)
1 (45.56796883018731,-73.32499167049842)
1 (45.331488415308826,-73.69132408365502)
1 (45.700196690895964,-73.70790429454757)
1 (45.42272039467662,-73.67027229674409)
1 (45.412605093572346,-73.50853060971902)
1 (45.388889009139,-73.74914629572295)
1 (45.63775509302824,-73.50599666649168)
1 (45.51143824815611,-73.63968811725557)
1 (45.401080215071424,-73.54950827369089)
1 (45.413817874906435,-73.63645100760237)
1 (45.56248709259772,-73.34887521397498)
1 (45.408162135710256,-73.37450178437703)
1 (45.633380781810764,-73.25828676107747)
1 (45.327190684741936,-73.46958802211748)
1 (45.32476969451518,-73.73301083219184)
1 (45.51480908679697,-73.72410454204669)
1 (45.74040569834775,-73.26710687270857)
1 (45.414999233025625,-73.39029889189659)
1 (45.527841079159046,-73.483035700114)
1 (45.35532852919715,-73.27463624058252)
1 (45.339834379982264,-73.64121744064076)
1 (45.66876974268683,-73.74409931941118)
1 (45.63871335765834,-73.6691317189484)
1 (45.73551189155639,-73.45642967750737)
1 (45.69710366544251,-73.37547210968566)
1 (45.35505573706637,-73.38192204781225)
1 (45.60985809142779,-73.31515994002515)
1 (45.578125694596416,-73.41436376566712)
1 (45.734071477698976,-73.30569055359523)
1 (45.73779338921402,-73.58306712929361)
1 (45.71674265406876,-73.36432779573552)
1 (45.41969620398745,-73.5766725895278)
1 (45.65294533057795,-73.33908098702189)
1 (45.50234755292879,-73.47250644839721)
1 (45.4412954783595,-73.74419105703625)
1 (45.680273876198065,-73.73275711065216)
1 (45.56805395952288,-73.2830208250573)
1 (45.555076607207155,-73.6805893311102)
1 (45.35637846388886,-73.74778740192058)
1 (45.44250565168736,-73.30554647520827)
1 (45.66303996183326,-73.42649234029194)
1 (45.49724423272525,-73.36819623265332)
1 (45.59134450237522,-73.32269846249272)
1 (45.60134320382123,-73.37895570313705)
1 (45.51605181786166,-73.4034702399796)
1 (45.69710619614052,-73.6153872044249)
1 (45.58375844465357,-73.73483714191418)
1 (45.37071531336167,-73.41598671555664)
1 (45.36051323437792,-73.74255806912838)
1 (45.50900033907022,-73.54659216652783)
1 (45.4473594402954,-73.44875720669417)
1 (45.25849255514208,-73.47801953590981)
1 (45.67404803629486,-73.38217018701386)
1 (45.31326791086209,-73.44038979437703)
1 (45.41134283600873,-73.44128200147202)
1 (45.746072172479415,-73.6308406028059)
1 (45.61313868580024,-73.30555636822191)
1 (45.675834192420076,-73.44692188562729)
1 (45.41103988043254,-73.54024904962002)
1 (45.533911627684724,-73.59795492203011)
1 (45.436096606660385,-73.32496568258505)
1 (45.551276822146775,-73.41099013140342)
1 (45.535073164427786,-73.25516753210061)
1 (45.33933864834361,-73.5967291111556)
1 (45.68192232941061,-73.41924677589988)
1 (45.578209685583644,-73.67388207984087)
1 (45.659066070556506,-73.44158553084134)
1 (45.35796603793597,-73.66791210520923)
1 (45.49763372087928,-73.40418125421867)
1 (45.64081067922783,-73.60197331650194)
1 (45.72098426143395,-73.51596374221384)
1 (45.625039357313874,-73.6840804091887)
1 (45.63164033983767,-73.58984708126093)
1 (45.495321333041446,-73.46515252674132)
1 (45.71818741731517,-73.3128528411783)
1 (45.638045592870185,-73.59755479626692)
1 (45.735742036936294,-73.4543089040793)
1 (45.385346508999575,-73.6631165353661)
1 (45.631269271227694,-73.55117096698645)
1 (45.72691091419133,-73.36333534120641)
1 (45.74332995620377,-73.73793213829501)
1 (45.69478230547934,-73.67258201474152)
1 (45.60476412593454,-73.2513786190378)
1 (45.28311569290618,-73.3476015425336)
1 (45.7163680748953,-73.73761776156458)
1 (45.31220023209947,-73.46346086355511)
1 (45.339797897313865,-73.32034754181576)
1 (45.58405488179933,-73.40732469494189)
1 (45.678733383087604,-73.45525456091121)
1 (45.50551575873546,-73.5070461001273)
1 (45.27876193922023,-73.3957205932003)
1 (45.57397185512005,-73.70153897117538)
1 (45.57849277647732,-73.62968580120932)
1 (45.730769515661535,-73.37425503778813)
1 (45.28708764598471,-73.41655944702991)
1 (45.58779387993575,-73.66981848289551)
1 (45.646694938868436,-73.55648723554397)
1 (45.42384910325803,-73.29697681345057)
1 (45.66220001683851,-73.2620770683305)
1 (45.62919733063717,-73.48850693997008)
1 (45.54525513506886,-73.47485320494171)
1 (45.44897968020199,-73.44057098847153)
1 (45.42472832370368,-73.67525169659957)
1 (45.43923074566353,-73.69024691319133)
1 (45.32151124656097,-73.67588779662351)
1 (45.502811538174214,-73.51056416999639)
1 (45.47205194370084,-73.56311936869585)
1 (45.71682388698368,-73.50735553220395)
1 (45.31202898929284,-73.36159787160578)
1 (45.397932709065756,-73.69159141285617)
1 (45.299259576048655,-73.64054173534907)
1 (45.47751089767627,-73.37459342620934)
1 (45.263234597526036,-73.65888491217409)
1 (45.27463466743088,-73.29162957745628)
1 (45.61759984882574,-73.2592461022572)
1 (45.66169569951824,-73.40187395901928)
1 (45.56145294661447,-73.56783251868201)
1 (45.414759475918025,-73.3395690423724)
1 (45.325501568797215,-73.63893460997343)
1 (45.72878776690326,-73.5024594281894)
1 (45.58992938747421,-73.49858643541894)
1 (45.456456209183024,-73.25917115198362)
1 (45.41224164585364,-73.5922592861097)
1 (45.59853637057034,-73.73719127608037)
1 (45.355413358751,-73.42612392382371)
1 (45.433675015192016,-73.61745789099055)
1 (45.49933882978061,-73.71046006659833)
1 (45.42589140883783,-73.3103010533579)
1 (45.65188177004873,-73.56720950807397)
1 (45.68922685430927,-73.32058085694949)
1 (45.34975143619302,-73.35146238170283)
1 (45.32071905020833,-73.52734907474567)
1 (45.65398056867745,-73.35883381819608)
1 (45.335236958427664,-73.50521637657302)
1 (45.299957143472895,-73.64723151155295)
1 (45.7487001597533,-73.40083769008176)
1 (45.457762323096766,-73.39243246259305)
1 (45.55982028523036,-73.74853355753112)
1 (45.694992989116095,-73.6221802063119)
1 (45.474739744318725,-73.46404592050305)
1 (45.711298120029255,-73.33318180787232)
1 (45.703807028467814,-73.59478228169083)
1 (45.53153367340383,-73.38942684653173)
1 (45.535215511895295,-73.72863245358835)
1 (45.60274188781642,-73.72866860159613)
1 (45.65634624699717,-73.27154791290202)
1 (45.63908636213405,-73.26670067233216)
1 (45.35039365725988,-73.59655378826295)
1 (45.59842517849626,-73.48623011094527)
1 (45.74321581875449,-73.34371959488232)
1 (45.354380077702444,-73.52869118187019)
1 (45.71334002511099,-73.41184448976807)
1 (45.44856059940605,-73.67326194016181)
1 (45.40666682338507,-73.42821916935348)
1 (45.26902768027818,-73.3876384773303)
1 (45.51665474417872,-73.71280630451933)
1 (45.60313207952636,-73.66979013643153)
1 (45.60063048892169,-73.46753726588216)
1 (45.25553888226665,-73.66896141675889)
1 (45.70335844255353,-73.62015317338901)
1 (45.30554993412714,-73.57760468374171)
1 (45.45011576525795,-73.43512385807303)
1 (45.601761988605375,-73.52372057721504)
1 (45.553258327704235,-73.67165884480742)
1 (45.25664899861358,-73.66525102045215)
1 (45.34862573803768,-73.7206797667867)
1 (45.7088329066681,-73.39471268267059)
1 (45.54112189497756,-73.28885415229514)
1 (45.36660793296834,-73.50317672109325)
1 (45.292420964333886,-73.31839628209559)
1 (45.432709248708385,-73.32799362506624)
1 (45.62798689450162,-73.43632060939274)
1 (45.73736769574169,-73.31832997440354)
1 (45.37545784315544,-73.31618958209077)
1 (45.27436780612216,-73.59662672078059)
1 (45.47193518990051,-73.40912737542374)
1 (45.643127538580565,-73.47250689008729)
1 (45.49383012823207,-73.55897696006555)
1 (45.74874348295615,-73.47845323778667)
1 (45.66965897110435,-73.55895842759689)
1 (45.401496427115745,-73.34374450844842)
1 (45.433541819050404,-73.73404159406783)
1 (45.38748778540236,-73.40468203319327)
1 (45.26514728621266,-73.64447678054171)
1 (45.65287812371441,-73.2650561840282)
1 (45.64043942210753,-73.50153291877622)
1 (45.455625025486086,-73.57109511665348)
1 (45.38682111255175,-73.36647259250881)
1 (45.690668035357334,-73.54980657875585)
1 (45.59613174757445,-73.66814925546043)
1 (45.587184384116455,-73.4786660501183)
1 (45.49944491325748,-73.52334212971405)
1 (45.60983999136771,-73.50802276810185)
1 (45.34872541587507,-73.27704983076161)
1 (45.6698858762229,-73.74538809254993)
1 (45.382143096964285,-73.59744441688221)
1 (45.66650101327259,-73.73293856535777)
1 (45.37220416859257,-73.36204273201996)
1 (45.43395844137761,-73.40610898144607)
1 (45.56884920399748,-73.45788245233702)
1 (45.36599218564455,-73.31206892888544)
1 (45.55328003527412,-73.48909606027004)
1 (45.325168228704605,-73.29216903254743)
1 (45.61251615841856,-73.7402557970666)
1 (45.422113872743836,-73.49211113650163)
1 (45.72954464053581,-73.58321881745547)
1 (45.36713516163949,-73.45763975132799)
1 (45.65941558440908,-73.33893157629882)
1 (45.35505325942336,-73.70196989358963)
1 (45.327748639708716,-73.41375859154309)
1 (45.34301606368221,-73.49395957431031)
1 (45.44485438105661,-73.32238057263041)
1 (45.6205924797434,-73.71320298832315)
1 (45.27603742214151,-73.4861628852871)
1 (45.25163226306886,-73.44976366931002)
1 (45.44663666951227,-73.45712543061786)
1 (45.288175308032955,-73.59218449295598)
1 (45.48897131254466,-73.46325083567409)
1 (45.618119953779406,-73.44770480380713)
1 (45.55759922090177,-73.40084778225908)
1 (45.41041067211931,-73.4732824561139)
1 (45.34915824930397,-73.61404250134969)
1 (45.36418134629151,-73.46506198330549)
1 (45.26354843053057,-73.50020119778989)
1 (45.35159102679283,-73.55734770878753)
1 (45.73432718132438,-73.66319220801313)
1 (45.56801485942022,-73.61993379064717)
1 (45.43792715165604,-73.50387679730144)
1 (45.46780379879966,-73.61481101581026)
1 (45.263670262914786,-73.28907311790459)
1 (45.56900227862036,-73.67981338518793)
1 (45.48953929417994,-73.37646842387717)
1 (45.6562139302534,-73.64768510983824)
1 (45.56228193553764,-73.39355977041627)
1 (45.49723121777299,-73.3843419400637)
1 (45.72466043075338,-73.27368431433825)
1 (45.41609564607702,-73.73976867197831)
1 (45.46752309141828,-73.64155550290755)
1 (45.43293082100865,-73.54903735351978)
1 (45.40986253543975,-73.61445196340539)
1 (45.68919172196023,-73.49934914998384)
1 (45.726138411562985,-73.64331157698588)
1 (45.52589900806119,-73.29179530683034)
1 (45.64688096704273,-73.56046328500369)
1 (45.37197820335512,-73.37370113916248)
1 (45.35595497259786,-73.5275850646202)
1 (45.52999924813363,-73.59895930733992)
1 (45.29585174401367,-73.588706770244)
1 (45.51741275141243,-73.48967735475166)
1 (45.47099032301094,-73.52868199524833)
1 (45.332805027934164,-73.3227567407254)
1 (45.30824737578231,-73.71753361542204)
1 (45.36874479362382,-73.54968901403845)
1 (45.493798082231486,-73.58543314234548)
1 (45.68547019630407,-73.57689774609887)
1 (45.455839323502346,-73.32180462015175)
1 (45.492965584292236,-73.68737240738463)
1 (45.30387916999658,-73.3251488500321)
1 (45.46290324306225,-73.37213385236839)
1 (45.5670150980106,-73.34766482524898)
1 (45.40647618495742,-73.56223874092962)
1 (45.49598693923106,-73.68060008074819)
1 (45.409323623707664,-73.7085731633998)
1 (45.506778317585784,-73.6124926569539)
1 (45.71055175674621,-73.34760397425254)
1 (45.54715414480235,-73.26307246082672)
1 (45.44927833289069,-73.71654899686902)
1 (45.26175967742636,-73.25057055083401)
1 (45.37917989537783,-73.64109548617155)
1 (45.316269980397976,-73.48954017344187)
1 (45.26919681221767,-73.31283893198611)
1 (45.616567119905795,-73.74002386293408)
1 (45.466851613135304,-73.70203263096349)
1 (45.42503532077833,-73.33700658379871)
1 (45.499562279815564,-73.71403098844128)
1 (45.53280313144764,-73.32157494838275)
1 (45.62888259049988,-73.2949778728952)
1 (45.69412421166258,-73.47205853917222)
1 (45.45277763800165,-73.5238339699853)
1 (45.46707748860647,-73.49465935285777)
1 (45.471843268231936,-73.29375546821765)
1 (45.43337983763271,-73.37868115043075)
1 (45.49680413216679,-73.48612875087366)
1 (45.48934347232924,-73.65145089653682)
1 (45.37667559258505,-73.57523458740509)
1 (45.50987299913751,-73.48237988216833)
1 (45.2696508017331,-73.37055737094896)
1 (45.68788563828986,-73.28434258475997)
1 (45.56207470503997,-73.60717366425092)
1 (45.74265128055285,-73.64365698532345)
1 (45.564792885118926,-73.33244687777851)
1 (45.47228738951436,-73.57743019581139)
1 (45.28071359413605,-73.50942292048231)
1 (45.29800701861126,-73.26888901372688)
1 (45.342597320154525,-73.46386479279727)
1 (45.510706398211,-73.56754542416678)
1 (45.66588896725941,-73.74278191583474)
1 (45.38409216002459,-73.66165231317004)
1 (45.44783346090332,-73.6276029722352)
1 (45.66278596283546,-73.43538550784541)
1 (45.37116636369057,-73.45480906107295)
1 (45.668708262899344,-73.61254340697572)
1 (45.73834708155161,-73.54088687761471)
1 (45.39453057454807,-73.36228608782807)
1 (45.270602576780966,-73.38687975390943)
1 (45.46909953332807,-73.60054116293719)
1 (45.45497586655261,-73.45060699306998)
1 (45.28647358910338,-73.26318429896017)
1 (45.612123745562755,-73.62179038450611)
1 (45.387577267240246,-73.35395749796952)
1 (45.287784513567175,-73.61686940054821)
1 (45.37146540126367,-73.5813189483349)
1 (45.64163693406656,-73.32620467307025)
1 (45.69180371183073,-73.39402367297738)
1 (45.71869744349599,-73.6966623134746)
1 (45.66340997679849,-73.70521456078347)
1 (45.3404536070805,-73.51723956015262)
1 (45.363563385098374,-73.55915892310699)
1 (45.345607426684936,-73.49443538250104)
1 (45.3632781056342,-73.44349627785256)
1 (45.543602906306866,-73.25748725744573)
1 (45.364850169561386,-73.38296827099572)
1 (45.51803817547762,-73.42138881606367)
1 (45.35372528709496,-73.36808243832462)
1 (45.33161302761629,-73.55777054185445)
1 (45.29509817770378,-73.5740166295401)
1 (45.739438925349596,-73.38026902133625)
1 (45.71864260707386,-73.71130174097968)
1 (45.71333863688339,-73.6419280459228)
1 (45.73838447797686,-73.72042566554136)
1 (45.416189296941994,-73.66746776732614)
1 (45.64896843239398,-73.3774817692254)
1 (45.74241262137845,-73.60292642994908)
1 (45.724431995559776,-73.71734083249801)
1 (45.658392479855564,-73.3592215943264)
1 (45.721089390231434,-73.50455591612986)
1 (45.33490028183721,-73.35459637141241)
1 (45.35224044946028,-73.29031480921091)
1 (45.462534840533166,-73.52370858695463)
1 (45.65915843178317,-73.38623542615373)
1 (45.68073387847846,-73.6582892086139)
1 (45.25017366623685,-73.36265489030642)
1 (45.73109013292724,-73.47583908225529)
1 (45.31765839962293,-73.44029355113827)
1 (45.26650603469746,-73.37875104377035)
1 (45.67133134426483,-73.38978063612346)
1 (45.70914641055518,-73.66653747852499)
1 (45.74553893890608,-73.28350860017571)
1 (45.6521997217151,-73.49851136970668)
1 (45.648033262375726,-73.658639018871)
1 (45.543133785111486,-73.67331179456828)
1 (45.31825516069111,-73.34881281758847)
1 (45.26943322732815,-73.29508286519723)
1 (45.254244271288,-73.42522376365716)
1 (45.29173108181078,-73.6339079923068)
1 (45.54903589381307,-73.35519393942434)
1 (45.63379817104168,-73.4602694119262)
1 (45.64976802068018,-73.63824587170221)
1 (45.344029644664055,-73.33984585773563)
1 (45.31570996710436,-73.31589632171585)
1 (45.4888685403208,-73.31587910105245)
1 (45.70503763739014,-73.37200203551248)
1 (45.32503234558748,-73.58163338236889)
1 (45.36441828761771,-73.64546851698802)
1 (45.52445914179358,-73.65513918921594)
1 (45.63033141562484,-73.46648805626181)
1 (45.69356580840228,-73.71245648114707)
1 (45.57654021252603,-73.30120409167972)
1 (45.43671131920766,-73.61410977569693)
1 (45.658241760741205,-73.7478039023773)
1 (45.36268428533,-73.27214091071679)