700 700
101 (45.5,-73.5)
1 (45.610162028782774,-73.26952273605193)
1 (45.72258431334609,-73.35239317174084)
1 (45.453225317097505,-73.5768974487954)
1 (45.29764291764469,-73.3881832575828)
1 (45.652415855678335,-73.58283836611524)
1 (45.72633010452891,-73.69743580454032)
1 (45.547062637019835,-73.34969371097382)
1 (45.671518829262375,-73.5456479606265)
1 (45.64401698926696,-73.42746113131454)
1 (45.580530191137186,-73.28171952630484)
1 (45.72405530275647,-73.44665643058569)
1 (45.283557997270925,-73.69272714435792)
1 (45.46232796282157,-73.27808032180127)
1 (45.30927214851121,-73.57713912993091)
1 (45.404788772783235,-73.50482892011428)
1 (45.570326083684854,-73.52376010446083)
1 (45.67427715230125,-73.36937489904086)
1 (45.486044254021714,-73.60586313914382)
1 (45.70228903942118,-73.26040101209853)
1 (45.66474137731931,-73.65650951629641)
1 (45.59546046548422,-73.69029860260818)
1 (45.463926212655366,-73.48197456659035)
1 (45.44940115678815,-73.58484906122575)
1 (45.583067884781464,-73.29549095833015)
1 (45.51675383571785,-73.56158650220448)
1 (45.320654220484734,-73.31318851031331)
1 (45.621217886233104,-73.71269575934048)
1 (45.74494678280343,-73.34815293663155)
1 (45.58476493600372,-73.73202982481422)
1 (45.28613835193535,-73.36694367324259)
1 (45.70138642514243,-73.53393672274126)
1 (45.65654436404717,-73.33570397633459)
1 (45.44745211376629,-73.30406600426649)
1 (45.54501049704387,-73.28016441908838)
1 (45.66612153704766,-73.69918069006573)
1 (45.71189447626404,-73.31538391032856)
1 (45.40123860066988,-73.67423080174557)
1 (45.431780920301925,-73.46699039339238)
1 (45.38475303029739,-73.66055027895999)
1 (45.692513762028014,-73.40597609125538)
1 (45.400950351735055,-73.54901932903162)
1 (45.66118165610373,-73.2537705801674)
1 (45.36063581009054,-73.64638998709535)
1 (45.67036762814474,-73.38335743729034)
1 (45.41890536322838,-73.47170284909308)
1 (45.361274659655,-73.64561859563821)
1 (45.361250641123576,-73.44282859061973)
1 (45.6442652631314,-73.68788324267358)
1 (45.26448281240048,-73.67064838325176)
1 (45.30190314815353,-73.50382616029509)
1 (45.61132360350492,-73.73024257717795)
1 (45.36476169519935,-73.56040349583134)
1 (45.60050002873406,-73.41468775739877)
1 (45.336063913263146,-73.28843156939908)
1 (45.3477926287837,-73.59766754679603)
1 (45.427645019144755,-73.39870775898842)
1 (45.5177254348858,-73.43608311275702)
1 (45.69677904341674,-73.39524009942498)
1 (45.66044891620673,-73.73320463127094)
1 (45.341087041624306,-73.30119534093558)
1 (45.65385564207233,-73.35663579306473)
1 (45.417044959904686,-73.49159323391139)
1 (45.66708166447975,-73.66346845185367)
1 (45.39653526833015,-73.63956767156652)
1 (45.468284737501556,-73.42748531702631)
1 (45.265436955689786,-73.63018339660904)
1 (45.696954012279036,-73.29012391546178)
1 (45.298424583123946,-73.37733978493704)
1 (45.40899393742346,-73.26814551554337)
1 (45.71494749480774,-73.29521139949718)
1 (45.281438447700715,-73.34655832823061)
1 (45.632786561270834,-73.72596780828509)
1 (45.332889803589225,-73.66532447924176)
1 (45.5876360850399,-73.41018316317405)
1 (45.37563975498262,-73.27273600370526)
1 (45.37983463644781,-73.60538919612642)
1 (45.66591891729614,-73.3670754367859)
1 (45.642669238762416,-73.71164278680595)
1 (45.35983359849853,-73.38128205682368)
1 (45.30060319405255,-73.25077282665636)
1 (45.414287473302515,-73.68282529517795)
1 (45.500328338383746,-73.26813869277917)
1 (45.49454900234932,-73.56284236355269)
1 (45.652718806762024,-73.68227553193451)
1 (45.26311355740509,-73.57482763098224)
1 (45.41956364932842,-73.29871993441505)
1 (45.6281226057589,-73.65376647045977)
1 (45.315381643888536,-73.62960216790718)
1 (45.62384055878725,-73.3015872846303)
1 (45.57167265088168,-73.32025925405667)
1 (45.580553157490336,-73.46416039310385)
1 (45.52863513264686,-73.37816610494312)
1 (45.616739611315616,-73.5488031493064)
1 (45.57768072296197,-73.5279000432175)
1 (45.252483961852,-73.33935620301224)
1 (45.57700224188166,-73.3786467569247)
1 (45.59982927274958,-73.3583761389311)
1 (45.70200237031161,-73.68792388523269)
1 (45.63314184009197,-73.50284519684047)
1 (45.372566179521286,-73.3367413685712)
1 (45.480540607987415,-73.54102934770042)
1 (45.71996105570031,-73.69733564211339)
1 (45.50606037562986,-73.3037215288558)
1 (45.51757390783493,-73.37490767531125)
1 (45.67145572512618,-73.6330869498391)
1 (45.601745827357256,-73.33946297838659)
1 (45.276415727527564,-73.36668333503435)
1 (45.55164042794663,-73.73289443558888)
1 (45.67644791183246,-73.33295909416951)
1 (45.280382838303304,-73.63986711598271)
1 (45.46880315690244,-73.51763798031834)
1 (45.71363201789096,-73.34885669951473)
1 (45.418551551186425,-73.72787935333056)
1 (45.396299901820875,-73.60186178373377)
1 (45.56928237559571,-73.7329584759496)
1 (45.67330665506077,-73.5378525939547)
1 (45.54588989371572,-73.49644182951121)
1 (45.53606213975494,-73.47593717417105)
1 (45.51051970161212,-73.73543793311941)
1 (45.31278943852794,-73.35951869285863)
1 (45.57698873439642,-73.64748457711579)
1 (45.60785693121254,-73.59238579295393)
1 (45.72385539513928,-73.73498879810212)
1 (45.262961558737324,-73.64172060018427)
1 (45.37180433583333,-73.7308664852039)
1 (45.621306244431324,-73.66142712910273)
1 (45.30712407398111,-73.68713396235525)
1 (45.524840589076476,-73.50197585519733)
1 (45.539793441505715,-73.3306842465947)
1 (45.264184510955765,-73.32012793823498)
1 (45.48205651888373,-73.31733637726977)
1 (45.631030397227114,-73.58344588063532)
1 (45.521353805972566,-73.52647637393866)
1 (45.29362009136391,-73.5804150781539)
1 (45.640090771313616,-73.5342142037232)
1 (45.427318759999835,-73.597293893526)
1 (45.70396305239585,-73.38296122119792)
1 (45.38435857736501,-73.70747774486799)
1 (45.40042094965037,-73.72968839806536)
1 (45.679500819370574,-73.63820567423674)
1 (45.55934428055043,-73.40385578829887)
1 (45.70166590127977,-73.43285597015893)
1 (45.7291115783204,-73.3391094405892)
1 (45.33550645969512,-73.61487004276523)
1 (45.412986313910345,-73.26032217426574)
1 (45.59144955360294,-73.28151229210721)
1 (45.29310579995466,-73.40941027575464)
1 (45.39790979969941,-73.51221594902368)
1 (45.582346848792696,-73.47958864658897)
1 (45.405175883385304,-73.66718350067069)
1 (45.34795552214163,-73.29833220374542)
1 (45.48689890529912,-73.5772029553464)
1 (45.74506659158896,-73.65429211390554)
1 (45.60216165920019,-73.28530913503187)
1 (45.58310156711027,-73.50277063243946)
1 (45.298783726856264,-73.39496221541322)
1 (45.52352251668006,-73.60808890641562)
1 (45.39681807777298,-73.70783395890976)
1 (45.473532028650936,-73.48928763426362)
1 (45.29012066122437,-73.69708447822438)
1 (45.3970482900868,-73.32808076659641)
1 (45.3434252378515,-73.4591809527164)
1 (45.311646908334424,-73.27483809407883)
1 (45.542531529848446,-73.61885231445152)
1 (45.678150181441644,-73.349602883857)
1 (45.376015314824386,-73.72769189601665)
1 (45.71815715710592,-73.38075632178594)
1 (45.38829538444701,-73.49721328379)
1 (45.41404632679435,-73.65392084961825)
1 (45.445942405236515,-73.74183228406253)
1 (45.555846332149734,-73.65805009088695)
1 (45.501791069378356,-73.6762909165373)
1 (45.69985772071676,-73.51438345214311)
1 (45.524717362390355,-73.71545763323427)
1 (45.295022879617726,-73.35704892081252)
1 (45.28686873987654,-73.6622304254628)
1 (45.514778826296315,-73.60157815407383)
1 (45.36468560335817,-73.64143789308223)
1 (45.50449120468845,-73.68945341896426)
1 (45.5152285223045,-73.34417603236966)
1 (45.317556162857095,-73.53303611612198)
1 (45.53512607075817,-73.58793677765809)
1 (45.26686969228682,-73.50583271262413)
1 (45.2958843181693,-73.37317671738097)
1 (45.26260280842675,-73.42803362849422)
1 (45.37634943765295,-73.52664322929294)
1 (45.442083761700204,-73.58661670099761)
1 (45.58079095667338,-73.66581734613075)
1 (45.523077046402946,-73.40303694388518)
1 (45.639373757549826,-73.59725142890473)
1 (45.32786212214616,-73.41963002715823)
1 (45.53671282793197,-73.37437200151898)
1 (45.33225318657003,-73.31833717617958)
1 (45.703755569630275,-73.58748663677315)
1 (45.39106427899997,-73.71221476465544)
1 (45.73841204889361,-73.54027638952957)
1 (45.479512853249325,-73.46142238908034)
1 (45.39115468726504,-73.28297343060134)
1 (45.368667513616586,-73.26098850621176)
1 (45.263234349973416,-73.52271628360573)
1 (45.62228467015106,-73.7276334829255)
1 (45.51721075072278,-73.71624345716447)
1 (45.66224138272992,-73.67728487534858)
1 (45.39217084246927,-73.66912867219114)
1 (45.4002606011837,-73.73365099273467)
1 (45.449309641743575,-73.71917937984847)
1 (45.57473788213288,-73.34132329365252)
1 (45.74747364987973,-73.56941279372322)
1 (45.46321700717373,-73.67435958828723)
1 (45.56281797127029,-73.55819203779623)
1 (45.563425458456926,-73.33315481963099)
1 (45.32190373083187,-73.61064760820315)
1 (45.64876856226781,-73.60863696831497)
1 (45.613363652327564,-73.30642759209684)
1 (45.30779487591874,-73.4634310446057)
1 (45.47968876870445,-73.42411286355178)
1 (45.671383175652004,-73.73461444252587)
1 (45.66774076561592,-73.48230160395437)
1 (45.516265192633334,-73.40204284296607)
1 (45.63426952643508,-73.69141037665635)
1 (45.308986036282874,-73.58995559924347)
1 (45.361016837844424,-73.35865686870106)
1 (45.520517901789965,-73.2776758467478)
1 (45.43291256022326,-73.6514826686912)
1 (45.69848082568235,-73.48770028159826)
1 (45.37242058763237,-73.72184196921745)
1 (45.331287309750934,-73.49632957969384)
1 (45.403267597485794,-73.52532559324356)
1 (45.47651637667875,-73.37322059415577)
1 (45.63758838193791,-73.73500721988736)
1 (45.45443540381003,-73.40184704253201)
1 (45.6419475063039,-73.45019195154117)
1 (45.62682675981578,-73.66283584626782)
1 (45.439747379613216,-73.43491519189348)
1 (45.391139270494854,-73.27650173305555)
1 (45.25020923249912,-73.39008295310524)
1 (45.52047301943254,-73.49963328441719)
1 (45.647413638571514,-73.26656236059576)
1 (45.37101913461051,-73.55468885176232)
1 (45.34681355334632,-73.36432444534472)
1 (45.26031460446651,-73.73704155336952)
1 (45.49118318924272,-73.43490902482039)
1 (45.49203526244819,-73.4977676729137)
1 (45.613142057588405,-73.71102464003037)
1 (45.56603870480637,-73.33570366762231)
1 (45.397194309824805,-73.7280141915386)
1 (45.56598172112495,-73.45310191745085)
1 (45.45064915233226,-73.47721036074752)
1 (45.561075549422654,-73.7341964739429)
1 (45.51983897993055,-73.34087233361895)
1 (45.59340523375298,-73.69534492509)
1 (45.455727599622854,-73.40243867710142)
1 (45.447727806322725,-73.62914336785882)
1 (45.74130183381851,-73.60424906058438)
1 (45.41677721553697,-73.72301671162855)
1 (45.54206534229682,-73.33768061077302)
1 (45.68184225604171,-73.47526724116749)
1 (45.53050452647798,-73.3978122785071)
1 (45.72574704795851,-73.25841951134382)
1 (45.66557199152722,-73.31627414055217)
1 (45.383351778133346,-73.3909304643063)
1 (45.67903384493254,-73.40185600190695)
1 (45.71330486613603,-73.57393887188958)
1 (45.731953022508286,-73.36874297165363)
1 (45.34401587825162,-73.52970880241921)
1 (45.556631466856125,-73.71691347946786)
1 (45.306681808485834,-73.6427771735181)
1 (45.39200975639375,-73.5482782629157)
1 (45.618687754308986,-73.35354615464279)
1 (45.65382374729513,-73.25555669585559)
1 (45.52181600004732,-73.48716629358118)
1 (45.55474332767459,-73.50868007148459)
1 (45.311436185181364,-73.61803701172215)
1 (45.30426940951323,-73.68567895987982)
1 (45.6152122744774,-73.4721065004795)
1 (45.57334075608799,-73.35155534723107)
1 (45.292850214368656,-73.25538337619355)
1 (45.604403457422585,-73.5795575108987)
1 (45.332023924703606,-73.66767822723286)
1 (45.684121139703976,-73.33456935943741)
1 (45.70985484875118,-73.71557320788234)
1 (45.67295528620104,-73.29799308095176)
1 (45.674184371756965,-73.27797385726983)
1 (45.403520293172676,-73.40754763014472)
1 (45.274365860334534,-73.70132718738151)
1 (45.5179192526795,-73.51382320668338)
1 (45.73741712745571,-73.50969614653211)
1 (45.71319170994283,-73.41822482829033)
1 (45.44211182544182,-73.60736054361004)
1 (45.403555700725605,-73.65410620246583)
1 (45.290951944186254,-73.6284702990081)
1 (45.48830222831386,-73.70443801567538)
1 (45.717951530223864,-73.34950712927176)
1 (45.73500071438375,-73.41527266701493)
1 (45.3987754715732,-73.3259165693857)
1 (45.74910034346202,-73.66456065046295)
1 (45.44901485831984,-73.6442522407193)
1 (45.60306250086532,-73.38054136412721)
1 (45.506244451120374,-73.39553021994861)
1 (45.44083535531323,-73.27297460141145)
1 (45.5919953007149,-73.674221414473)
1 (45.25678283633668,-73.64389644296361)
1 (45.54088954137217,-73.59041570913189)
1 (45.57210541733769,-73.38237673128064)
1 (45.56592216264896,-73.45017176767938)
1 (45.396341383466435,-73.71992274537628)
1 (45.70123798721626,-73.41092202454243)
1 (45.66671279907326,-73.52971719458114)
1 (45.42674067840385,-73.55503298437426)
1 (45.30388125034974,-73.3937961843303)
1 (45.73248317744823,-73.44522601178309)
1 (45.609104237463185,-73.33756610123753)
1 (45.72502811254815,-73.33054476442952)
1 (45.45483375995856,-73.54072603404866)
1 (45.61282927069165,-73.26091055600689)
1 (45.588474626485045,-73.4777056131045)
1 (45.53317393553238,-73.4420374682445)
1 (45.37732059484461,-73.31914593339364)
1 (45.69933901947562,-73.72058456067231)
1 (45.471612244256704,-73.53874418823618)
1 (45.25335223789564,-73.63190303855723)
1 (45.65221155819021,-73.51695067035524)
1 (45.50711282727726,-73.46959147239251)
1 (45.55956347279844,-73.5145499169136)
1 (45.442614564108474,-73.34730297341429)
1 (45.571415888691035,-73.70507532191712)
1 (45.42062729126557,-73.71885338948182)
1 (45.308195250614986,-73.50529992882583)
1 (45.51643115522449,-73.3026602193329)
1 (45.5969853591901,-73.72771396245727)
1 (45.2610612916311,-73.3208974546637)
1 (45.71773339581601,-73.59794246895805)
1 (45.31700886704721,-73.41248183692537)
1 (45.38860727163559,-73.43347457083301)
1 (45.25843766789658,-73.51211161052152)
1 (45.721354797794866,-73.26786885627502)
1 (45.657713749259344,-73.40505943095393)
1 (45.292065492600216,-73.42676709226255)
1 (45.602408837390655,-73.56927632502418)
1 (45.52791181262452,-73.51859191157759)
1 (45.579926615550896,-73.302594103954)
1 (45.30624759350597,-73.49372152729663)
1 (45.37051421374066,-73.50341947374129)
1 (45.498866700003035,-73.35122795313683)
1 (45.683659430005854,-73.32829281736018)
1 (45.67127630312189,-73.73193295556366)
1 (45.25773771723676,-73.289040997256)
1 (45.26451455239149,-73.53057900981284)
1 (45.51826094781724,-73.67598308691136)
1 (45.34534332530272,-73.28833034050486)
1 (45.656193514320094,-73.50175429314712)
1 (45.4095725951549,-73.48961242104394)
1 (45.644539513821414,-73.4527928925439)
1 (45.26282363640395,-73.4844659221999)
1 (45.25876794649645,-73.61239135965506)
1 (45.683214058754565,-73.58913433557726)
1 (45.6046312669316,-73.48044259171337)
1 (45.3912485276827,-73.48352223448951)
1 (45.485545953566046,-73.56061821454414)
1 (45.31362478119925,-73.3244543491068)
1 (45.66094176944547,-73.51569581693686)
1 (45.72971529477821,-73.52833343801151)
1 (45.65685005950456,-73.60610796762863)
1 (45.63216067102303,-73.44583787092148)
1 (45.29048934283443,-73.32551614277091)
1 (45.51631191036205,-73.65471801653246)
1 (45.461719998643154,-73.33031788048592)
1 (45.33718402880971,-73.33454324738737)
1 (45.54597802840656,-73.42747649929183)
1 (45.537134697535826,-73.65941953936729)
1 (45.39566111381254,-73.53691769869141)
1 (45.35265709222504,-73.35124047451055)
1 (45.519928517780876,-73.68096806141409)
1 (45.55447709047194,-73.47695252609354)
1 (45.46648974938526,-73.67391595890233)
1 (45.36157062003731,-73.74860838956918)
1 (45.27319497529004,-73.28975565444361)
1 (45.49676774201912,-73.49465017968208)
1 (45.59210364794658,-73.27553114261802)
1 (45.71928595831873,-73.61490718523704)
1 (45.71419602646867,-73.65142640892655)
1 (45.677835926932566,-73.71021092366827)
1 (45.73900551019827,-73.29685458383479)
1 (45.57686845273683,-73.69032314736285)
1 (45.54018800238259,-73.36427864186103)
1 (45.43808260848378,-73.51104052811212)
1 (45.475407909364804,-73.58935202104927)
1 (45.66949050484209,-73.2728824784542)
1 (45.476908464361614,-73.57719778301367)
1 (45.72513497182363,-73.72968687545487)
1 (45.737747552068356,-73.64025062259725)
1 (45.349982303899054,-73.30573110430535)
1 (45.67791829633147,-73.74306623772668)
1 (45.25656287008478,-73.50466402063599)
1 (45.73443714772247,-73.57385839440865)
1 (45.572608386880766,-73.61257730719076)
1 (45.26997034832956,-73.71125405338658)
1 (45.53223507972942,-73.3509626226546)
1 (45.53568294174081,-73.28786284759396)
1 (45.65714818855907,-73.62309408678924)
1 (45.6557328923229,-73.46973727721449)
1 (45.58889360623728,-73.71954341311545)
1 (45.523196014423405,-73.47265576416252)
1 (45.288358618826386,-73.30507808853532)
1 (45.310195832934724,-73.72239088372513)
1 (45.51452412662979,-73.70011086462497)
1 (45.49862556100416,-73.63673096436523)
1 (45.330896885061144,-73.39516204154076)
1 (45.43208800497882,-73.36200313343765)
1 (45.36510070189191,-73.3964635941925)
1 (45.374542139238216,-73.6362020219949)
1 (45.66478163765048,-73.39487751970586)
1 (45.43663352648492,-73.27455822255867)
1 (45.251282856963414,-73.37871863097449)
1 (45.49679918569442,-73.58148655174067)
1 (45.37147054844898,-73.67386486758062)
1 (45.40097539382796,-73.28533413364956)
1 (45.487643239592124,-73.49170635546295)
1 (45.272100761054645,-73.3692043390295)
1 (45.72563250087005,-73.39702731693696)
1 (45.69859447018377,-73.43236257307534)
1 (45.32200384768757,-73.6738329004549)
1 (45.39960373990342,-73.46233579861571)
1 (45.57269246041027,-73.36742599032577)
1 (45.6840518937365,-73.6277977897633)
1 (45.387459062544636,-73.31570701089312)
1 (45.630382572947624,-73.41668787961466)
1 (45.297227185677094,-73.25171276915117)
1 (45.41438320214669,-73.64274123929981)
1 (45.644663607960695,-73.56282817154222)
1 (45.60358467696248,-73.52671421989082)
1 (45.712289904599515,-73.52989791997608)
1 (45.51847204696835,-73.72606892887136)
1 (45.70696341557084,-73.34163287665541)
1 (45.43310463628261,-73.33873638810026)
1 (45.32474203021026,-73.38624921444793)
1 (45.450731947260905,-73.54280834374882)
1 (45.56594778837093,-73.26319592137627)
1 (45.343605394069186,-73.65461316158344)
1 (45.556670163613965,-73.63311964889957)
1 (45.490423855501504,-73.49261173494126)
1 (45.36000069746669,-73.43388363000953)
1 (45.27971439737988,-73.52390466723286)
1 (45.627966313243356,-73.63450037608024)
1 (45.47293797386767,-73.34387282145529)
1 (45.45342954813923,-73.57725585992668)
1 (45.537222937602245,-73.5975782478497)
1 (45.43014967115023,-73.57109592899432)
1 (45.364367694578675,-73.49403358620347)
1 (45.71874941790336,-73.74651358075653)
1 (45.59011688497092,-73.59130295934497)
1 (45.346507901510286,-73.26371855419362)
1 (45.41570402413444,-73.5416282003713)
1 (45.5397009871649,-73.28178913212214)
1 (45.41226666757358,-73.48137960972831)
1 (45.59863621130811,-73.64679841785144)
1 (45.257978339063406,-73.73061083351749)
1 (45.67758019868119,-73.54157574723261)
1 (45.71760499531454,-73.43135310740394)
1 (45.32445212485372,-73.35880675155853)
1 (45.424681911249216,-73.70251432088682)
1 (45.26845779565035,-73.31259341206368)
1 (45.66762013081224,-73.32235411539884)
1 (45.717764369932674,-73.29138866764166)
1 (45.4127900616235,-73.36698645638656)
1 (45.34386694227152,-73.67738788212883)
1 (45.719992950654465,-73.63521674551485)
1 (45.68447366685611,-73.31400257310885)
1 (45.5187192201072,-73.57625090133185)
1 (45.392536908963685,-73.49395973658494)
1 (45.417206064648816,-73.30741935981044)
1 (45.5954839436966,-73.2658630647594)
1 (45.31054494802805,-73.66403950348835)
1 (45.60575111176697,-73.51672031030098)
1 (45.53895280063324,-73.56289517242548)
1 (45.34140163114047,-73.68198412652895)
1 (45.72280911521499,-73.28454294573683)
1 (45.573907417333395,-73.56307140971033)
1 (45.66717450502354,-73.58775961112147)
1 (45.51910163847366,-73.59511958238828)
1 (45.38524426192008,-73.36192653751431)
1 (45.326859133416214,-73.5049056940538)
1 (45.33755410449819,-73.30000130663927)
1 (45.70523775726388,-73.63039766684452)
1 (45.42174332659285,-73.33595811678579)
1 (45.73561447333026,-73.73932460920736)
1 (45.57629401019382,-73.33618357611424)
1 (45.39677581485947,-73.48444644657097)
1 (45.580902944746335,-73.26429487197532)
1 (45.417972932918865,-73.66787065511872)
1 (45.74600673822002,-73.25320330962931)
1 (45.323627707972626,-73.25580724206196)
1 (45.684468213092224,-73.71697592122538)
1 (45.415676439280226,-73.588570989531)
1 (45.749546026118246,-73.31815405536534)
1 (45.46346430691647,-73.46843263010176)
1 (45.50500732162493,-73.27366770055743)
1 (45.53565360920603,-73.28008920489663)
1 (45.26560685260119,-73.63434026830849)
1 (45.71378552095124,-73.50506612006454)
1 (45.3091439664584,-73.30920874125735)
1 (45.372935077167995,-73.43228205391742)
1 (45.314922367440076,-73.72648952169934)
1 (45.301325481781326,-73.54230026737409)
1 (45.42767578590794,-73.62800108549922)
1 (45.65781817492582,-73.45245819530702)
1 (45.58088584453824,-73.58320963500765)
1 (45.63387116173555,-73.45411011969941)
1 (45.33890691516019,-73.38279480504681)
1 (45.694858896515186,-73.55163554522166)
1 (45.53342583269664,-73.52973749899103)
1 (45.42457235014481,-73.52565892685311)
1 (45.37652274928649,-73.58841287577192)
1 (45.286269494019095,-73.39009451084694)
1 (45.52996259848313,-73.67902657769837)
1 (45.54382125602068,-73.69417284978135)
1 (45.29833505837171,-73.41596301066451)
1 (45.65729962670555,-73.43652352394805)
1 (45.692273964930564,-73.58421985680046)
1 (45.67877980583537,-73.40868174489847)
1 (45.577225637645995,-73.32808345447911)
1 (45.52617932325305,-73.57005418439878)
1 (45.483098741058576,-73.59055520693292)
1 (45.50563281137444,-73.57542274052871)
1 (45.40061653580844,-73.49076961463908)
1 (45.58620182493311,-73.3294825022776)
1 (45.53130582731751,-73.25974996496122)
1 (45.70464500568219,-73.43070347681689)
1 (45.489795033254644,-73.27232833410245)
1 (45.292524453987575,-73.58897341070997)
1 (45.37945709136653,-73.61491167577607)
1 (45.273100245005544,-73.5580220648723)
1 (45.47542143202341,-73.51500678139391)
1 (45.471265586245536,-73.31454530999169)
1 (45.45259212536149,-73.32902177890254)
1 (45.71620087848186,-73.64124037201191)
1 (45.690547929757265,-73.63984272252837)
1 (45.393475972800594,-73.43063140166511)
1 (45.6720631840554,-73.3550391862563)
1 (45.32100541583826,-73.42060775219672)
1 (45.36747652400833,-73.52028309415151)
1 (45.581562366858705,-73.70101496423844)
1 (45.263248172743424,-73.37067066571555)
1 (45.34348273699174,-73.69343192911073)
1 (45.34978417075526,-73.4351178475136)
1 (45.74074171920366,-73.40343511687847)
1 (45.43096997317919,-73.28585476450073)
1 (45.56376079127868,-73.57619405784392)
1 (45.55584331110084,-73.28627575535914)
1 (45.33310399152293,-73.45216027864626)
1 (45.70145021863827,-73.43600628016246)
1 (45.289648048829186,-73.61990460184798)
1 (45.55516589688386,-73.64202924448114)
1 (45.43686176535904,-73.49782588823282)
1 (45.35462559391416,-73.45906808395054)
1 (45.513505789650736,-73.74549722621505)
1 (45.743899010548255,-73.54115491994531)
1 (45.658364722006304,-73.40883348373045)
1 (45.49565479749942,-73.72941718888052)
1 (45.55254929549628,-73.34105725081601)
1 (45.73080023608013,-73.36859689961265)
1 (45.48945713013995,-73.41360791973862)
1 (45.43944432741928,-73.59667198275433)
1 (45.62765621262028,-73.73768186062298)
1 (45.67002084282822,-73.4881796510423)
1 (45.627756487277914,-73.55800960154808)
1 (45.70702117954136,-73.55244738806684)
1 (45.46075999031052,-73.65576859812647)
1 (45.40202505450229,-73.69291723706193)
1 (45.402431477939366,-73.50719864408674)
1 (45.55758060120241,-73.32310498453839)
1 (45.59590680113489,-73.58852935379811)
1 (45.38897331242808,-73.40846594148432)
1 (45.573057219511675,-73.59624777204155)
1 (45.60503700760232,-73.26154476307299)
1 (45.27405376955978,-73.46452647264161)
1 (45.555897861232786,-73.46026699871784)
1 (45.394126133778386,-73.40880095452141)
1 (45.692906200080785,-73.28608564001479)
1 (45.31668691860469,-73.30602800279325)
1 (45.2739986666224,-73.58992646953044)
1 (45.462792359240694,-73.53807444538894)
1 (45.326347019804075,-73.48948133717222)
1 (45.59833668726671,-73.47497893145712)
1 (45.34738780343512,-73.28137899789039)
1 (45.49242802355851,-73.5594973530115)
1 (45.585190534999036,-73.41611873785605)
1 (45.31306939485175,-73.47338518454188)
1 (45.489610483819746,-73.33238235330785)
1 (45.27956937692519,-73.61928841428431)
1 (45.56678492878939,-73.38044544733549)
1 (45.3650325682763,-73.63990737312037)
1 (45.40127080784375,-73.48188976554653)
1 (45.25683088590999,-73.41826591413722)
1 (45.53248411499096,-73.57467344071566)
1 (45.33813242279471,-73.45946122326588)
1 (45.68509038030298,-73.27884668418349)
1 (45.64936555307792,-73.74518772712608)
1 (45.5566083867566,-73.588805798587)