750 750
101 (45.5,-73.5)
1 (45.62492149789761,-73.57762131103338)
1 (45.4597278872136,-73.25295907046906)
1 (45.377449498591076,-73.5889181429236)
1 (45.60170502484468,-73.34103322345989)
1 (45.41977465315482,-73.48662530363552)
1 (45.658687831637565,-73.32297996944901)
1 (45.472768841858446,-73.73371854544334)
1 (45.56893711452244,-73.29154735596155)
1 (45.40643148162739,-73.72477525780046)
1 (45.62564648134392,-73.25306125000873)
1 (45.400987183933886,-73.61695874524673)
1 (45.497428650615106,-73.68781772909503)
1 (45.59498336424906,-73.30603314283432)
1 (45.74252314227572,-73.34271747314322)
1 (45.308171754806274,-73.60354578537284)
1 (45.711394094030275,-73.4643791373932)
1 (45.388383166922054,-73.47160728466157)
1 (45.45162500031461,-73.41094854141933)
1 (45.33365622453307,-73.70636723258224)
1 (45.338880455543254,-73.2951765088622)
1 (45.58355580000233,-73.73032660406783)
1 (45.658193485125224,-73.51006839168234)
1 (45.256918521757974,-73.65704567357159)
1 (45.2509500142935,-73.67151388145854)
1 (45.63718772760095,-73.52959961736487)
1 (45.62468045445107,-73.67978613437924)
1 (45.37105158778345,-73.60630140952428)
1 (45.595131906965285,-73.25365462787357)
1 (45.65127357559602,-73.2737550838784)
1 (45.59308216381972,-73.4270869276276)
1 (45.600405316606604,-73.60822016913626)
1 (45.72197063922338,-73.61911958624911)
1 (45.65849787735327,-73.28156098163055)
1 (45.49665924924853,-73.49245921664513)
1 (45.504977732023704,-73.41772272544893)
1 (45.42849954303541,-73.40573012511378)
1 (45.41253024388524,-73.6497189526629)
1 (45.74737087044794,-73.33801525786515)
1 (45.43913356653005,-73.50553328505734)
1 (45.56746753320012,-73.72244291564773)
1 (45.513311956469224,-73.3641308956469)
1 (45.71035102977199,-73.6680518824532)
1 (45.257228416055305,-73.56994354620113)
1 (45.69614710103153,-73.57602335388395)
1 (45.32241204866158,-73.37573467958916)
1 (45.60175522558908,-73.6675982956155)
1 (45.58371642291924,-73.6996692682295)
1 (45.56355173088016,-73.4366044841846)
1 (45.74853124453241,-73.73270581646597)
1 (45.67130572726861,-73.51949783288704)
1 (45.290319843587284,-73.71709625267303)
1 (45.35989085998055,-73.44017825111678)
1 (45.60823162261777,-73.73582195856133)
1 (45.65586329145532,-73.63557046606435)
1 (45.44783839773158,-73.60621262684235)
1 (45.27709058593275,-73.60106603909956)
1 (45.39197027183066,-73.45878715892545)
1 (45.61535371486027,-73.41240305075158)
1 (45.645176751451466,-73.30452422960362)
1 (45.554208044866435,-73.28241536792478)
1 (45.39051502862006,-73.3503126601452)
1 (45.38737727048297,-73.69731417151478)
1 (45.693168027433934,-73.51325009083354)
1 (45.30656781733247,-73.54776949118197)
1 (45.26182038653043,-73.50975120572312)
1 (45.52182903878879,-73.52504029721607)
1 (45.35577169118263,-73.55509475577551)
1 (45.562448363201526,-73.3917569333279)
1 (45.74344177548476,-73.60308166533294)
1 (45.68185840799877,-73.56069035211735)
1 (45.376223754524794,-73.68389440482096)
1 (45.55614657066834,-73.72294780556362)
1 (45.340566313119034,-73.26104086021526)
1 (45.622495825796534,-73.55951546375377)
1 (45.69071750023825,-73.62543369502622)
1 (45.45124870003817,-73.34692362706005)
1 (45.44473802805101,-73.67619956252065)
1 (45.48327485681735,-73.52904071376983)
1 (45.347192896250654,-73.50372999449257)
1 (45.29293566210758,-73.57260780834471)
1 (45.463355936808085,-73.49077930526873)
1 (45.25617780331252,-73.65410587996125)
1 (45.27181274306568,-73.68208217061269)
1 (45.61315091554133,-73.43990334830231)
1 (45.665022873713966,-73.44200724867736)
1 (45.41523283532086,-73.42036197708889)
1 (45.650703711692316,-73.42318053253071)
1 (45.73745896403594,-73.4416848680739)
1 (45.57082322076591,-73.6068055271887)
1 (45.31909094361986,-73.74677042452026)
1 (45.31954043121603,-73.64757501803874)
1 (45.46742273394618,-73.48819179035243)
1 (45.346607827957705,-73.46261240117724)
1 (45.62291074746975,-73.31265189785962)
1 (45.67855066780409,-73.44479835564213)
1 (45.4373278392422,-73.73686940365437)
1 (45.27636409599133,-73.3561317084473)
1 (45.560879228279376,-73.63983149518162)
1 (45.27551981016294,-73.3664411616312)
1 (45.56908183938487,-73.28570494416577)
1 (45.52174935909578,-73.34680777931736)
1 (45.58569661119685,-73.36542726385365)
1 (45.324372729317126,-73.40547578857324)
1 (45.67411679873559,-73.60310530435709)
1 (45.49786572243505,-73.2668225003889)
1 (45.476353521633285,-73.51582894580456)
1 (45.551911201650576,-73.44112586643634)
1 (45.37612301094425,-73.44236343018451)
1 (45.32035456260443,-73.71441147100462)
1 (45.65052841893033,-73.46741369292715)
1 (45.39028487739796,-73.30357831178041)
1 (45.65344223045917,-73.3637602135128)
1 (45.403888625904855,-73.57229617218707)
1 (45.542933609268566,-73.65454581536275)
1 (45.657774113912325,-73.48783483190873)
1 (45.424948434790345,-73.36234872178507)
1 (45.41714001857616,-73.51802892442473)
1 (45.53593778414816,-73.46040730317957)
1 (45.495462659621765,-73.42099960628313)
1 (45.72824423242684,-73.47446772431132)
1 (45.424302139163125,-73.36804762487688)
1 (45.55379334556046,-73.60120597930235)
1 (45.45237835526458,-73.56230020562374)
1 (45.66400112257914,-73.61103127151979)
1 (45.668243694457956,-73.47223698448495)
1 (45.55679659456731,-73.68930831105203)
1 (45.736679968700805,-73.49013849432637)
1 (45.40527162851496,-73.74064137222426)
1 (45.57537289017164,-73.2507933263423)
1 (45.29670887676856,-73.53584360776797)
1 (45.275468326164244,-73.50546843878264)
1 (45.695601492032814,-73.42057045447109)
1 (45.687290023459234,-73.34018966208478)
1 (45.31976688430919,-73.62832648658518)
1 (45.35079980782416,-73.65579773487406)
1 (45.38477005887532,-73.54866058423859)
1 (45.349306423165274,-73.69003802197226)
1 (45.328610099873046,-73.59384461323575)
1 (45.704480404048326,-73.45911003193888)
1 (45.67598697184599,-73.58418640694913)
1 (45.610908080398474,-73.32764586345711)
1 (45.639453764853904,-73.33335842485822)
1 (45.62921834435726,-73.48200472236225)
1 (45.38337323065102,-73.36072844706536)
1 (45.418241926477585,-73.38206343332675)
1 (45.59583512990817,-73.38765985286031)
1 (45.688713536439565,-73.30135113741821)
1 (45.62355485816439,-73.4891038387642)
1 (45.303702925769066,-73.33441898644753)
1 (45.42526150046494,-73.47053678634589)
1 (45.33426193525153,-73.25375400303056)
1 (45.49019724331361,-73.72340135765343)
1 (45.402700167701155,-73.3363387473728)
1 (45.65008792853015,-73.47969029787721)
1 (45.31045282997658,-73.25212705941055)
1 (45.3853082251958,-73.5381675024241)
1 (45.25268000999089,-73.3132483874573)
1 (45.28895273926021,-73.67095134600616)
1 (45.36753738865978,-73.32367173176631)
1 (45.30613814135843,-73.53979060443714)
1 (45.45448443129172,-73.44435304157659)
1 (45.71009913479739,-73.55634401732378)
1 (45.423046370061826,-73.39855764800855)
1 (45.51150494583246,-73.71012979236842)
1 (45.40112273097993,-73.48609266317041)
1 (45.62291080679718,-73.46154195168123)
1 (45.44023530156981,-73.25360197632902)
1 (45.61637245221424,-73.35543574893252)
1 (45.40403467840813,-73.28086952936754)
1 (45.31898989327231,-73.5532650766614)
1 (45.415935118390436,-73.39024447170864)
1 (45.28850990796671,-73.50861002347945)
1 (45.671923186014126,-73.66784493705455)
1 (45.39910517765601,-73.52216331358092)
1 (45.495386506983984,-73.5011149024831)
1 (45.34606098131332,-73.40784990081451)
1 (45.72223479860316,-73.38760174890926)
1 (45.34733890668729,-73.48173427306806)
1 (45.356635944239315,-73.55449002541984)
1 (45.679850273762916,-73.54972564591496)
1 (45.430365898103325,-73.44746990104186)
1 (45.43876006914154,-73.5188217254312)
1 (45.63207170142507,-73.40093677670868)
1 (45.549255607277075,-73.6897369274533)
1 (45.546672964540804,-73.28931153498962)
1 (45.59195256043799,-73.70624179308268)
1 (45.2596777932418,-73.68143863497866)
1 (45.4254739346226,-73.5383954297904)
1 (45.636364818611796,-73.47656276512575)
1 (45.40272610122446,-73.26308363905673)
1 (45.28158413728454,-73.69130197648026)
1 (45.6810093342621,-73.27588045262347)
1 (45.52235517542193,-73.49232893421747)
1 (45.72033820458557,-73.42323169201877)
1 (45.73249093776848,-73.72913937482)
1 (45.54921100910592,-73.38331434776414)
1 (45.436153378890666,-73.61533011859983)
1 (45.25255519036013,-73.44765607377114)
1 (45.385545488046596,-73.33522670636502)
1 (45.40268936677348,-73.66370476732052)
1 (45.706871814029554,-73.715493985295)
1 (45.31088052258747,-73.591018310631)
1 (45.74824944674998,-73.69853079391275)
1 (45.52443857379916,-73.70060046472516)
1 (45.443427639349075,-73.68599263215773)
1 (45.43227843504075,-73.70813898350933)
1 (45.32597480070642,-73.38670474404056)
1 (45.670493344781015,-73.37750765641006)
1 (45.290017459537644,-73.60352040534396)
1 (45.738721079888805,-73.56087448374859)
1 (45.29566662534717,-73.42834752819172)
1 (45.34794843713863,-73.45611367439538)
1 (45.4599426588985,-73.58360963438194)
1 (45.520887250126265,-73.26094939916284)
1 (45.35731061361356,-73.65182497408863)
1 (45.35716870561077,-73.5863650107245)
1 (45.37786375864301,-73.67278100719687)
1 (45.65734091453883,-73.65929172341474)
1 (45.65574376347032,-73.5599488106612)
1 (45.27201805677364,-73.49644629402286)
1 (45.38556188732999,-73.49432558124776)
1 (45.605517537612265,-73.36741755100918)
1 (45.29038614660832,-73.39481081759807)
1 (45.65693519868902,-73.48570742204765)
1 (45.591285381097386,-73.73951520900667)
1 (45.32584638962446,-73.47141220144337)
1 (45.55547187649748,-73.4220688158405)
1 (45.444684581842154,-73.71858550598962)
1 (45.5677597706141,-73.47103838511512)
1 (45.62533703167063,-73.37405475144287)
1 (45.678357649132764,-73.33898150914823)
1 (45.52361043020397,-73.69256853374459)
1 (45.72893919747538,-73.5804582375685)
1 (45.53195797597006,-73.5756326096243)
1 (45.44848659837952,-73.585488894431)
1 (45.70822206858794,-73.62824775436782)
1 (45.340577394034796,-73.61648962928486)
1 (45.436135732281386,-73.5789932876028)
1 (45.25458591749228,-73.7126353068544)
1 (45.39193867982912,-73.40450539663102)
1 (45.74469647428739,-73.57589228984942)
1 (45.36070235625902,-73.4793799683574)
1 (45.672676230857185,-73.33763173173178)
1 (45.30582170168116,-73.53688495858827)
1 (45.50303134569664,-73.62377666439454)
1 (45.34561953548895,-73.67459805194959)
1 (45.372470821080086,-73.5898545423433)
1 (45.432122702660934,-73.57219057303736)
1 (45.2895283211307,-73.585119589396)
1 (45.558807526476805,-73.50605920862718)
1 (45.73474292271316,-73.32707728451814)
1 (45.74647528573784,-73.64736259265041)
1 (45.486975602964854,-73.42428651587319)
1 (45.36940686284266,-73.51625014548642)
1 (45.69723907225818,-73.27623254418602)
1 (45.58755872871236,-73.33567617905723)
1 (45.56784413283383,-73.30435722213586)
1 (45.744801069764144,-73.38317270240603)
1 (45.47171689337733,-73.62800069382298)
1 (45.57806177234519,-73.27830968575265)
1 (45.46441663927861,-73.69305180734571)
1 (45.45772853961577,-73.4673023083368)
1 (45.39968504990463,-73.48952243851362)
1 (45.645774566829964,-73.47432986125499)
1 (45.25828324638608,-73.35705397881576)
1 (45.714811554251554,-73.28161164835458)
1 (45.33942391322695,-73.4745319985325)
1 (45.31863691572483,-73.47714065866185)
1 (45.64428158369953,-73.4615283758871)
1 (45.44283075416508,-73.57020626336094)
1 (45.60186476230927,-73.585207830541)
1 (45.59257089126571,-73.62044251784272)
1 (45.74895966736623,-73.36662893213021)
1 (45.594073036248886,-73.55611930909318)
1 (45.57790578353658,-73.41503775782967)
1 (45.29592609056167,-73.27174905170101)
1 (45.50863954867937,-73.58779494792981)
1 (45.45708110215628,-73.2938118796789)
1 (45.32474296059319,-73.57699535582285)
1 (45.49936551346309,-73.48650797666795)
1 (45.437159966452946,-73.26163202793725)
1 (45.5841327172184,-73.43692617827595)
1 (45.50379399861707,-73.63632454150724)
1 (45.645020216118944,-73.3108731331793)
1 (45.73837606271693,-73.33417451447143)
1 (45.57177783113921,-73.60683821942969)
1 (45.68779334677322,-73.70222911986826)
1 (45.693740940806016,-73.35617454433066)
1 (45.343494282687146,-73.56332641861523)
1 (45.555761698652326,-73.4225569396317)
1 (45.679636556615904,-73.7077643067769)
1 (45.71427477546366,-73.64313335473705)
1 (45.57832064888247,-73.30227771478162)
1 (45.40666212528537,-73.62751658325118)
1 (45.61055193235021,-73.2822269851359)
1 (45.46319495783498,-73.58886844505585)
1 (45.29050043721151,-73.40569279560569)
1 (45.737568890734,-73.62380938560958)
1 (45.71017783329738,-73.4953416280466)
1 (45.62941202293469,-73.38474173183648)
1 (45.39182748587955,-73.4754680684207)
1 (45.46013359047532,-73.599405208028)
1 (45.266123484091636,-73.62753876128889)
1 (45.54209435286493,-73.38808901893671)
1 (45.395701176113725,-73.53785547899832)
1 (45.25031798910109,-73.30890517269502)
1 (45.41559164918758,-73.49562281319413)
1 (45.26582627182003,-73.52588305626622)
1 (45.6548092373262,-73.6187489698885)
1 (45.41016884660358,-73.4433760453166)
1 (45.53664114268988,-73.73812625028076)
1 (45.63183181608204,-73.58337601109895)
1 (45.62911456099968,-73.55893048395029)
1 (45.73694767244769,-73.39981241712127)
1 (45.631667384798014,-73.33964689516064)
1 (45.37909231067206,-73.62576797418696)
1 (45.63922400827686,-73.2860727476518)
1 (45.63594317867235,-73.63577328889583)
1 (45.72067910626295,-73.5484651947013)
1 (45.70418587128348,-73.67594849357592)
1 (45.685217496121,-73.63529540375245)
1 (45.33829482352493,-73.66974024646036)
1 (45.386949296664625,-73.71673850258973)
1 (45.643676944535464,-73.64635799304835)
1 (45.53601537310623,-73.68507147090067)
1 (45.71015540686147,-73.6627438414337)
1 (45.74261853888505,-73.46756905860158)
1 (45.33788402379953,-73.39801587810481)
1 (45.41936228402332,-73.45028116542153)
1 (45.26452094862884,-73.39180517670859)
1 (45.706828918718415,-73.46824262068776)
1 (45.34985368716491,-73.67476232424485)
1 (45.26750556788679,-73.64920960461662)
1 (45.61205585264011,-73.30073960478545)
1 (45.61396648435488,-73.46393471157899)
1 (45.33836900166344,-73.53576059143612)
1 (45.59864643695811,-73.6362857062475)
1 (45.71224166519012,-73.688869311141)
1 (45.294590575064476,-73.60118114917329)
1 (45.50882055580365,-73.28430659503807)
1 (45.73924185098566,-73.46735867314004)
1 (45.41117735994196,-73.47319170940769)
1 (45.39662796774093,-73.44540998259419)
1 (45.39076807885306,-73.2659928639158)
1 (45.71723553171644,-73.43930947071291)
1 (45.37735939530172,-73.33455055837538)
1 (45.33941006004892,-73.47183145475583)
1 (45.616020949896615,-73.28427347072395)
1 (45.281295886594194,-73.32079366774133)
1 (45.671769583745345,-73.43335658230525)
1 (45.41813122882435,-73.68398310959759)
1 (45.49606557373665,-73.25647715822892)
1 (45.62613922336866,-73.36591285071891)
1 (45.31359905284263,-73.2554045753478)
1 (45.70130641483316,-73.3892267058026)
1 (45.32266779627725,-73.60831511626395)
1 (45.52901631137809,-73.57761139563591)
1 (45.32793622195831,-73.52333382743403)
1 (45.4888060911647,-73.53549401418442)
1 (45.44047850409634,-73.2799306667127)
1 (45.72744034712965,-73.56259539402943)
1 (45.3867470184958,-73.48427867734355)
1 (45.723046819101995,-73.38857812702884)
1 (45.26547060692549,-73.59153753090838)
1 (45.49323448797299,-73.69457069966306)
1 (45.27947555196151,-73.2592561607034)
1 (45.37091537365641,-73.704267472059)
1 (45.54803526834401,-73.59169355313898)
1 (45.482977179129904,-73.67759698582421)
1 (45.57459310836222,-73.31483758469842)
1 (45.41900465378485,-73.4246190959807)
1 (45.30456586280403,-73.38625682659185)
1 (45.56992322553365,-73.47635454490265)
1 (45.45842396261002,-73.49265097117019)
1 (45.749739527115054,-73.30266824263829)
1 (45.466357513117266,-73.32107109915341)
1 (45.48747883001562,-73.45512088787702)
1 (45.36257571125996,-73.40726106950002)
1 (45.29097061930617,-73.73487115954165)
1 (45.419650399672854,-73.26642726011127)
1 (45.739308783986296,-73.44225393870273)
1 (45.61630267168374,-73.39797401878863)
1 (45.45661433570598,-73.45557787839776)
1 (45.735645123925366,-73.6263478038003)
1 (45.3561537303995,-73.31197860928171)
1 (45.485130090982615,-73.59511343150888)
1 (45.520917054651285,-73.62283188478102)
1 (45.51431795606918,-73.57074126123045)
1 (45.70443591238975,-73.55027382940409)
1 (45.582067580357766,-73.53631477325285)
1 (45.69392178379825,-73.6997936274669)
1 (45.39086437237284,-73.36347324614314)
1 (45.6767312491405,-73.64665669440804)
1 (45.262739745484055,-73.64338491133266)
1 (45.29071532686261,-73.41108460002364)
1 (45.378598857376076,-73.53440126672116)
1 (45.71918605179037,-73.52866077141998)
1 (45.74076217156033,-73.745273792538)
1 (45.51203401001261,-73.42834906812125)
1 (45.34713911192734,-73.51841988606964)
1 (45.27595644817776,-73.63080535730651)
1 (45.284690931022595,-73.70770494772108)
1 (45.47880633939493,-73.31433002986626)
1 (45.55970280990261,-73.25956343112125)
1 (45.355748616889336,-73.56485252430954)
1 (45.48287362730697,-73.60501190644659)
1 (45.28821038944185,-73.62975666516061)
1 (45.318345100462835,-73.65321273995117)
1 (45.550537985094685,-73.73314899609012)
1 (45.68753030283606,-73.74472726780597)
1 (45.48382427481374,-73.48233975335987)
1 (45.39096480870074,-73.57445324028717)
1 (45.461545494357736,-73.60184949271236)
1 (45.37439204952712,-73.73047127594069)
1 (45.45744777012044,-73.672172214646)
1 (45.518907602315025,-73.615630882728)
1 (45.61254907773137,-73.72581863572151)
1 (45.2792257207763,-73.62368694067132)
1 (45.425173240285936,-73.46283158594109)
1 (45.42899422989958,-73.53115300166337)
1 (45.55560851565589,-73.49200811517761)
1 (45.29757272850339,-73.63976834688637)
1 (45.74528383021599,-73.38248113601698)
1 (45.39880187869351,-73.26258092915702)
1 (45.49928164632952,-73.42310615391938)
1 (45.2590300597159,-73.68912924151657)
1 (45.470557311326246,-73.33426682923307)
1 (45.549026925017806,-73.29206118519194)
1 (45.41441025080871,-73.25825599699687)
1 (45.31240166381495,-73.44875865723218)
1 (45.65255350006301,-73.6703066451172)
1 (45.66175698740855,-73.44714223717716)
1 (45.69755356987978,-73.40264043547042)
1 (45.28304830412363,-73.52481041954549)
1 (45.540463470885435,-73.25856939244116)
1 (45.44848061900263,-73.655023611137)
1 (45.59714773943221,-73.71272908133858)
1 (45.48876409564077,-73.64177354605047)
1 (45.44209863157835,-73.44693981185311)
1 (45.316662627416726,-73.51928415749255)
1 (45.732469045495684,-73.45898542886974)
1 (45.62550765486265,-73.6687702913493)
1 (45.63959782748503,-73.7037667667171)
1 (45.3087132357411,-73.46713660030791)
1 (45.660479453309215,-73.68283051968265)
1 (45.45931624386333,-73.66852872346338)
1 (45.377430635661405,-73.58919151366217)
1 (45.51217912876839,-73.5902549829216)
1 (45.57063212159479,-73.53965998980584)
1 (45.685730786047024,-73.52957680507058)
1 (45.565274847903005,-73.58655288601918)
1 (45.364984519847475,-73.67722194884553)
1 (45.31271539738189,-73.59471157310603)
1 (45.44306009478523,-73.61720469772818)
1 (45.463346396778306,-73.69816619165775)
1 (45.40455053207759,-73.31064292906271)
1 (45.58781325960052,-73.41357970893033)
1 (45.59081226313254,-73.25374236300632)
1 (45.74275977949915,-73.58477287074307)
1 (45.634620675329785,-73.27697375364853)
1 (45.257460248578276,-73.66417430972602)
1 (45.48962141799794,-73.71369910791067)
1 (45.43849718533323,-73.40295756963873)
1 (45.30862090280074,-73.41210890413275)
1 (45.35106918120993,-73.32192050412058)
1 (45.64399802910959,-73.29431213734341)
1 (45.437564228652306,-73.36982968765108)
1 (45.55338215897149,-73.380777114517)
1 (45.476709677759246,-73.4449961616314)
1 (45.69423077125881,-73.39705091371803)
1 (45.26991079506962,-73.45926619812771)
1 (45.3820535934766,-73.2627911611107)
1 (45.46531564732463,-73.36140419702716)
1 (45.36876808918313,-73.43062415178387)
1 (45.59469472767166,-73.50901257336277)
1 (45.27003461725222,-73.69419882104631)
1 (45.70339980635696,-73.484676419532)
1 (45.63340775787198,-73.72103646111738)
1 (45.39946675276428,-73.39293885696559)
1 (45.59275380037979,-73.68638183591149)
1 (45.73435350764649,-73.35000587646572)
1 (45.39862224120297,-73.48924131904965)
1 (45.554854614282135,-73.28774745610033)
1 (45.34912292582955,-73.62114972997391)
1 (45.33340976417733,-73.33760454219275)
1 (45.27134833913274,-73.33193744981729)
1 (45.492324648643354,-73.43842989469356)
1 (45.71949412028967,-73.29487538276629)
1 (45.386347845849265,-73.42508317903868)
1 (45.46256895987777,-73.5160553113324)
1 (45.39759885488027,-73.70176913354481)
1 (45.631948372559734,-73.25971918688104)
1 (45.52701738934466,-73.68565037378397)
1 (45.58701528751717,-73.27248072438087)
1 (45.43730561359688,-73.52218439668908)
1 (45.63574336441972,-73.58498882112706)
1 (45.613760201699904,-73.62392743110712)
1 (45.71631745339908,-73.64956232701802)
1 (45.661442143111394,-73.36921547874938)
1 (45.5057489505302,-73.53668121285305)
1 (45.74980798470665,-73.3161762356206)
1 (45.67193176944092,-73.36194995975129)
1 (45.349226909664694,-73.54094323793538)
1 (45.626698305407245,-73.54825394683282)
1 (45.67773391855808,-73.69673669309114)
1 (45.66917277699164,-73.4453106754552)
1 (45.69092000927243,-73.61264335000932)
1 (45.33108277972982,-73.73067263118669)
1 (45.503036335591034,-73.70747088111423)
1 (45.54867804641157,-73.40246928961818)
1 (45.32318968222215,-73.68496999434703)
1 (45.48951877087041,-73.54478135480024)
1 (45.326932701935895,-73.40201062041714)
1 (45.456634096521995,-73.4015203921092)
1 (45.36060313798081,-73.46096649898689)
1 (45.27741463873085,-73.63404299630868)
1 (45.49344173931903,-73.47160534001533)
1 (45.460091298299616,-73.46145868018476)
1 (45.690819743480596,-73.55619976853144)
1 (45.666765699827955,-73.69069629931599)
1 (45.28083222147939,-73.53436727149699)
1 (45.70869609844027,-73.43587447804438)
1 (45.42606474137249,-73.32131530945271)
1 (45.316905677162836,-73.60337652234614)
1 (45.49251616941049,-73.404710610967)
1 (45.3791685873547,-73.48026128402893)
1 (45.5284615921937,-73.33130985920543)
1 (45.66304238177352,-73.50924658937097)
1 (45.527464864405594,-73.43478173980465)
1 (45.26385350507681,-73.56348228155066)
1 (45.25180112566493,-73.57081838527033)
1 (45.626406156241664,-73.74868571705062)
1 (45.635225622909324,-73.39467725079956)
1 (45.489672929439315,-73.45894265112355)
1 (45.66732550938188,-73.71971233014635)
1 (45.49483881507475,-73.59558213533155)
1 (45.68561758451547,-73.73324666592954)
1 (45.4788086841179,-73.52601455625303)
1 (45.66610532069974,-73.31830607330546)
1 (45.647651452047086,-73.51127706007745)
1 (45.40818453534533,-73.43627683448844)
1 (45.38744252835951,-73.46726173368633)
1 (45.45558772634984,-73.466468392996)
1 (45.42357921077419,-73.54520658280694)
1 (45.681482954816396,-73.5738546631343)
1 (45.38388245284334,-73.62201048255088)
1 (45.692893880498545,-73.58593582067743)
1 (45.55566101980011,-73.3802884462234)
1 (45.57728337136574,-73.50370531185271)
1 (45.25240302800609,-73.73181393445348)
1 (45.52244381773384,-73.65012478645671)
1 (45.721872585912614,-73.39610064255707)
1 (45.48976324121481,-73.57230255583394)
1 (45.43412796164195,-73.4883565816071)
1 (45.41048677660086,-73.66073940733045)
1 (45.38534062088886,-73.49789852400801)
1 (45.30476929045375,-73.53054819766437)
1 (45.741283061703335,-73.54934581467238)
1 (45.29411518174321,-73.52547187248271)
1 (45.722966509704705,-73.33451747034353)
1 (45.68922769471949,-73.25581755393135)
1 (45.60614769778308,-73.58293742130404)
1 (45.68734044751398,-73.36609208745283)
1 (45.566287577949545,-73.4032079407743)
1 (45.70577996596505,-73.74716765104736)
1 (45.35103278211521,-73.27624186786977)
1 (45.51180858896944,-73.66122375866578)
1 (45.40340395413832,-73.4144497428212)
1 (45.58272290941856,-73.73550525497527)
1 (45.59061362807073,-73.6184582892546)
1 (45.544733933494385,-73.50310353171054)
1 (45.61579927034414,-73.66479243097902)
1 (45.59433053140531,-73.62551143299089)
1 (45.50294554679808,-73.64418304274596)
1 (45.50162890779642,-73.62262018231992)
1 (45.748883282524986,-73.54076873121878)
1 (45.63163630956006,-73.36111957472389)
1 (45.33049049155596,-73.69743968013213)
1 (45.39640816744105,-73.71193073793306)
1 (45.74008457573679,-73.65192780355184)
1 (45.66875362787174,-73.6813437755044)
1 (45.597482792927266,-73.65197722753655)
1 (45.446445010137076,-73.44895033135322)
1 (45.65332136482573,-73.46603524242332)
1 (45.45481280671444,-73.60825446827825)
1 (45.654962141725,-73.39838369045094)
1 (45.41515841072499,-73.50301276496538)
1 (45.5936786489245,-73.69448677989443)
1 (45.38659260853781,-73.38389805438091)
1 (45.28980194101011,-73.28356152820336)
1 (45.4097086526053,-73.6759985385973)
1 (45.60111980857633,-73.55098237158928)
1 (45.641924526436014,-73.44795761687402)
1 (45.259061120702,-73.56311223511595)
1 (45.27637973337199,-73.7082273306643)
1 (45.447060661667685,-73.38150774584985)
1 (45.278947844302095,-73.42295138850308)
1 (45.73598755482821,-73.30217650064262)
1 (45.36122664232259,-73.65341177881388)
1 (45.38263431658794,-73.53867016685498)
1 (45.63129369010504,-73.44876594994665)
1 (45.279001260575704,-73.53527726083006)
1 (45.52856570623674,-73.60196932991826)
1 (45.51247471586223,-73.74843530960825)
1 (45.454276156678006,-73.58332109491181)
1 (45.559985440959125,-73.37071217672215)
1 (45.454886022863384,-73.4069891807196)
1 (45.59284718259891,-73.59231215773758)
1 (45.40216862587352,-73.36116302854663)
1 (45.713213464586794,-73.60004265461073)
1 (45.340760182233765,-73.44215115720691)
1 (45.67795394122883,-73.60303280338523)
1 (45.54164340400157,-73.47678304806595)
1 (45.29124004923078,-73.74822605178639)
1 (45.30833241817518,-73.29589325973173)
1 (45.6632428913502,-73.34677384778965)
1 (45.73145287518697,-73.43445830873173)
1 (45.4390845824943,-73.37493820131849)
1 (45.37696218525148,-73.68112500133824)
1 (45.399547609881665,-73.73996663574003)
1 (45.32343015017675,-73.38141184271024)
1 (45.523034902162266,-73.31263288834238)
1 (45.5346015158468,-73.71478313592979)
1 (45.67688684171082,-73.72374285486735)
1 (45.264887480563914,-73.7160883184635)
1 (45.575399465802704,-73.4018853108002)
1 (45.5474839700795,-73.59652692237374)
1 (45.50175148756841,-73.29406252061095)
1 (45.30749047183761,-73.43834291308848)
1 (45.541536191226925,-73.65956639180628)
1 (45.275703656197166,-73.59086956959563)
1 (45.71670726363384,-73.26057123172707)
1 (45.65268628699503,-73.58333963997467)
1 (45.440486065014056,-73.69039465248345)
1 (45.387262137865044,-73.59204287092881)
1 (45.636141224141326,-73.48223355699096)
1 (45.48876390020206,-73.45595649301798)
1 (45.67553947660764,-73.52741280673928)
1 (45.48816156071239,-73.42589190001303)
1 (45.49698011660144,-73.7027893969808)
1 (45.49962455125984,-73.25749386524564)
1 (45.35606372164194,-73.46193564899264)
1 (45.311121967286034,-73.41809653436457)
1 (45.64820889874325,-73.48408022257317)
1 (45.550340531144776,-73.57148345035277)
1 (45.616919471817994,-73.29851635534153)
1 (45.73050114395157,-73.63301683909856)
1 (45.528017278758014,-73.61029208991765)
1 (45.379580460554955,-73.55039429734728)