800 800
101 (45.5,-73.5)
1 (45.546794546953926,-73.34547788466655)
1 (45.49599478635212,-73.56245906575046)
1 (45.602402715983445,-73.71116221058587)
1 (45.253979128400694,-73.52003296975855)
1 (45.461783058475504,-73.32655652938031)
1 (45.70269552440553,-73.41865916084156)
1 (45.56405772498289,-73.72719614430046)
1 (45.664529973940994,-73.59343465469502)
1 (45.38553797312417,-73.27420433584504)
1 (45.64008851521891,-73.56078073657567)
1 (45.71536978977314,-73.7149421805977)
1 (45.270078506746366,-73.26104216948121)
1 (45.72232534868784,-73.34009734358557)
1 (45.28756209647255,-73.4592242530258)
1 (45.584361928595946,-73.36537018172046)
1 (45.41799461780459,-73.29896958077389)
1 (45.73430833150978,-73.33339653095818)
1 (45.34901133158659,-73.47704440517604)
1 (45.44740206324966,-73.48340133016048)
1 (45.69710193811422,-73.71214753662477)
1 (45.55938888073358,-73.67230832327024)
1 (45.3441127641341,-73.62277253495802)
1 (45.55750932650863,-73.55163609412467)
1 (45.60294253708379,-73.30414700031271)
1 (45.630935662942036,-73.30949152493392)
1 (45.39884843260584,-73.30394088655834)
1 (45.5020853685144,-73.3763268878726)
1 (45.520454740827134,-73.3404783038733)
1 (45.48572592941115,-73.56685753537447)
1 (45.50285726554999,-73.48560577473108)
1 (45.738898926051434,-73.68864252785758)
1 (45.35414261971786,-73.64716247464442)
1 (45.571429637097765,-73.69031081830947)
1 (45.626191978972834,-73.53316620499497)
1 (45.48415158520643,-73.44927142728038)
1 (45.2608149215682,-73.36137160001896)
1 (45.28996399438581,-73.30997634628402)
1 (45.71305965935337,-73.39377525759276)
1 (45.251453049752584,-73.47941010472177)
1 (45.564971742750046,-73.42593524705312)
1 (45.638046480368104,-73.36646106830936)
1 (45.695124075926906,-73.64564068096084)
1 (45.46553393889006,-73.41618419160682)
1 (45.561917037723795,-73.29450959408797)
1 (45.431274373402445,-73.43869612621499)
1 (45.29194790931582,-73.3195118612997)
1 (45.6995242143427,-73.36554862965146)
1 (45.53867511400645,-73.68920636926384)
1 (45.72305919907198,-73.28390676697909)
1 (45.491152981140765,-73.27164994554437)
1 (45.70962545043193,-73.50071405305371)
1 (45.46778911246177,-73.62747839092104)
1 (45.6547438389907,-73.27525684428547)
1 (45.72587662326175,-73.26257794532421)
1 (45.566005050853036,-73.72914609500971)
1 (45.45407982483487,-73.31005851046847)
1 (45.59823081116695,-73.29771471873588)
1 (45.39210234951338,-73.27090781155222)
1 (45.30374043578519,-73.42618460214054)
1 (45.63944270312771,-73.33674893525284)
1 (45.577449511794505,-73.53768749839483)
1 (45.473442860550435,-73.44654119920034)
1 (45.64264148559953,-73.60832963424573)
1 (45.39576144626561,-73.59185777298833)
1 (45.57999076154605,-73.47697044027161)
1 (45.6659536527013,-73.48254099013175)
1 (45.449779231269055,-73.29424096847423)
1 (45.261016081981,-73.5160796597953)
1 (45.49523674798708,-73.2765584208889)
1 (45.520555160862706,-73.55997027492025)
1 (45.74354896226057,-73.67649827217559)
1 (45.69866379897947,-73.35661734693547)
1 (45.5403143979861,-73.61086638222469)
1 (45.7456417324103,-73.39499574604365)
1 (45.66309595435417,-73.60216849588433)
1 (45.385370562798364,-73.3623411343695)
1 (45.66020032016783,-73.38790548608779)
1 (45.437455544697706,-73.29255239337117)
1 (45.45193176837824,-73.73522760972213)
1 (45.35717178159878,-73.26578302249872)
1 (45.513305630682,-73.66596210300618)
1 (45.630803416666666,-73.48586633884771)
1 (45.62956944523997,-73.64888341720979)
1 (45.46913993981723,-73.26876245904128)
1 (45.278868500586,-73.45232619359965)
1 (45.687694854383516,-73.41613271992155)
1 (45.650005544514336,-73.47084636488285)
1 (45.74863746219259,-73.62344056358032)
1 (45.6474827343888,-73.44461627184576)
1 (45.66647933690404,-73.48164543254104)
1 (45.47087730354244,-73.57959527169248)
1 (45.347233005491304,-73.27559964340439)
1 (45.481090490000334,-73.65024758644208)
1 (45.43906099974271,-73.66067570659709)
1 (45.582122890379395,-73.72468475874994)
1 (45.42135909399449,-73.41194500611256)
1 (45.25376718513829,-73.69459051968357)
1 (45.44876881548055,-73.28739630601048)
1 (45.66797306107036,-73.31914129222012)
1 (45.39678934449874,-73.62822579692242)
1 (45.50962682337121,-73.50336606730095)
1 (45.62646046976593,-73.63514825556007)
1 (45.70110210146231,-73.52699481736308)
1 (45.69701346138978,-73.30997181772487)
1 (45.699175721519644,-73.41982521613951)
1 (45.6074379093079,-73.3363469872341)
1 (45.39276649441557,-73.64399263203337)
1 (45.64058802029809,-73.69264323091254)
1 (45.38044294982555,-73.69225913900388)
1 (45.51675292030376,-73.54332477467275)
1 (45.54775904733643,-73.6445425782189)
1 (45.337541187368174,-73.44298990013466)
1 (45.396215433084,-73.64238710177906)
1 (45.71548056116375,-73.60940624790157)
1 (45.49800703637864,-73.64293240482014)
1 (45.539909597541374,-73.47841740139047)
1 (45.26370595336688,-73.70016891647144)
1 (45.52553890110673,-73.44451409161705)
1 (45.413642105960534,-73.39187203379932)
1 (45.526485296740084,-73.61615646033918)
1 (45.637982095664924,-73.36558880175296)
1 (45.5756328922149,-73.57460146217889)
1 (45.41537031975806,-73.3164057654398)
1 (45.7268511762443,-73.51903274865593)
1 (45.33548436590182,-73.53295760013567)
1 (45.53590070358712,-73.30920830480164)
1 (45.53697032161265,-73.45624115857045)
1 (45.41478276317014,-73.27963385119094)
1 (45.528961504020394,-73.4882801798324)
1 (45.633840572421335,-73.2964383184414)
1 (45.71174785722781,-73.56454165502292)
1 (45.4260946053514,-73.35967041499228)
1 (45.350151150814014,-73.26523481769401)
1 (45.46909628087368,-73.61965340341847)
1 (45.581774641170426,-73.48622959104412)
1 (45.481009356677745,-73.47632816156478)
1 (45.26153402903897,-73.42031162597199)
1 (45.26967940665697,-73.46518250690985)
1 (45.55373984612772,-73.31384660160225)
1 (45.31612774531117,-73.40240781440313)
1 (45.683489726700465,-73.66265674851664)
1 (45.3572064450503,-73.2653418466384)
1 (45.650242232463384,-73.69401835460638)
1 (45.4560774302515,-73.5220497461065)
1 (45.48818222442154,-73.64916917681774)
1 (45.71372896890893,-73.59606314104563)
1 (45.33035107954,-73.53257028197653)
1 (45.579918962200274,-73.35884011771613)
1 (45.59650324361169,-73.63039726540076)
1 (45.66773497277487,-73.48342700136324)
1 (45.57826401508215,-73.72134141222242)
1 (45.56238696967765,-73.66809565358439)
1 (45.53940162812496,-73.50778152503929)
1 (45.34189936278653,-73.64839814739825)
1 (45.68388998227853,-73.38474301244577)
1 (45.39504464850595,-73.56012356737187)
1 (45.46992683984963,-73.7377908515277)
1 (45.63016200298323,-73.59405944225928)
1 (45.264185243457206,-73.51910901403959)
1 (45.317429716592834,-73.49625386816255)
1 (45.73731462073179,-73.39349887650833)
1 (45.596711149318075,-73.31464153822371)
1 (45.69907082021954,-73.27288507528527)
1 (45.61326994565515,-73.37444066287658)
1 (45.259443136368176,-73.5691474006566)
1 (45.314450559040125,-73.28064511779793)
1 (45.28075925769125,-73.49070305768066)
1 (45.65184640573939,-73.29622947162909)
1 (45.55498747858194,-73.68824375590602)
1 (45.28552839360683,-73.72935247374119)
1 (45.500318967489804,-73.51938799644273)
1 (45.379582530454805,-73.48188733240211)
1 (45.42160083839139,-73.65073895643363)
1 (45.71150602024857,-73.66502540838016)
1 (45.5203043090127,-73.64894420418217)
1 (45.59193714250004,-73.67549267069978)
1 (45.371450461478744,-73.62983360057171)
1 (45.50574478936781,-73.34808628911696)
1 (45.50727933954568,-73.4365675844683)
1 (45.44067956602598,-73.25678177388387)
1 (45.56043638091922,-73.703958223179)
1 (45.56558896367542,-73.42757907281965)
1 (45.62306361258747,-73.53673090976554)
1 (45.25662492443748,-73.6515486707711)
1 (45.572421162212066,-73.38447525807742)
1 (45.44692296192833,-73.74620734088901)
1 (45.59852794371431,-73.53538895792067)
1 (45.39290777625367,-73.50739540147569)
1 (45.54479878575901,-73.47464906794382)
1 (45.708680932983505,-73.7222460124041)
1 (45.4387683929956,-73.66135039951789)
1 (45.418872236058235,-73.47662946690274)
1 (45.74673079379835,-73.5704314136045)
1 (45.31988687891182,-73.58762377341534)
1 (45.433486536020965,-73.62286335635787)
1 (45.6196566102248,-73.32310546895287)
1 (45.346377651851526,-73.38860880149504)
1 (45.646803436019034,-73.63647299782093)
1 (45.27140414216483,-73.69246138554212)
1 (45.38155081738357,-73.44480751105161)
1 (45.728453798142326,-73.48285883163915)
1 (45.66276737233007,-73.5134441122136)
1 (45.682540440182116,-73.5381168876499)
1 (45.66820456743471,-73.27896970161474)
1 (45.34843415595702,-73.28326238351515)
1 (45.64829003331829,-73.44608119130952)
1 (45.65717999662908,-73.67374876426963)
1 (45.417764535547136,-73.43153116987573)
1 (45.734740437119136,-73.26981843806324)
1 (45.27400078325997,-73.70055576987382)
1 (45.41535947288459,-73.27713113338208)
1 (45.31601862788296,-73.74772276159771)
1 (45.37523532074636,-73.46550849613702)
1 (45.584011565962605,-73.41505559442481)
1 (45.42570121548508,-73.4982501551)
1 (45.52562540039729,-73.4155822003505)
1 (45.34935257841827,-73.30945738792705)
1 (45.52228077008267,-73.34012539376351)
1 (45.397421964175216,-73.25615560117309)
1 (45.57650685783895,-73.56919455032427)
1 (45.69219133795563,-73.34573748208864)
1 (45.26955448180331,-73.39025632082986)
1 (45.29434474042088,-73.39735429154318)
1 (45.747482668224926,-73.73345497125133)
1 (45.60190257556661,-73.53836293636473)
1 (45.28346322440612,-73.28602112630611)
1 (45.54474195864245,-73.46379208723789)
1 (45.39422402363911,-73.32715044867075)
1 (45.726695987582396,-73.39802118097548)
1 (45.559352338287745,-73.44105181705149)
1 (45.74583802780614,-73.69347135799691)
1 (45.30360510439727,-73.31615762049239)
1 (45.39279529800982,-73.48108816853168)
1 (45.25442423134079,-73.6231567145022)
1 (45.28679948935663,-73.25175092311818)
1 (45.27953047056097,-73.4835533644687)
1 (45.259670246255965,-73.69647458546925)
1 (45.44277035150121,-73.29387386356133)
1 (45.439040821293034,-73.56637509707042)
1 (45.29031635646886,-73.65843509989267)
1 (45.513873255372815,-73.73084964444332)
1 (45.39387133117375,-73.40575748732056)
1 (45.587674017701154,-73.51427902834966)
1 (45.63270403208058,-73.6202477326261)
1 (45.33780898419875,-73.27778947014004)
1 (45.392143166513534,-73.31169457597412)
1 (45.402930174127256,-73.5832168699936)
1 (45.69258344894555,-73.27041403658886)
1 (45.51476487922916,-73.63139692518753)
1 (45.740107728538476,-73.31554826428851)
1 (45.3753809906657,-73.5062599441544)
1 (45.507505092448,-73.53806533748345)
1 (45.656530784306305,-73.57993976568908)
1 (45.7127656441392,-73.26842514186784)
1 (45.26378856843193,-73.74221157697966)
1 (45.46105842577864,-73.36166952657904)
1 (45.66493589904961,-73.41005392463163)
1 (45.355749706125444,-73.48986304254501)
1 (45.62941146717281,-73.54998562836636)
1 (45.56419478395435,-73.46335302073442)
1 (45.663630931774904,-73.70705892817655)
1 (45.6448368988044,-73.66823652046828)
1 (45.25559514264041,-73.27999544871683)
1 (45.40357309216035,-73.5077137970673)
1 (45.261443890560656,-73.51193217975577)
1 (45.649397201955246,-73.2696766299943)
1 (45.376474988526496,-73.38060022393165)
1 (45.462006307714596,-73.61192224883428)
1 (45.6336374140891,-73.27048912070542)
1 (45.467357330475906,-73.35980201951637)
1 (45.2636200308033,-73.4926556680112)
1 (45.64108688914815,-73.54890669663104)
1 (45.53239586612817,-73.38531600608563)
1 (45.3242574198292,-73.6175581686809)
1 (45.344445421036575,-73.38021564079592)
1 (45.44106932953719,-73.36042058832464)
1 (45.46287023311787,-73.55600228579206)
1 (45.35397889279577,-73.6954616859884)
1 (45.65122186964896,-73.32043197431732)
1 (45.37808788994221,-73.47178809889256)
1 (45.38610910460635,-73.46821943764105)
1 (45.703721618243634,-73.45554646270428)
1 (45.524510072567296,-73.4506990294101)
1 (45.34378761851883,-73.27512507044831)
1 (45.43520366051543,-73.2671930674457)
1 (45.730808392530726,-73.48530864850484)
1 (45.619848402617045,-73.44609003881523)
1 (45.737446936442325,-73.52283220106868)
1 (45.25597497850817,-73.62611520099544)
1 (45.68389502933913,-73.67294724850875)
1 (45.3915218259653,-73.27513211977723)
1 (45.325669671319034,-73.7481573370206)
1 (45.708531686021416,-73.59504366118782)
1 (45.386163995424965,-73.49619726614137)
1 (45.35224023674438,-73.65696672551788)
1 (45.409724890007375,-73.30462364661767)
1 (45.2910260280918,-73.2908353844444)
1 (45.56307991161011,-73.55405226971315)
1 (45.53255444210369,-73.71794249682131)
1 (45.50561253445635,-73.49112077244817)
1 (45.27193665493495,-73.36366049887904)
1 (45.582284830423035,-73.74567318422511)
1 (45.68883766672158,-73.72068733154101)
1 (45.36693298524131,-73.60445555766532)
1 (45.642206055120205,-73.5506441338344)
1 (45.49821165069285,-73.37578030921696)
1 (45.433660999014705,-73.61370663698911)
1 (45.30563876129606,-73.63615946915863)
1 (45.623560912223375,-73.50218279443077)
1 (45.418993628932675,-73.34082529339058)
1 (45.5873906741537,-73.52455453458968)
1 (45.390746372487484,-73.70534942878125)
1 (45.59434341138274,-73.4414821180064)
1 (45.338248098222024,-73.4252400481978)
1 (45.67483542613273,-73.69462492587722)
1 (45.730086500004234,-73.69443902271523)
1 (45.41918167305799,-73.59286302118183)
1 (45.69931269342572,-73.61205948386211)
1 (45.61577204614573,-73.72860936431059)
1 (45.665170703744934,-73.4294968932815)
1 (45.29382740374737,-73.68938293894335)
1 (45.584511958765724,-73.68721479297848)
1 (45.28317717462587,-73.40666848924643)
1 (45.33425261188518,-73.6220492646506)
1 (45.34148894468779,-73.74531921290709)
1 (45.5470327520674,-73.29179437750192)
1 (45.72799359458627,-73.68236399261986)
1 (45.68366190729293,-73.66412339558475)
1 (45.32198778221623,-73.65406136368652)
1 (45.72798629561961,-73.45156909584072)
1 (45.49425902009081,-73.364397938006)
1 (45.63248904734504,-73.74332886968908)
1 (45.44006664493792,-73.54695918158986)
1 (45.526235150134276,-73.48807884018326)
1 (45.573425546910194,-73.3552063616321)
1 (45.720699042990404,-73.61977367649024)
1 (45.364177411567056,-73.72367349350517)
1 (45.71356323369125,-73.59057725115895)
1 (45.671697986435056,-73.6944539414863)
1 (45.69575224478834,-73.28161177402802)
1 (45.692076779496794,-73.33957653647433)
1 (45.51276697961462,-73.70313143467656)
1 (45.58921900030652,-73.53047674232353)
1 (45.61781033138253,-73.57101920176224)
1 (45.72455800364613,-73.41074871758222)
1 (45.28124570673773,-73.25617364822773)
1 (45.63492940212246,-73.51771973703335)
1 (45.68860572008536,-73.74739551271142)
1 (45.533646741321974,-73.57211868693736)
1 (45.56766948599276,-73.6468017060146)
1 (45.62593153995465,-73.51321615314825)
1 (45.63405227093268,-73.32958741853729)
1 (45.4365890406978,-73.39929364120603)
1 (45.43430238679231,-73.7471250515635)
1 (45.645184055254376,-73.32015543063865)
1 (45.595675746027666,-73.43393148727165)
1 (45.61195984019819,-73.47962662428839)
1 (45.562559517524086,-73.59495337756826)
1 (45.35635598776119,-73.60158663488265)
1 (45.610941854555755,-73.69991290288404)
1 (45.71921978169715,-73.2930678133795)
1 (45.28437570264784,-73.29612464849306)
1 (45.299668503365865,-73.46230429349549)
1 (45.387560170200494,-73.27023697364965)
1 (45.50804881285307,-73.33834662033337)
1 (45.30696412503407,-73.54276939450266)
1 (45.717552240619234,-73.57196342267602)
1 (45.70184200093684,-73.66711040224105)
1 (45.528784385213484,-73.31503139913282)
1 (45.52354298837513,-73.52680812107366)
1 (45.58394848950811,-73.57747078253553)
1 (45.37619033774435,-73.28152913488896)
1 (45.68029257067554,-73.54701381662572)
1 (45.42760827871377,-73.40297884814136)
1 (45.63608227642107,-73.42769898177977)
1 (45.41580001064532,-73.56736969450132)
1 (45.45660018978276,-73.70796461400072)
1 (45.273330810305055,-73.33069144804702)
1 (45.332535498144665,-73.60857058669397)
1 (45.50964617488528,-73.40708084116358)
1 (45.37861600994833,-73.28430764107424)
1 (45.74965570563703,-73.49900580731581)
1 (45.28644824959346,-73.66155891068048)
1 (45.72583922213319,-73.4907724164806)
1 (45.72226914061316,-73.58625917025857)
1 (45.56068231228696,-73.41403067152049)
1 (45.347676417333986,-73.73365243440811)
1 (45.35642435500263,-73.42549836046908)
1 (45.27939294792451,-73.49247915994152)
1 (45.42990285917536,-73.60303995611686)
1 (45.63273373948521,-73.28182973771399)
1 (45.49170374468294,-73.66653063452672)
1 (45.512682239689155,-73.48888152257588)
1 (45.67087779901536,-73.26460352034182)
1 (45.42634634817638,-73.4300918225362)
1 (45.5291596478171,-73.73742099075797)
1 (45.59105225552848,-73.43715021994646)
1 (45.59192605383791,-73.26902917588441)
1 (45.503448088277125,-73.35209860743511)
1 (45.44705634653609,-73.58064745156787)
1 (45.41672723161572,-73.38350798386759)
1 (45.62740835253415,-73.28841287899174)
1 (45.54544452054713,-73.42745664062011)
1 (45.29779930641291,-73.25564245843034)
1 (45.380386989241245,-73.59328460771361)
1 (45.71318162025053,-73.71059395595111)
1 (45.44957392899735,-73.29470477106118)
1 (45.50112943487248,-73.57599934140069)
1 (45.705699357564406,-73.37183173742035)
1 (45.5488026570068,-73.3663121951267)
1 (45.455193341192995,-73.2990446420627)
1 (45.64223068953432,-73.65265429552156)
1 (45.36956680156641,-73.60733088756797)
1 (45.51405927026333,-73.47386373372278)
1 (45.635817758355564,-73.70786302627609)
1 (45.60482921332199,-73.68484043746096)
1 (45.70941525555273,-73.34604170431548)
1 (45.63240685666401,-73.58055265068303)
1 (45.430740585367765,-73.44209274359359)
1 (45.494361906815044,-73.71561104284991)
1 (45.45385332087813,-73.58553727902832)
1 (45.59888863120891,-73.65523501135891)
1 (45.51506364752841,-73.44645902071278)
1 (45.43129289407403,-73.44372870529635)
1 (45.538029958627696,-73.34647334437966)
1 (45.515117651819715,-73.36125235358745)
1 (45.43196463142415,-73.6966583355624)
1 (45.419655632226856,-73.55871734245429)
1 (45.69001878004767,-73.45843836910815)
1 (45.59889872951886,-73.41405146884512)
1 (45.53603019892954,-73.71651638558683)
1 (45.620899124772436,-73.44087393541118)
1 (45.399557054283754,-73.37043124537722)
1 (45.26106836845988,-73.30278729302917)
1 (45.42148298050584,-73.35317230876181)
1 (45.48811608202207,-73.44303685599186)
1 (45.505467681506865,-73.6715136258967)
1 (45.56713080740364,-73.53020586111629)
1 (45.63413043231463,-73.43333578516263)
1 (45.3407314402058,-73.34590765706628)
1 (45.26309196413668,-73.38218363827959)
1 (45.72626834785607,-73.40010418867848)
1 (45.5908637297889,-73.29866408462745)
1 (45.584729034235345,-73.4537231692834)
1 (45.3780616738374,-73.45201790340961)
1 (45.375304103791954,-73.2566638370658)
1 (45.25553492432157,-73.59330583362349)
1 (45.40849490643142,-73.67207488735203)
1 (45.61773826562257,-73.27412879018317)
1 (45.55019524269654,-73.45495527483016)
1 (45.74504027121867,-73.55165841412158)
1 (45.40935504248174,-73.28467241105976)
1 (45.73664745734653,-73.40198369556573)
1 (45.36263486402524,-73.71690960966066)
1 (45.664438078511324,-73.40938586071924)
1 (45.730885894002895,-73.52084782356803)
1 (45.57723731276677,-73.52913326369985)
1 (45.52434065559383,-73.40205487418532)
1 (45.59492907790649,-73.43574415019143)
1 (45.41607573601753,-73.38059794726303)
1 (45.33228790116843,-73.66739539633467)
1 (45.48660841811993,-73.59731348833819)
1 (45.2835274551288,-73.46026064912586)
1 (45.30641491697138,-73.5589613187222)
1 (45.58030078721909,-73.33404201674298)
1 (45.58770869156055,-73.30515792145934)
1 (45.70825066386789,-73.64181482616415)
1 (45.441993269393784,-73.68652674484537)
1 (45.330196234055535,-73.43353530901044)
1 (45.72570439837782,-73.38442135936603)
1 (45.317656238815054,-73.60316684921905)
1 (45.542682653144574,-73.47787030778682)
1 (45.43664653345786,-73.39436046564359)
1 (45.69926784541101,-73.27306031388088)
1 (45.36855356436524,-73.42898112576009)
1 (45.27548287327388,-73.25471775151792)
1 (45.37237335728863,-73.49650166165601)
1 (45.4840750777182,-73.39716595397796)
1 (45.41071890014995,-73.40039151457171)
1 (45.63810905992176,-73.68562906177759)
1 (45.46873739131552,-73.70010830670564)
1 (45.33735581058159,-73.54552114446193)
1 (45.59244159390014,-73.71415524844952)
1 (45.41389857719556,-73.45900210891004)
1 (45.36094830578263,-73.6608983269703)
1 (45.74817687716052,-73.36400001231897)
1 (45.58572987593681,-73.30944229996406)
1 (45.27811566393592,-73.48119234788626)
1 (45.49922324561778,-73.49284531599271)
1 (45.376037585624175,-73.49910684411545)
1 (45.55500406520563,-73.3003071291749)
1 (45.26073195154046,-73.56654523266712)
1 (45.71222186111341,-73.71369661538138)
1 (45.745354897171175,-73.29495138417774)
1 (45.71810548057045,-73.38688967580954)
1 (45.395760864315534,-73.46113845468892)
1 (45.434086177452414,-73.68386896715823)
1 (45.58841659152517,-73.32295715438963)
1 (45.67344924118452,-73.4933925236143)
1 (45.512224133206935,-73.4170307334093)
1 (45.33141321588293,-73.7242688023644)
1 (45.35438068521615,-73.39859992122027)
1 (45.29214885104835,-73.25588096155565)
1 (45.74682850661099,-73.40881407870467)
1 (45.691488698441304,-73.47358393064982)
1 (45.526898974938945,-73.61447297924774)
1 (45.598940926661584,-73.3579530223161)
1 (45.483430818336316,-73.45926633873904)
1 (45.55810980490642,-73.42059355762245)
1 (45.517943094232926,-73.29397629110974)
1 (45.6907380783618,-73.58732621158755)
1 (45.549369462890155,-73.41590109838141)
1 (45.72632517604894,-73.42204345801234)
1 (45.53041100420326,-73.64492617177261)
1 (45.36663806956444,-73.36138786331955)
1 (45.62374050148949,-73.39521151454889)
1 (45.33242027714487,-73.39163327985544)
1 (45.40709219104373,-73.2673826576333)
1 (45.268217424684146,-73.34475600951393)
1 (45.437696400542116,-73.4864052243334)
1 (45.40047630464131,-73.72066266246597)
1 (45.60856958421378,-73.54499110305909)
1 (45.45393758387468,-73.65689765129501)
1 (45.47184573403108,-73.68142708737781)
1 (45.33183058230557,-73.36588331104014)
1 (45.58763638979859,-73.32413522311055)
1 (45.456491712037895,-73.54285118201058)
1 (45.48083165410761,-73.37306655190706)
1 (45.448766812284795,-73.41510361007751)
1 (45.452805946037124,-73.6601981809324)
1 (45.49692031611811,-73.25510002418164)
1 (45.300167628963806,-73.63794672253003)
1 (45.32876313113264,-73.31609295944074)
1 (45.438492694964275,-73.2852286964134)
1 (45.65432378930835,-73.26964425713342)
1 (45.515408233663656,-73.39619187078902)
1 (45.29062616114132,-73.3293323519101)
1 (45.324442433031145,-73.3263091955579)
1 (45.415000017558384,-73.33431704753072)
1 (45.69873338497056,-73.4145702169779)
1 (45.518839174673836,-73.64015848408701)
1 (45.57198999797973,-73.67892254131138)
1 (45.649835133483194,-73.722392924146)
1 (45.54302394368535,-73.49490903340498)
1 (45.43745249105408,-73.4408478263707)
1 (45.56972237229675,-73.31461458507445)
1 (45.69377558658971,-73.43953460850058)
1 (45.34850696004913,-73.56457875233545)
1 (45.569844234885515,-73.6681879103346)
1 (45.506125565413804,-73.67724917278015)
1 (45.32620961864556,-73.50712534212416)
1 (45.44204861611014,-73.26084308036054)
1 (45.74567960143308,-73.45708254607388)
1 (45.5117931245935,-73.69715254302034)
1 (45.57608630938232,-73.32003364186528)
1 (45.73417293571786,-73.47587194771471)
1 (45.641396679708116,-73.74573770258486)
1 (45.33877464784466,-73.32744405284457)
1 (45.4006003148849,-73.45185724145901)
1 (45.74388452838517,-73.70421419370489)
1 (45.265547101825376,-73.34297530391495)
1 (45.46964224938892,-73.38185000107927)
1 (45.41127034092462,-73.6556932141139)
1 (45.54637338925307,-73.40952682794928)
1 (45.62531944633735,-73.64322135004328)
1 (45.67385318338392,-73.32829754812046)
1 (45.446239566720116,-73.68348101569838)
1 (45.72367987611235,-73.50235771271034)
1 (45.43557369764268,-73.54971565620895)
1 (45.653986773865775,-73.56758549087189)
1 (45.412626191768766,-73.42196550661863)
1 (45.523398023552545,-73.39577867365718)
1 (45.35671483446009,-73.54148980218666)
1 (45.54943365172489,-73.60142881355092)
1 (45.4477520120335,-73.71832659883562)
1 (45.555495385972996,-73.48066578375963)
1 (45.37273355516679,-73.69466029092828)
1 (45.69011560686553,-73.3691739108697)
1 (45.5730774328212,-73.64352267179494)
1 (45.48232731248139,-73.73742371216491)
1 (45.54574249984004,-73.34358378746684)
1 (45.61781402283543,-73.4074813856873)
1 (45.63967085071452,-73.31639428823358)
1 (45.281924109910186,-73.57595109510078)
1 (45.508335831514565,-73.44242128476508)
1 (45.51768507914137,-73.36227312020038)
1 (45.489040525045844,-73.28657553617619)
1 (45.28962883678877,-73.3706437051721)
1 (45.680100517868055,-73.56265803387703)
1 (45.32753988597728,-73.25724079471391)
1 (45.37815724752966,-73.34925938279837)
1 (45.34816425528244,-73.53223237236945)
1 (45.319607306232555,-73.33712625274289)
1 (45.41746759129456,-73.29821243757554)
1 (45.342495673497126,-73.5398642584368)
1 (45.521206702562196,-73.33325243688196)
1 (45.648209580407126,-73.5360772907983)
1 (45.357379658468844,-73.36767400522683)
1 (45.295922738832864,-73.43164869973276)
1 (45.4505452335281,-73.57894175781345)
1 (45.40697817040062,-73.33585033449872)
1 (45.41505338802036,-73.73874298946164)
1 (45.291260925475065,-73.73432072257131)
1 (45.56190411299978,-73.59036398711369)
1 (45.33310033710771,-73.71568431976411)
1 (45.55225288536749,-73.41289065223921)
1 (45.490354900161854,-73.56668906300185)
1 (45.44950671499868,-73.34155410674677)
1 (45.667070902463955,-73.29322010291706)
1 (45.31150547729017,-73.3607100006262)
1 (45.51746931536185,-73.65140295307698)
1 (45.39445906742352,-73.46748301663935)
1 (45.42700383276487,-73.28423968650478)
1 (45.61111179025864,-73.32002627730367)
1 (45.494846069829265,-73.55482750646551)
1 (45.59703097680865,-73.73463813045284)
1 (45.31139226432125,-73.64718930943405)
1 (45.59096766094212,-73.68064684452018)
1 (45.684249179074655,-73.4701013174465)
1 (45.327913161456614,-73.4410167927991)
1 (45.7166451189481,-73.34803345485483)
1 (45.276775820106835,-73.36004736731198)
1 (45.28332520673963,-73.41642348597595)
1 (45.32852818234853,-73.58732939671275)
1 (45.48072849589998,-73.55598647718787)
1 (45.45522569530663,-73.44929109564049)
1 (45.55060759715642,-73.60261661655375)
1 (45.415473536793364,-73.53620916773646)
1 (45.58923991696943,-73.45566877879786)
1 (45.27771933690546,-73.2834782816532)
1 (45.55799285635534,-73.5780129104502)
1 (45.36917494636374,-73.25122528109081)
1 (45.705243525679705,-73.73623447240037)
1 (45.73522156324053,-73.46602236408013)
1 (45.49451686592175,-73.66871008155888)
1 (45.31182793958375,-73.58249644592338)
1 (45.50919446257484,-73.69301732186851)
1 (45.27181254180701,-73.25105004165351)
1 (45.57025928814133,-73.57224404034667)
1 (45.40470593600492,-73.44070165663575)
1 (45.46028039460359,-73.25224186400018)
1 (45.429520876196044,-73.56322200539874)
1 (45.69420429095594,-73.35872519910203)
1 (45.31991289115779,-73.57628504039265)
1 (45.71550847647972,-73.60434658959302)
1 (45.54201535978754,-73.30927104562763)
1 (45.72488571880697,-73.50148528707321)
1 (45.56665863078408,-73.55565163119678)
1 (45.56786577044383,-73.50646613481725)
1 (45.61973343985249,-73.51055479894539)
1 (45.717644852206845,-73.43528148026894)
1 (45.37713503441965,-73.40115108531535)
1 (45.38988124212189,-73.68961911908922)
1 (45.694024623846836,-73.66091957915654)
1 (45.717328684674996,-73.51510487979891)
1 (45.482071178106935,-73.73664600080366)
1 (45.693917578697686,-73.68114887473398)
1 (45.51288687527697,-73.58917244189688)
1 (45.27025722868289,-73.62364001314197)
1 (45.73104554787816,-73.65546190434075)
1 (45.54552077200569,-73.72796355190289)
1 (45.605874204841655,-73.48045828077927)
1 (45.45428750729819,-73.5504223959447)
1 (45.63763343751341,-73.40251567615573)
1 (45.69115577609151,-73.38112278070427)
1 (45.360753418548974,-73.585838825484)
1 (45.350802799051976,-73.64074095167241)
1 (45.554467727896444,-73.33741933097332)
1 (45.38665618557181,-73.67731757145404)
1 (45.37948840360172,-73.52437041036147)
1 (45.507454915653675,-73.58733217397887)
1 (45.30829106088956,-73.52035596673595)
1 (45.53771623316486,-73.72779048226694)
1 (45.50612981316687,-73.45697738025298)
1 (45.56548783048316,-73.61291289244615)
1 (45.25007765347913,-73.6375249070637)
1 (45.38875311605355,-73.4002427311702)
1 (45.544188445141025,-73.28641806542736)
1 (45.35047076158499,-73.66659858989134)
1 (45.30030276138782,-73.357952696473)
1 (45.6214677743636,-73.65427536019158)
1 (45.306070366017124,-73.41264012900896)
1 (45.35026875514801,-73.63225406111094)
1 (45.69443801182814,-73.5884670078428)
1 (45.34943233630937,-73.46591114722955)
1 (45.262151989282756,-73.4478222001687)
1 (45.62907893652523,-73.42182327557751)
1 (45.25875068537378,-73.46863025153417)
1 (45.620032289960406,-73.65174416826711)
1 (45.68207308122428,-73.67039869703613)
1 (45.3513606200635,-73.70168545375218)
1 (45.67148505859004,-73.32242975566271)
1 (45.660091450894754,-73.27826405963934)
1 (45.28582596689689,-73.37236459241707)
1 (45.714487284610456,-73.37508406679031)
1 (45.289503943279,-73.65852146711664)
1 (45.72650802038527,-73.71690150666174)
1 (45.54721896501424,-73.62915718646204)
1 (45.713948632045245,-73.31867576557862)