850 850
101 (45.5,-73.5)
1 (45.74546862711328,-73.68582390498436)
1 (45.54822968045057,-73.280342280276)
1 (45.41729229844093,-73.39641159839186)
1 (45.28993077667877,-73.74624599731008)
1 (45.64563517642513,-73.68625941656757)
1 (45.470895942185706,-73.25065622508538)
1 (45.36026440845829,-73.71288691849139)
1 (45.529102801496336,-73.44763829690815)
1 (45.32334538415582,-73.4614394862697)
1 (45.54047587624344,-73.48478852416162)
1 (45.719586982816914,-73.66385988521404)
1 (45.72043768065967,-73.52594404503444)
1 (45.72829036471049,-73.44509101715077)
1 (45.38722929659479,-73.65795969987524)
1 (45.556686733779834,-73.63428300998207)
1 (45.68889576326305,-73.630999624112)
1 (45.65662508244844,-73.44802045092266)
1 (45.39631957486859,-73.58052159789968)
1 (45.729972090883244,-73.25600392884378)
1 (45.45579897049739,-73.56223779762594)
1 (45.65201167771848,-73.3774126051972)
1 (45.276406197377014,-73.39881592912526)
1 (45.60668285579483,-73.32834292219847)
1 (45.399723718677826,-73.48894022550708)
1 (45.532670037356674,-73.64726111238792)
1 (45.2625451787966,-73.365582441545)
1 (45.425161054776886,-73.36632549723463)
1 (45.716740820871394,-73.41093799673966)
1 (45.62451346238031,-73.37172729809981)
1 (45.31472544833728,-73.74046353899165)
1 (45.45012104731024,-73.30586679920366)
1 (45.60383042800923,-73.35780698396556)
1 (45.40544769725614,-73.3082244616384)
1 (45.298369340995286,-73.25615212449055)
1 (45.68849699600102,-73.27020490636197)
1 (45.71430016163699,-73.69960497945694)
1 (45.390911408170105,-73.39202427353841)
1 (45.25812538050299,-73.46072971980075)
1 (45.558445871810285,-73.67687969647257)
1 (45.55903445820971,-73.31719747310926)
1 (45.71573628154421,-73.57918239802976)
1 (45.52128136363691,-73.62174162028239)
1 (45.529084155607855,-73.33955424656679)
1 (45.65240345962409,-73.25521890144135)
1 (45.492404744546135,-73.58957993240607)
1 (45.49212592132109,-73.25255593177215)
1 (45.37353619774889,-73.5939757109025)
1 (45.32665939166326,-73.3557162543316)
1 (45.65078363902486,-73.5168778270932)
1 (45.62358680088049,-73.69655352055055)
1 (45.30287255686197,-73.35237238922457)
1 (45.26364858250784,-73.74552196160904)
1 (45.58941168297959,-73.64718090445982)
1 (45.67747369842938,-73.57969554054417)
1 (45.37351634287715,-73.36558398614375)
1 (45.41766733493448,-73.42540290525038)
1 (45.59341918138057,-73.70320856938713)
1 (45.50965416514636,-73.31701560237374)
1 (45.68569566569077,-73.34722193392692)
1 (45.62828972612465,-73.58403240852122)
1 (45.59915783907552,-73.60576893767312)
1 (45.74149031583802,-73.73358333407313)
1 (45.515520389583884,-73.48915655972277)
1 (45.346995410869184,-73.63483207388933)
1 (45.510618932709264,-73.7193332629469)
1 (45.30386475550949,-73.73548627515542)
1 (45.64826126126369,-73.27262804774718)
1 (45.526425610124576,-73.34873045888419)
1 (45.39771793653421,-73.42350769736758)
1 (45.46512373919125,-73.34137691718112)
1 (45.30540956321596,-73.35427810783715)
1 (45.346095446388354,-73.33088525683976)
1 (45.531523721203435,-73.72719901718884)
1 (45.57926561193674,-73.26013188093367)
1 (45.68309540866663,-73.6813990811059)
1 (45.57339064021155,-73.46441608717838)
1 (45.336510506105796,-73.51727140434306)
1 (45.415702845988605,-73.5751699502245)
1 (45.744442788862365,-73.36569755429495)
1 (45.48367678519467,-73.31919457334882)
1 (45.46491051669671,-73.40849101570885)
1 (45.55692559164294,-73.47097593380698)
1 (45.533439544847596,-73.71986915022623)
1 (45.38834930891769,-73.39873869759258)
1 (45.323245776978446,-73.5365553380836)
1 (45.475395025281806,-73.31237727286148)
1 (45.402900326019136,-73.73628156967528)
1 (45.44465219186412,-73.47325833789364)
1 (45.50611681349502,-73.51100401209634)
1 (45.525994548939146,-73.26212012338708)
1 (45.674100703910476,-73.66206257814547)
1 (45.54609365982295,-73.6218986596367)
1 (45.717326682369,-73.61980826091803)
1 (45.715366964682815,-73.49729194644637)
1 (45.37066055936633,-73.69988996443556)
1 (45.71728690320216,-73.48222855417606)
1 (45.38341824848221,-73.25243558837819)
1 (45.73446572660664,-73.46013733187327)
1 (45.294254855680045,-73.73878019800831)
1 (45.56204393070422,-73.58002068135619)
1 (45.2897029830414,-73.38318667745409)
1 (45.365648531551045,-73.45381409956644)
1 (45.33472991957992,-73.39417286793177)
1 (45.43855080078708,-73.48737025975763)
1 (45.693859271960775,-73.33160144803915)
1 (45.50064114645507,-73.2686363853516)
1 (45.532203391065664,-73.51160750001537)
1 (45.660452237778046,-73.43219918033543)
1 (45.49717851992878,-73.39173099261559)
1 (45.630699811689496,-73.39935171455718)
1 (45.53372589320051,-73.66328989824311)
1 (45.64767373822856,-73.35719273251034)
1 (45.67853697181073,-73.29707243441926)
1 (45.29530021885678,-73.28899881126493)
1 (45.71208267599269,-73.54184471515889)
1 (45.57580947612567,-73.30121535074171)
1 (45.3211715772327,-73.3629634900518)
1 (45.60068122731875,-73.4098932097096)
1 (45.33931318488867,-73.53055115516247)
1 (45.697903900206576,-73.35125264456526)
1 (45.68733794293295,-73.52323354643484)
1 (45.544571448322976,-73.36728733755842)
1 (45.332526826638464,-73.60435874261391)
1 (45.63745529846464,-73.28792628776296)
1 (45.42092840442834,-73.35290829855691)
1 (45.50842681256004,-73.58625201460995)
1 (45.714593013440606,-73.59098001772672)
1 (45.57646940563226,-73.42262895886755)
1 (45.58312848882461,-73.54376470947892)
1 (45.403507253747875,-73.51732639799594)
1 (45.55728352343366,-73.69635693941083)
1 (45.38739120579455,-73.49932583043767)
1 (45.35118982639521,-73.67453312670759)
1 (45.58212059799839,-73.67148291881992)
1 (45.299445508036456,-73.57379798843041)
1 (45.38274296494098,-73.40906985518575)
1 (45.33539765982287,-73.49254355854625)
1 (45.25036190704641,-73.6699544387565)
1 (45.4577829867635,-73.5910827984668)
1 (45.48129681324695,-73.34027740972451)
1 (45.594310997552604,-73.29861289610379)
1 (45.74367616020544,-73.36947028702916)
1 (45.37282524569935,-73.3248312153192)
1 (45.71460968464984,-73.36281141362882)
1 (45.55335366073347,-73.40196996908725)
1 (45.65157266841637,-73.49844808219001)
1 (45.25766005103904,-73.6864335336021)
1 (45.62274917565529,-73.31891865221718)
1 (45.65683428137338,-73.48701530674028)
1 (45.402819198386,-73.61468827851635)
1 (45.44200989643781,-73.45883903096454)
1 (45.71303795584965,-73.269068223309)
1 (45.70847328139221,-73.60871252558076)
1 (45.54744391333415,-73.57011824831521)
1 (45.32922941536952,-73.39849944860711)
1 (45.28064531068079,-73.61573797419766)
1 (45.480515244100275,-73.40840817432156)
1 (45.59687336539118,-73.5431327840711)
1 (45.70880203195059,-73.43176434813202)
1 (45.514853557016615,-73.4031958528208)
1 (45.29650441348919,-73.51687688684726)
1 (45.40853453068083,-73.57407802171832)
1 (45.69191399260468,-73.35002531015195)
1 (45.43982777420779,-73.66632296113698)
1 (45.417801796192315,-73.48638878166403)
1 (45.726249133305906,-73.41442532997132)
1 (45.66268399731138,-73.28290579665936)
1 (45.36371675880204,-73.57652523096456)
1 (45.688921769139874,-73.4685959624211)
1 (45.61274832005238,-73.37518254324903)
1 (45.262626338120704,-73.60379347494424)
1 (45.63491342584437,-73.50778065557823)
1 (45.52176642562191,-73.73003494988735)
1 (45.63563580164423,-73.73508884098258)
1 (45.550925961117166,-73.29701197779848)
1 (45.62930271764756,-73.52086882223085)
1 (45.42383571552128,-73.47204200801492)
1 (45.29312762294732,-73.64414068437009)
1 (45.60810328128414,-73.69092896857559)
1 (45.51732525414308,-73.63882973477492)
1 (45.40049159380323,-73.29687810134128)
1 (45.29089665187778,-73.33299526610476)
1 (45.47564708822099,-73.33629733310727)
1 (45.484684774520936,-73.66169876468366)
1 (45.68635416969392,-73.53686057674649)
1 (45.40634997549019,-73.3137986121938)
1 (45.44919361430778,-73.68412639312197)
1 (45.70552740682815,-73.64356455200826)
1 (45.385908201019575,-73.53829815408054)
1 (45.301667207319134,-73.63298507824183)
1 (45.3678297940709,-73.59238007865154)
1 (45.491921124433645,-73.52999684730781)
1 (45.72839769889586,-73.36702638945783)
1 (45.27192798013142,-73.61159521167795)
1 (45.66709899123518,-73.5657987789822)
1 (45.66846326584156,-73.32889103040702)
1 (45.267087251734914,-73.27734028886586)
1 (45.53965662443708,-73.38365868132242)
1 (45.58828717378737,-73.50814194747164)
1 (45.34584440598027,-73.56277632309525)
1 (45.477967681022534,-73.66112101609328)
1 (45.332112251037024,-73.41818943576148)
1 (45.56156781726168,-73.64114818351396)
1 (45.39219667524153,-73.6256344502483)
1 (45.33798459685497,-73.56895359241638)
1 (45.602652241680914,-73.58533962428835)
1 (45.40558350539631,-73.61950975149)
1 (45.52605454245038,-73.5422756882555)
1 (45.58786763332573,-73.27003243146628)
1 (45.38249746669589,-73.70225948285733)
1 (45.61104243759126,-73.74615833076548)
1 (45.579756355481,-73.50331914836575)
1 (45.509638779014956,-73.69265158063894)
1 (45.37422713307681,-73.36920978213855)
1 (45.60090795760279,-73.56715894539863)
1 (45.607114629622004,-73.4238242301098)
1 (45.673877660903024,-73.46207654599792)
1 (45.52333158562403,-73.28147390228507)
1 (45.48475926447574,-73.50050897565299)
1 (45.634183321526834,-73.6486200141812)
1 (45.73682208892729,-73.62759461300996)
1 (45.42915099814704,-73.57761632148917)
1 (45.44990131956645,-73.52813895038281)
1 (45.476950030424256,-73.30237954855991)
1 (45.49238197654883,-73.54554049163491)
1 (45.581528221440394,-73.65963446745592)
1 (45.55680219633919,-73.35541224217864)
1 (45.674781539513056,-73.6574859201953)
1 (45.5091446204478,-73.26009415713163)
1 (45.53450392994149,-73.2955506182879)
1 (45.331435927766925,-73.31742036806607)
1 (45.713450508830874,-73.26773686859235)
1 (45.30744965215458,-73.59864783058528)
1 (45.253382017126846,-73.68999105150345)
1 (45.672109027238854,-73.68637079040231)
1 (45.33657166174069,-73.49093500125574)
1 (45.656611603757234,-73.57353888483631)
1 (45.4964935417438,-73.58329897494576)
1 (45.7133487117285,-73.4093641703581)
1 (45.36927552591943,-73.39841028910448)
1 (45.697368381865914,-73.55694565334389)
1 (45.7179872904185,-73.31472832282077)
1 (45.41443109625712,-73.68085786804684)
1 (45.602947843749426,-73.44452185338329)
1 (45.7196336851071,-73.57074281218021)
1 (45.602975031494275,-73.66026528217243)
1 (45.265127332526745,-73.629112637963)
1 (45.414862709271944,-73.64418587491996)
1 (45.55063144698663,-73.40811355483221)
1 (45.471359685828716,-73.63062429403166)
1 (45.62624597193356,-73.27091925791254)
1 (45.42153776639569,-73.3814765068697)
1 (45.63349053683489,-73.67871506981963)
1 (45.41167446332656,-73.28996553238314)
1 (45.34754948485775,-73.26390222263642)
1 (45.5896393429801,-73.34734664042264)
1 (45.50137776714549,-73.74419444767392)
1 (45.631261068002175,-73.53088072812123)
1 (45.43062330212216,-73.36069704286975)
1 (45.35326576235434,-73.47951540834026)
1 (45.477247384141386,-73.38585175452936)
1 (45.634115210338464,-73.61619415114916)
1 (45.629275276988274,-73.34429832946627)
1 (45.41143706824478,-73.6525693763799)
1 (45.55428509360515,-73.42124725358465)
1 (45.46272740680146,-73.67312556936385)
1 (45.50504380319678,-73.59887533371595)
1 (45.504619006065795,-73.74132415473647)
1 (45.53712482488433,-73.36154953776348)
1 (45.36524737605791,-73.70036232178101)
1 (45.58039276681788,-73.34535190369321)
1 (45.59410968653662,-73.55549342053834)
1 (45.648916318636196,-73.57642154365634)
1 (45.3742999037217,-73.52358702279426)
1 (45.35717131782425,-73.4460477699075)
1 (45.49311689006303,-73.51871219156011)
1 (45.434321670442365,-73.3082412286986)
1 (45.40878054105586,-73.51000806835054)
1 (45.592916665228884,-73.5576779152028)
1 (45.62335408394388,-73.33996121180427)
1 (45.413518927033394,-73.25245394499701)
1 (45.634959154742184,-73.72743966592657)
1 (45.352578071690324,-73.28700699805695)
1 (45.69598352434872,-73.30043933009232)
1 (45.567290945484956,-73.29585313157223)
1 (45.448219451001435,-73.60847828714223)
1 (45.4782400465368,-73.37845573696447)
1 (45.74073425063074,-73.65393078074618)
1 (45.35827753389468,-73.37958650371576)
1 (45.56176255450606,-73.55532243253396)
1 (45.74442299879328,-73.33795595310745)
1 (45.53202335509712,-73.51371417672026)
1 (45.61846905037349,-73.32868433515193)
1 (45.31360294790766,-73.29578261104923)
1 (45.59153932308606,-73.27235141369164)
1 (45.585908481087586,-73.47406012798994)
1 (45.258019601795255,-73.36490689621944)
1 (45.42818465498067,-73.67602836790581)
1 (45.45508322098691,-73.59864103531629)
1 (45.52669984680128,-73.58936440359045)
1 (45.37545795580854,-73.39470784865367)
1 (45.59394596947924,-73.4506191851457)
1 (45.333132226946255,-73.65236169778859)
1 (45.74705966949176,-73.70896340482552)
1 (45.47437423677386,-73.53911048509602)
1 (45.34316080269873,-73.50536634557258)
1 (45.35973862589345,-73.59940714206948)
1 (45.41041741040496,-73.5406789239191)
1 (45.61666063461415,-73.74729365488967)
1 (45.34538470224402,-73.32357228265441)
1 (45.27678898124787,-73.43058013943151)
1 (45.469528726255575,-73.6911390413113)
1 (45.46738414136243,-73.71068432016708)
1 (45.35083383478845,-73.38119465981625)
1 (45.32190962141767,-73.69317465511038)
1 (45.50000635017641,-73.30592193098083)
1 (45.31136953321878,-73.66935356516225)
1 (45.64502484748989,-73.53148180973896)
1 (45.67499661272891,-73.48888489923263)
1 (45.27265111203653,-73.3075697063919)
1 (45.74657065387846,-73.57751294687407)
1 (45.50100391202335,-73.31462646043907)
1 (45.730947929026236,-73.64233819319216)
1 (45.61341097461043,-73.60451881195208)
1 (45.38430817596526,-73.46990803609037)
1 (45.74049298883142,-73.5029847028454)
1 (45.5911763123601,-73.31954846602693)
1 (45.72479654508896,-73.51899419316213)
1 (45.51145194476077,-73.7459061076797)
1 (45.64028144046331,-73.56740703351583)
1 (45.29148060578232,-73.25058731269378)
1 (45.26758083783099,-73.5569139105318)
1 (45.294625987931234,-73.46307476583048)
1 (45.545191139637105,-73.62522819996703)
1 (45.40885399678555,-73.58576935056179)
1 (45.62661176647316,-73.51785109889151)
1 (45.731514366223266,-73.60704836256176)
1 (45.6739432046213,-73.3054630436135)
1 (45.314807082793706,-73.28964904071515)
1 (45.40956511521982,-73.31810021657087)
1 (45.6793460717647,-73.67947926713144)
1 (45.72925439208632,-73.34175490015083)
1 (45.4677839550949,-73.35212548314342)
1 (45.35246648605656,-73.27489443764532)
1 (45.41563683974271,-73.3208705354669)
1 (45.54849151471533,-73.57862359964271)
1 (45.26224945476792,-73.47095234123441)
1 (45.4308100424904,-73.4748209268305)
1 (45.31126630733822,-73.56008723468459)
1 (45.65621163432821,-73.4515598757408)
1 (45.577025644256885,-73.73494965424156)
1 (45.60010240872402,-73.72448114452393)
1 (45.32096844156805,-73.65734300535088)
1 (45.70491657289676,-73.37651315551673)
1 (45.29045575617851,-73.71221439139296)
1 (45.714659600746515,-73.45644279863888)
1 (45.6213134054182,-73.38245883715409)
1 (45.415349481029,-73.35931946110414)
1 (45.65497356988437,-73.72262671865546)
1 (45.29848542647916,-73.33853040819056)
1 (45.351259078217765,-73.44519099454239)
1 (45.2526619206191,-73.51061639090456)
1 (45.54865648853836,-73.44894875358946)
1 (45.46705916812875,-73.70950147153448)
1 (45.53535019474581,-73.66942483330457)
1 (45.69977930182355,-73.52679205684171)
1 (45.746340352913705,-73.41581272342899)
1 (45.42386090565592,-73.33915487266545)
1 (45.394643352548236,-73.37803156758265)
1 (45.61429301557609,-73.57251483738442)
1 (45.477874171537096,-73.74089545455918)
1 (45.58046245469841,-73.38591864141219)
1 (45.375435989792926,-73.33018462771035)
1 (45.28020729924251,-73.3753907669433)
1 (45.66609285181328,-73.43757591108569)
1 (45.47401211766932,-73.29996377171656)
1 (45.35087741550199,-73.42793268699334)
1 (45.39086892703325,-73.71829552194431)
1 (45.362086085680765,-73.42337288575658)
1 (45.28094141881054,-73.2948910759962)
1 (45.57554008762161,-73.28382614311123)
1 (45.32440787080839,-73.38992786516266)
1 (45.520341478156894,-73.2634595274036)
1 (45.35072177232716,-73.38603788781346)
1 (45.59802911273507,-73.6163939571686)
1 (45.69801717562989,-73.52913134843246)
1 (45.38134010585095,-73.55355164052553)
1 (45.30849943692209,-73.36845153496978)
1 (45.46170838267138,-73.31526762489932)
1 (45.31239992374949,-73.67353122844797)
1 (45.35418256772631,-73.72146665352176)
1 (45.40043670213145,-73.48257641387512)
1 (45.648621109473744,-73.3927493879423)
1 (45.72271168412391,-73.69803345910182)
1 (45.41682367421209,-73.40165015767157)
1 (45.38058752194435,-73.39070156868479)
1 (45.34668317025479,-73.41362124735143)
1 (45.297326399377,-73.70373256233903)
1 (45.67649393752822,-73.41196676062992)
1 (45.363135678943095,-73.4622156619328)
1 (45.745227250645655,-73.36999197293946)
1 (45.25075385770597,-73.2927753937092)
1 (45.3578859161922,-73.73705230182185)
1 (45.68882365346954,-73.74071616192332)
1 (45.688975948771436,-73.34297867434402)
1 (45.26203695869635,-73.53972751891405)
1 (45.61168356539543,-73.29752419213263)
1 (45.479400269877566,-73.34101968203744)
1 (45.645521958844995,-73.66802011623945)
1 (45.41495679015768,-73.34498919145547)
1 (45.66101280640491,-73.65934677998946)
1 (45.678915290652114,-73.39912029349212)
1 (45.56639346278438,-73.6956184143633)
1 (45.321373713768764,-73.73080774826431)
1 (45.42839130649087,-73.71264859936427)
1 (45.50568898202611,-73.57314272808193)
1 (45.34678283776974,-73.61430603773611)
1 (45.41403257722725,-73.51543332028274)
1 (45.41075559685421,-73.72428844277121)
1 (45.36378498206304,-73.46833732596787)
1 (45.714016834221994,-73.6776351448989)
1 (45.52016012030718,-73.67596474566082)
1 (45.695143844154686,-73.54346709616236)
1 (45.3878143570009,-73.7341636040659)
1 (45.499846328394106,-73.55198590014987)
1 (45.452182793102196,-73.58543249685859)
1 (45.63261218332169,-73.61468148880526)
1 (45.41989909859411,-73.45650931127525)
1 (45.37663379288107,-73.37699082368222)
1 (45.47689301287987,-73.68466560989705)
1 (45.31296275215975,-73.32731841914595)
1 (45.34262328725052,-73.34309189452803)
1 (45.26251655571195,-73.50537193708843)
1 (45.64939206664887,-73.52448936371955)
1 (45.6078617936413,-73.60618444955392)
1 (45.31679970058828,-73.57508916366885)
1 (45.72562406211068,-73.26398770970377)
1 (45.62313772684265,-73.48880069418134)
1 (45.674925575243556,-73.52226894841307)
1 (45.59788047591454,-73.57304608287153)
1 (45.342427213314146,-73.45288643686992)
1 (45.67242475369384,-73.38406810180513)
1 (45.44035264395879,-73.57803721145679)
1 (45.72983949821753,-73.3001046442396)
1 (45.5902978586985,-73.67416327538305)
1 (45.28862637032939,-73.45580309369942)
1 (45.702680177510715,-73.69655050297543)
1 (45.54035494708498,-73.60060348680197)
1 (45.47935669069099,-73.45741750387734)
1 (45.336524828281384,-73.26754983309587)
1 (45.625242827471745,-73.31870977370556)
1 (45.486119983339776,-73.44709436183683)
1 (45.25368751813539,-73.52360700616596)
1 (45.3820592351251,-73.25294004807843)
1 (45.50991210166118,-73.38792014562381)
1 (45.52210971450803,-73.34382215616402)
1 (45.616996208566334,-73.40409686939034)
1 (45.42781875821409,-73.62635996609255)
1 (45.3696942605613,-73.37647288692703)
1 (45.29363265460328,-73.509715473756)
1 (45.562792248983804,-73.50669897206538)
1 (45.41760926819042,-73.71277618052115)
1 (45.442765143935084,-73.38294175508013)
1 (45.57499460500089,-73.33893455063766)
1 (45.51417118205547,-73.5954993607391)
1 (45.49642165172371,-73.63226736120171)
1 (45.41551977199743,-73.7048906882581)
1 (45.503603384227716,-73.51202341029268)
1 (45.60327599772315,-73.52627040583843)
1 (45.637129786376796,-73.64980862203916)
1 (45.747214992037314,-73.66618955542596)
1 (45.28334217325361,-73.50571317238271)
1 (45.545515599305396,-73.45426447208969)
1 (45.37024643312852,-73.37585543896228)
1 (45.61378333149236,-73.35323506086662)
1 (45.656039922736376,-73.62442336611747)
1 (45.68861847250134,-73.60618612016236)
1 (45.47806514748495,-73.37827404686227)
1 (45.61339599682238,-73.28937343516964)
1 (45.56486673409301,-73.55150805304869)
1 (45.4415996577612,-73.58313961590318)
1 (45.63951617786226,-73.64116510072807)
1 (45.50135340642631,-73.451821997315)
1 (45.558482455957886,-73.29329375591244)
1 (45.41371924011045,-73.53634870792952)
1 (45.6370647315692,-73.68112754079266)
1 (45.346881103816514,-73.41038625339218)
1 (45.60976655318699,-73.26395604672132)
1 (45.71851037866178,-73.43244537916868)
1 (45.36197953609424,-73.50650954748781)
1 (45.629409413218006,-73.74226970227079)
1 (45.647957404287304,-73.63428148153213)
1 (45.52295500422022,-73.5001247454537)
1 (45.47929990093683,-73.48019335093298)
1 (45.41691483654363,-73.25227287592692)
1 (45.7280291403097,-73.44236212624594)
1 (45.546885464260654,-73.32496260187119)
1 (45.73882936787508,-73.52146096329504)
1 (45.393901319219125,-73.40267873631286)
1 (45.38613422206265,-73.33926909637063)
1 (45.34268996428629,-73.43419283094991)
1 (45.54348415863472,-73.45748750561218)
1 (45.63159953654622,-73.73212124332169)
1 (45.354939671244765,-73.71775243333363)
1 (45.310400237584176,-73.58824131867236)
1 (45.51132439981836,-73.71000913408865)
1 (45.617962361605315,-73.41773388418346)
1 (45.437685424299616,-73.34701382595696)
1 (45.528239311012776,-73.37081340240778)
1 (45.392596427191904,-73.37771236783922)
1 (45.690034565802996,-73.50987517628515)
1 (45.46479254205169,-73.51159928734067)
1 (45.603707683353804,-73.54433160478244)
1 (45.32811409330797,-73.64989181191379)
1 (45.63627490189003,-73.74372793747594)
1 (45.381849702948685,-73.52745853045987)
1 (45.375285876995434,-73.51252059935473)
1 (45.560307421541296,-73.36192296954763)
1 (45.361408750940335,-73.70706916076166)
1 (45.64280600726687,-73.38321799998472)
1 (45.419831653402206,-73.60693628504512)
1 (45.333266549142465,-73.37809713374271)
1 (45.63138936763253,-73.51850746998926)
1 (45.70719811404827,-73.62971442656325)
1 (45.44574985686388,-73.28923584440831)
1 (45.343109179450316,-73.36236528681849)
1 (45.541045916500416,-73.54548495244666)
1 (45.56524003987472,-73.5158356487345)
1 (45.27701317325337,-73.73598554721352)
1 (45.7249996386063,-73.37253771119046)
1 (45.471996381922814,-73.56634028909966)
1 (45.33960350341189,-73.74371581085596)
1 (45.25811172730789,-73.64780340166286)
1 (45.6881476935812,-73.58848637785067)
1 (45.43340353334318,-73.65573002682008)
1 (45.63771720070762,-73.59133161888306)
1 (45.53500988339428,-73.49963331413106)
1 (45.5351151784287,-73.35989678973128)
1 (45.30315196515955,-73.4477049096014)
1 (45.453412913804286,-73.52554657239433)
1 (45.292188176998174,-73.32394775917356)
1 (45.426758671257915,-73.63411638740365)
1 (45.612024508259154,-73.30573802743442)
1 (45.5417467072642,-73.30365012664659)
1 (45.65084860406223,-73.4936757212691)
1 (45.37913624276234,-73.69964612351353)
1 (45.63845587990145,-73.30400187492798)
1 (45.3158232753552,-73.43643858756981)
1 (45.558361325798096,-73.3466529286702)
1 (45.60370645546737,-73.55582239908651)
1 (45.70644205891369,-73.29919092561012)
1 (45.439451616264606,-73.26088456310062)
1 (45.62403101982268,-73.36839116690487)
1 (45.42714768296256,-73.59423584516964)
1 (45.704183100165714,-73.74718688477556)
1 (45.414460092363164,-73.74544203080923)
1 (45.48126088681472,-73.52496353956589)
1 (45.65212600651206,-73.65243425097697)
1 (45.46603781940905,-73.2938631932869)
1 (45.586499086414854,-73.52603367758074)
1 (45.381192487662716,-73.71280253471147)
1 (45.34533962047352,-73.37545613318066)
1 (45.28536840144814,-73.54432591166805)
1 (45.61815930902884,-73.54576755267905)
1 (45.347899587938464,-73.6672079098002)
1 (45.664168067248724,-73.69574210967966)
1 (45.45085291941929,-73.28988775433768)
1 (45.603233851765594,-73.5464297681855)
1 (45.35021399467727,-73.54636105604341)
1 (45.458254229471265,-73.61697078482918)
1 (45.323844104992666,-73.3470720792208)
1 (45.62095229823829,-73.53480027696465)
1 (45.570261685233675,-73.28264291842798)
1 (45.507347426231284,-73.36236602261565)
1 (45.59935230139343,-73.53794388198311)
1 (45.65401472312602,-73.72183852547901)
1 (45.47378720201815,-73.66805220307316)
1 (45.381735507515025,-73.32302266121245)
1 (45.51823089807913,-73.71606447719178)
1 (45.41925399947337,-73.30778574710992)
1 (45.51234454955332,-73.51552080288825)
1 (45.53659428248349,-73.61679725855343)
1 (45.42314214544195,-73.61736691192168)
1 (45.28475429262154,-73.36123100995569)
1 (45.41243263843584,-73.61292336318422)
1 (45.37658225399889,-73.44331101549216)
1 (45.67588180110976,-73.69024885744095)
1 (45.572254105266374,-73.41518769163204)
1 (45.63165344931265,-73.56157776546951)
1 (45.65200881993457,-73.29561159656889)
1 (45.578640353477645,-73.43417990156036)
1 (45.66866171846069,-73.27822731995764)
1 (45.686971017336916,-73.46603345480828)
1 (45.67290417072223,-73.4640406932046)
1 (45.566779285219795,-73.65112016981932)
1 (45.495511456386375,-73.43371770909417)
1 (45.685149406487135,-73.31694453425752)
1 (45.45231879407751,-73.64285442559854)
1 (45.5657002527985,-73.38904706025743)
1 (45.51018863833998,-73.27521217728741)
1 (45.510447688533134,-73.28382437667298)
1 (45.51518099889714,-73.32514316365311)
1 (45.529385469631606,-73.73188700876858)
1 (45.53775150792155,-73.30103679440498)
1 (45.749650218966906,-73.5094787407299)
1 (45.7340402984881,-73.5465978147734)
1 (45.30318734402374,-73.46514917036927)
1 (45.357178222662604,-73.2661224491424)
1 (45.55951016880269,-73.37291429418563)
1 (45.67802494963799,-73.41366949786699)
1 (45.578445484434035,-73.52155788494936)
1 (45.59086696684029,-73.66412873997274)
1 (45.30668455613551,-73.56251920712985)
1 (45.58634172238052,-73.72666930493915)
1 (45.33150924612019,-73.48598079421049)
1 (45.571217386197496,-73.28790643873306)
1 (45.43523884439595,-73.67631296039319)
1 (45.70264605912928,-73.38335519999427)
1 (45.26474392055587,-73.31394945228341)
1 (45.48312147809664,-73.49134545269202)
1 (45.64179923570636,-73.4410620653878)
1 (45.33161067940748,-73.62355275291335)
1 (45.39209868578181,-73.29306941966396)
1 (45.706192012892295,-73.65065517927806)
1 (45.563430804507476,-73.51705867291247)
1 (45.60402081492383,-73.55035683624939)
1 (45.536814437714,-73.65161651532097)
1 (45.40555655672028,-73.69812409363085)
1 (45.30831959613522,-73.7303588230751)
1 (45.561724202002644,-73.73846088947845)
1 (45.633849683899506,-73.59361640660538)
1 (45.54504543598421,-73.47640546688086)
1 (45.28433677218678,-73.44927733994248)
1 (45.298763878282685,-73.6151607184605)
1 (45.35460249680849,-73.41470399202208)
1 (45.6216014939449,-73.53637611864939)
1 (45.405562983235164,-73.69693620875154)
1 (45.520022018726294,-73.67457987050706)
1 (45.69650683108764,-73.72805990923058)
1 (45.54473997596831,-73.3766149116844)
1 (45.38185112151176,-73.46666323440112)
1 (45.50370286157848,-73.46066320635752)
1 (45.30508116833602,-73.70472067176433)
1 (45.70988653167311,-73.49754819387297)
1 (45.421505399422784,-73.58203799414729)
1 (45.57898288853714,-73.6294856610324)
1 (45.42100768579498,-73.607559554494)
1 (45.43942159230269,-73.51830869810493)
1 (45.30215514121253,-73.31838177518752)
1 (45.355156320949824,-73.27642313896585)
1 (45.469820132305514,-73.27323495856669)
1 (45.59025905568308,-73.47935501209686)
1 (45.38990121501281,-73.37748861063982)
1 (45.56360418198003,-73.58873227088996)
1 (45.436778335978204,-73.57140314860388)
1 (45.251787682378,-73.32889839314619)
1 (45.31181330260163,-73.68239404872273)
1 (45.49891484127203,-73.25908599649945)
1 (45.29450776162265,-73.74549237228689)
1 (45.583002982665796,-73.46618388718775)
1 (45.61185610919924,-73.33397867550991)
1 (45.67048447459638,-73.4706118829089)
1 (45.375982001403344,-73.41433505022154)
1 (45.46265805382847,-73.58967250104568)
1 (45.34532269199809,-73.4462032980116)
1 (45.40092520226842,-73.63897993803977)
1 (45.71042635972365,-73.38895501268334)
1 (45.25126123305955,-73.4731713835274)
1 (45.69185299112843,-73.45177241680096)
1 (45.732609342546986,-73.47208688482891)
1 (45.46472085911458,-73.33380664622345)
1 (45.58874888764518,-73.66795894679211)
1 (45.29211561137078,-73.3450232711922)
1 (45.628677718894394,-73.28288378578101)
1 (45.25788045932623,-73.67676282615395)
1 (45.276661330659635,-73.5039516414966)
1 (45.638231187911664,-73.70383688874792)
1 (45.57984023751279,-73.36589375651376)
1 (45.74119094678378,-73.54714850906839)
1 (45.41865000874122,-73.63795943263457)
1 (45.47301522426625,-73.70736841094654)
1 (45.353296752268996,-73.62296684035766)
1 (45.461578349935685,-73.39611681298767)
1 (45.618144177432214,-73.27207671564958)
1 (45.27811867233429,-73.7413931901177)
1 (45.74510652655518,-73.49881875658214)
1 (45.65079019236985,-73.32866456732037)
1 (45.65700508771446,-73.54025566385836)
1 (45.55614439230759,-73.5580659332012)
1 (45.32233420116417,-73.66190053097975)
1 (45.70796662921512,-73.55158407454596)
1 (45.70399586569653,-73.43610873558869)
1 (45.7368174457456,-73.33188940606414)
1 (45.266300588902425,-73.7411456580505)
1 (45.26817956636234,-73.71664808443663)
1 (45.72689514261165,-73.52998742520089)
1 (45.6622876165825,-73.32868981374442)
1 (45.55326626089904,-73.30414204566186)
1 (45.37451796075918,-73.31332474880291)
1 (45.40708269531357,-73.59838392306719)
1 (45.73164202025002,-73.27939560504825)
1 (45.333876144750874,-73.63727517908484)
1 (45.39629735288427,-73.64031951660095)
1 (45.48042503149477,-73.66370262339166)
1 (45.40970610254712,-73.4254166194297)
1 (45.49769323729776,-73.26338974410585)
1 (45.4609718482813,-73.2602407783646)
1 (45.55328925804542,-73.31744852119937)
1 (45.43021107098009,-73.57742050711907)
1 (45.534149573937135,-73.50751638080814)
1 (45.292326573181526,-73.7166862384266)
1 (45.567513155601674,-73.57487905367246)
1 (45.64840592981898,-73.40430317279001)
1 (45.4262425013924,-73.29621047617161)
1 (45.47252872051255,-73.66804665625419)
1 (45.71315971201984,-73.38416658734931)
1 (45.62319217276966,-73.54415021471046)
1 (45.43830450387787,-73.25104995393203)
1 (45.27061551307031,-73.46732419985874)
1 (45.712884242716086,-73.28811816969454)
1 (45.63385936783759,-73.50398619534894)
1 (45.28417457369528,-73.5118387873095)
1 (45.30499691330481,-73.59226190731867)
1 (45.52674210846443,-73.61149962362121)
1 (45.46149966220539,-73.69010866695248)
1 (45.28709940228171,-73.60006331598157)
1 (45.432551395320644,-73.70508139134171)
1 (45.6512652964283,-73.42201068915482)
1 (45.39017935601874,-73.28580373963902)
1 (45.26769232686462,-73.5081479699763)
1 (45.38189294009369,-73.49612555485187)
1 (45.31163588619428,-73.38795818278703)
1 (45.507945680935975,-73.56824011924581)
1 (45.52127836462304,-73.5750576196964)
1 (45.27338713364606,-73.34070320293301)
1 (45.470784595802904,-73.53067404634673)
1 (45.512746995665935,-73.63133852541118)
1 (45.37095329558784,-73.58379303181522)
1 (45.29349483837975,-73.67343242714739)
1 (45.70424247052323,-73.74472517025468)
1 (45.35334425495274,-73.35641331654844)
1 (45.407685003245405,-73.39132667633284)
1 (45.416021246530605,-73.35937967363851)
1 (45.614573905640796,-73.33396176985714)
1 (45.66029229578263,-73.34738315395823)
1 (45.65378516446285,-73.27652549491798)
1 (45.68784864065672,-73.7162913226077)
1 (45.584219047379236,-73.68645127793576)
1 (45.547068577479706,-73.42234772172775)