900 900
101 (45.5,-73.5)
1 (45.51107945672097,-73.56660765603192)
1 (45.7217309048161,-73.71721464214482)
1 (45.29057378930217,-73.58634466992503)
1 (45.48642797534492,-73.62832719682739)
1 (45.48010433329467,-73.47768009695005)
1 (45.663727951160325,-73.27780507438801)
1 (45.53213538968926,-73.53572198749391)
1 (45.59206136508792,-73.62096149722944)
1 (45.26165855299375,-73.47990376269324)
1 (45.52785809442316,-73.4076166611132)
1 (45.539541960760516,-73.33446398819908)
1 (45.26063638536472,-73.62596612539366)
1 (45.47703759333479,-73.37283337551209)
1 (45.41554667686645,-73.37967246614569)
1 (45.57033382916593,-73.54119676509735)
1 (45.25429837271574,-73.57414142260268)
1 (45.36827902572356,-73.6314787008157)
1 (45.262448860678454,-73.44761193953029)
1 (45.71126491803148,-73.31335632735473)
1 (45.42870958427092,-73.37673221913056)
1 (45.464747000145174,-73.45863407240779)
1 (45.380224871760404,-73.51471204732435)
1 (45.43699240702366,-73.49941984045327)
1 (45.43670499681458,-73.68293465474895)
1 (45.32738397382076,-73.35402310939355)
1 (45.68584574973212,-73.53407904862061)
1 (45.59897256367869,-73.73135053565962)
1 (45.36264252563038,-73.33634717318068)
1 (45.606957812701516,-73.38580550310468)
1 (45.63600771300391,-73.29430780699415)
1 (45.643391088140056,-73.64030309538998)
1 (45.36752607465357,-73.62216237187306)
1 (45.27763233692882,-73.7249927728781)
1 (45.50923333903195,-73.6199055366065)
1 (45.48195600238635,-73.69363641610187)
1 (45.54997936193403,-73.27189677403042)
1 (45.532189554615336,-73.37831973120001)
1 (45.30323758292256,-73.39077673232562)
1 (45.564381131795116,-73.52628064847958)
1 (45.353148704694284,-73.56745530486141)
1 (45.45023153214127,-73.43011876939252)
1 (45.64013686803026,-73.66006641133775)
1 (45.32638850442267,-73.514505315961)
1 (45.47261289052521,-73.26132731173757)
1 (45.67569023100229,-73.47874360377145)
1 (45.69707929034151,-73.52465821816905)
1 (45.31205755565801,-73.71513545235092)
1 (45.345378270575125,-73.4047111300107)
1 (45.464973240776935,-73.32808948541928)
1 (45.30487406970614,-73.27762455412082)
1 (45.39434949715847,-73.66826263034875)
1 (45.42503713794477,-73.55036392615258)
1 (45.5920736674693,-73.36975674819513)
1 (45.482198427544056,-73.74692540597091)
1 (45.64263476380223,-73.43649768390053)
1 (45.57316759047389,-73.67197375663432)
1 (45.72197228188374,-73.46640449323472)
1 (45.297959998012324,-73.59965289710925)
1 (45.51105178208133,-73.62881213403824)
1 (45.5220529970114,-73.51685080145147)
1 (45.488659952593885,-73.5218413627932)
1 (45.57939281442437,-73.26611832164181)
1 (45.64652526051777,-73.53201502053405)
1 (45.48879912106826,-73.48373444621694)
1 (45.639108650702,-73.29840028736577)
1 (45.608465145544464,-73.51307859149853)
1 (45.7402718320189,-73.34791220491151)
1 (45.645927099176404,-73.4925133021128)
1 (45.72951901742341,-73.4171439316959)
1 (45.57417714531829,-73.57039896511321)
1 (45.471621565404526,-73.40919482106437)
1 (45.278520368830954,-73.68765486369985)
1 (45.48517266620793,-73.35144795084909)
1 (45.67332657203604,-73.59044895418323)
1 (45.71798315739553,-73.62210395020112)
1 (45.58300370236073,-73.69214186034893)
1 (45.56021734826891,-73.59950874843425)
1 (45.377320633621345,-73.59452822119742)
1 (45.329781124855806,-73.25891817028844)
1 (45.68763238572515,-73.5037119528636)
1 (45.558713171858045,-73.59632264325943)
1 (45.50761213681126,-73.43561939776797)
1 (45.39419295386387,-73.59831112749262)
1 (45.599769799165244,-73.50019787203654)
1 (45.30326780671649,-73.30068342335193)
1 (45.38733792614009,-73.68176466253158)
1 (45.53651448442768,-73.28662574626436)
1 (45.41003138282755,-73.39576471403933)
1 (45.46258901677705,-73.26774498128736)
1 (45.46173798793275,-73.69936307198557)
1 (45.43298164760638,-73.66811208027968)
1 (45.708373262915046,-73.36484135900255)
1 (45.27428256058156,-73.39269614014313)
1 (45.40493303013173,-73.59068524088042)
1 (45.33387648740078,-73.70717568537778)
1 (45.29220348795633,-73.42554286552195)
1 (45.724223515640844,-73.38609429324045)
1 (45.35563902864734,-73.51490258532645)
1 (45.520745841221,-73.50068336397206)
1 (45.37159418427473,-73.54938061745749)
1 (45.66882922638877,-73.41640491111076)
1 (45.54939643557136,-73.29692779601694)
1 (45.74656064482094,-73.25337315834967)
1 (45.60167262122684,-73.33905734770732)
1 (45.511562099596055,-73.73029375864321)
1 (45.73989261072431,-73.60336343807528)
1 (45.332644082771026,-73.46441542370918)
1 (45.39726933510461,-73.4911435880809)
1 (45.66999002593724,-73.43621861135291)
1 (45.42695529481094,-73.3398555796219)
1 (45.72119662113932,-73.44817198128646)
1 (45.609901507161496,-73.63543273328312)
1 (45.69473309488628,-73.5118674366616)
1 (45.53379532430105,-73.29914939399774)
1 (45.407246050320346,-73.68720005203338)
1 (45.272169658975116,-73.51777128676005)
1 (45.52662412458911,-73.47098990736156)
1 (45.30107681236699,-73.46414344029895)
1 (45.29885083917722,-73.39054799727614)
1 (45.73964577492518,-73.36816148759421)
1 (45.50341162545967,-73.5001690827688)
1 (45.290392843257834,-73.74523971989693)
1 (45.67938461923741,-73.50538969720317)
1 (45.68533103793381,-73.67093291972755)
1 (45.35233305814935,-73.25108011356117)
1 (45.51472469955073,-73.3062861130155)
1 (45.57073024539392,-73.30504435146554)
1 (45.52676123981824,-73.42878013506174)
1 (45.52988657622793,-73.34878296599419)
1 (45.338463031012694,-73.50840834891856)
1 (45.42121124067649,-73.55142873763067)
1 (45.490838056128204,-73.38746307425362)
1 (45.3951293787216,-73.5515958687538)
1 (45.414568757270416,-73.37602818456061)
1 (45.667089112522795,-73.60498867824491)
1 (45.64646425799392,-73.56296726832616)
1 (45.327830806966595,-73.37309649676534)
1 (45.551452072043226,-73.36436477761536)
1 (45.34145429968526,-73.73015659205795)
1 (45.360060972625995,-73.28792057883614)
1 (45.527808307198974,-73.35179770325097)
1 (45.52714759818197,-73.58271606657077)
1 (45.529339106818604,-73.7193821297594)
1 (45.254045225180455,-73.36906342619106)
1 (45.356774359811446,-73.52904469887112)
1 (45.493363737168515,-73.50281702832137)
1 (45.59288070998378,-73.33378262449405)
1 (45.37334572834402,-73.3225693867911)
1 (45.709022552576904,-73.57068049296747)
1 (45.73698449701191,-73.55657180103513)
1 (45.71536229581553,-73.43346029417613)
1 (45.39003521568276,-73.529012918599)
1 (45.52228087269278,-73.34302661867764)
1 (45.691601793767305,-73.40245633783478)
1 (45.43796055542507,-73.54553307115555)
1 (45.301157229229815,-73.52478130070432)
1 (45.66506033161587,-73.6287257818502)
1 (45.7166563802284,-73.51488871690633)
1 (45.48802748775154,-73.49292596272876)
1 (45.69982574303713,-73.52172742355071)
1 (45.56182712047623,-73.54299357101459)
1 (45.28676557955867,-73.62586376984969)
1 (45.32273490107189,-73.58196971746433)
1 (45.324675559243786,-73.62186051911783)
1 (45.5423263616112,-73.58582593166412)
1 (45.358815884280055,-73.42314901604826)
1 (45.43690949660238,-73.72185382377057)
1 (45.71774160879146,-73.56887153105627)
1 (45.5263856055792,-73.64070928506176)
1 (45.30939859465896,-73.28433874741154)
1 (45.60888674036201,-73.72398054489472)
1 (45.445845469594,-73.25329012838577)
1 (45.280526142919726,-73.60538026677324)
1 (45.46016659043581,-73.70106315813554)
1 (45.383211716430196,-73.40426699815445)
1 (45.46556691764189,-73.56307014098597)
1 (45.607710373151505,-73.71518187945514)
1 (45.3336903391577,-73.4226493675603)
1 (45.714014977779286,-73.48644212787788)
1 (45.33687895423374,-73.54640040186362)
1 (45.45655322949462,-73.49456294942117)
1 (45.40739138034649,-73.7235312046921)
1 (45.31789164369347,-73.67938539731324)
1 (45.61552419559617,-73.72853772599674)
1 (45.56132586828099,-73.64726778209683)
1 (45.25813119132154,-73.5737046881515)
1 (45.41011168172367,-73.6765540825121)
1 (45.37921090789665,-73.2994590591682)
1 (45.349079707220696,-73.57076286490783)
1 (45.61503388625114,-73.3665259844332)
1 (45.622989708871565,-73.70054610148095)
1 (45.467706667042954,-73.2641295079631)
1 (45.47521897305982,-73.55544747918452)
1 (45.46312044936067,-73.73314881176618)
1 (45.53024232073293,-73.59084521317602)
1 (45.64190795235094,-73.52218330296873)
1 (45.473849794368384,-73.60419522236462)
1 (45.465333091707386,-73.34789812088918)
1 (45.32616105605066,-73.30779545630622)
1 (45.49196359014416,-73.71881442497774)
1 (45.63423413782991,-73.68277310463657)
1 (45.595527473428,-73.50387688964462)
1 (45.3334292102987,-73.60085166624442)
1 (45.549530367543,-73.58367380839789)
1 (45.339676493385966,-73.58668523993148)
1 (45.500011079120554,-73.61310300799241)
1 (45.63841054986785,-73.46415311510076)
1 (45.68423878838628,-73.34957007891167)
1 (45.73017164758548,-73.48498800774831)
1 (45.73020598373023,-73.66047299721467)
1 (45.2777380696941,-73.37746686366339)
1 (45.489447183509476,-73.71777054959888)
1 (45.67514146911858,-73.57662349337826)
1 (45.614013838389916,-73.51584958834118)
1 (45.52503091668115,-73.70554799319525)
1 (45.4873622702571,-73.71169949589611)
1 (45.667589034708826,-73.66981810908999)
1 (45.6584615035751,-73.38356986258876)
1 (45.45156766273579,-73.50396337657266)
1 (45.60860431757408,-73.63583051183694)
1 (45.37599799326669,-73.37009328207309)
1 (45.50120523725482,-73.54367101982243)
1 (45.5597439342838,-73.35442601146795)
1 (45.52629497057546,-73.73156977050623)
1 (45.715305552357414,-73.43743512287705)
1 (45.553471779716716,-73.41413047410617)
1 (45.41314263796458,-73.72768666074383)
1 (45.549745939368094,-73.49692725564826)
1 (45.423276981160846,-73.74816982230747)
1 (45.602014142164954,-73.33841725666991)
1 (45.312044837800755,-73.74702979668426)
1 (45.40782663955113,-73.51177257502052)
1 (45.25360986123942,-73.67209177619834)
1 (45.262660571154356,-73.37765159299782)
1 (45.68820943040875,-73.6004206352082)
1 (45.37708888113565,-73.48547242615791)
1 (45.522096251238125,-73.55039129405573)
1 (45.30303461144345,-73.26166945927667)
1 (45.51774977412951,-73.7243501784596)
1 (45.33472682369544,-73.61870657473396)
1 (45.367170769590004,-73.33492870845234)
1 (45.47702436307534,-73.52828910784358)
1 (45.67593530316124,-73.25742515250283)
1 (45.44145019390632,-73.74625904737987)
1 (45.71117283213135,-73.32440180449828)
1 (45.63857926877651,-73.2550763035418)
1 (45.28274640550798,-73.63674964303318)
1 (45.28434902426428,-73.60258169344577)
1 (45.53365113438196,-73.30795343469627)
1 (45.52741227043742,-73.66290527180024)
1 (45.71301051759482,-73.58514539406247)
1 (45.434827883062795,-73.42692671698273)
1 (45.6930384179542,-73.301766204979)
1 (45.744185734094735,-73.74561215622418)
1 (45.56994768083588,-73.61225759856639)
1 (45.50168791029895,-73.4998452477477)
1 (45.65802486044064,-73.4391910711598)
1 (45.557759075311544,-73.45503784122685)
1 (45.54595365084168,-73.52759303802053)
1 (45.384434640764475,-73.57784873504906)
1 (45.634957938254324,-73.44995678002316)
1 (45.3120762645832,-73.34575712747915)
1 (45.71944865926565,-73.33853751529544)
1 (45.556889739001775,-73.56803002089408)
1 (45.70259708314486,-73.53900696075875)
1 (45.32527141661122,-73.45879103002532)
1 (45.46162000465811,-73.28139938940888)
1 (45.33618487697529,-73.65944105879457)
1 (45.6905512538106,-73.35051181214108)
1 (45.29857043818215,-73.59859903410528)
1 (45.251886538799816,-73.6085260485723)
1 (45.717215800907205,-73.5030240862633)
1 (45.66272739687818,-73.57760119488394)
1 (45.37756702417522,-73.5326484100818)
1 (45.32591316900415,-73.62954037217358)
1 (45.47763471009455,-73.40689310932451)
1 (45.49211804905481,-73.65336604849472)
1 (45.633451002512956,-73.51785713566619)
1 (45.705003692454376,-73.37974384304454)
1 (45.383459094739386,-73.38876263000523)
1 (45.638256244714334,-73.33367499048649)
1 (45.356767179742754,-73.43320762742357)
1 (45.28069967700841,-73.66373333457776)
1 (45.45037518913686,-73.30232048630657)
1 (45.36366568642461,-73.35735299119587)
1 (45.681282870602764,-73.67282786327877)
1 (45.25341398393444,-73.5972783867787)
1 (45.34081405686757,-73.62934158288517)
1 (45.25063447306231,-73.74426894108643)
1 (45.68054219993023,-73.32883704212477)
1 (45.34892677739486,-73.64550582817925)
1 (45.601878602174864,-73.40433957193355)
1 (45.504640384000915,-73.66687910436849)
1 (45.70468519262749,-73.56825238088099)
1 (45.36157210577708,-73.5304386806333)
1 (45.57419943849167,-73.6135531470054)
1 (45.655755935786935,-73.70577316033095)
1 (45.35011009394645,-73.48325419882889)
1 (45.697943432405275,-73.25593615549188)
1 (45.426797919473564,-73.2850639980991)
1 (45.39436131782353,-73.67476989699676)
1 (45.579556574453505,-73.56910595290184)
1 (45.71994601819243,-73.3730817191564)
1 (45.39803431193134,-73.36184319132785)
1 (45.40249327073961,-73.57610927712392)
1 (45.635188399771515,-73.35902619866832)
1 (45.31102430652386,-73.48406589122145)
1 (45.44771934523917,-73.32452293580832)
1 (45.66715806984303,-73.62128784058078)
1 (45.512253416901125,-73.62030932322452)
1 (45.7143926040872,-73.35761096554701)
1 (45.65046717994178,-73.40569052717333)
1 (45.38693680027046,-73.62808431585457)
1 (45.38589903116145,-73.39099195395474)
1 (45.31709694344447,-73.40398420198774)
1 (45.28536800405952,-73.61250137446089)
1 (45.708210963298015,-73.47932222218263)
1 (45.50872141670795,-73.51136184839787)
1 (45.67873642478634,-73.63264660833862)
1 (45.70205826628719,-73.64940803762073)
1 (45.65233655199647,-73.703916472901)
1 (45.721626370171734,-73.67960627721135)
1 (45.728672090302325,-73.59058407256599)
1 (45.66826679556371,-73.70780210416001)
1 (45.72009474372848,-73.61575078757676)
1 (45.34558015096112,-73.43589656763528)
1 (45.68055151312318,-73.65436772273966)
1 (45.528914834835,-73.46436572413559)
1 (45.28474737374874,-73.3209327260787)
1 (45.34682833325364,-73.35420590512996)
1 (45.33797709093903,-73.42399044982363)
1 (45.63184824221228,-73.50492979965257)
1 (45.51002519956873,-73.27897336449401)
1 (45.29316074872365,-73.59615710901804)
1 (45.59014640133833,-73.34152634035593)
1 (45.600279734611384,-73.2656356070986)
1 (45.65437722092985,-73.4784383478145)
1 (45.74380074992477,-73.35619732706769)
1 (45.521292463684894,-73.53266014416492)
1 (45.65701966176869,-73.45819677004214)
1 (45.747809038969464,-73.66261728342069)
1 (45.34049681749296,-73.60239652503567)
1 (45.682752260852645,-73.74413330436059)
1 (45.33057302553151,-73.32105845415677)
1 (45.25263855295143,-73.41575830341962)
1 (45.4923947299135,-73.39216657082015)
1 (45.70149154817466,-73.62515374552842)
1 (45.49818128819802,-73.41325068347332)
1 (45.444496855210915,-73.29541469653485)
1 (45.672268345094814,-73.41719796433085)
1 (45.52391406823282,-73.4758161075521)
1 (45.345886695980624,-73.54273250403521)
1 (45.37490283502666,-73.57145047858232)
1 (45.46668717151422,-73.30691079293437)
1 (45.71878330687815,-73.46057933414522)
1 (45.45069759058701,-73.29602416620526)
1 (45.40173915463013,-73.50725176870336)
1 (45.64769881915656,-73.59471719082477)
1 (45.388084987339155,-73.65984854566196)
1 (45.314932557927534,-73.51092389896249)
1 (45.39895817884525,-73.4936908292125)
1 (45.65860445958227,-73.62639175179228)
1 (45.35965827762073,-73.70770803448667)
1 (45.30782174165694,-73.4091062723484)
1 (45.381845607249765,-73.72138974426463)
1 (45.531405456126215,-73.56484707315742)
1 (45.46042392667755,-73.63885223434099)
1 (45.594443263691105,-73.48039914235899)
1 (45.40917014820807,-73.45183040520953)
1 (45.37849923023387,-73.52061120444327)
1 (45.294037561609414,-73.44276156513848)
1 (45.25707313528638,-73.58553579073731)
1 (45.748547345019816,-73.32285793057531)
1 (45.726202536112176,-73.71230383955223)
1 (45.57179602981165,-73.69817005315423)
1 (45.43902641083226,-73.61917937689732)
1 (45.416345569433744,-73.49912417737261)
1 (45.58268026558095,-73.43640814895444)
1 (45.67062508165803,-73.53587153500692)
1 (45.4660681281325,-73.4500164671705)
1 (45.32846243060684,-73.35301843813366)
1 (45.25785786962044,-73.50063525084143)
1 (45.716976504891925,-73.55291140110045)
1 (45.52547180595189,-73.72971649411082)
1 (45.423299625934185,-73.73663186489424)
1 (45.57789555202862,-73.65017791600405)
1 (45.62046278651111,-73.67621068329721)
1 (45.60780381536105,-73.53755409358841)
1 (45.74326445575248,-73.28030296412662)
1 (45.26180239246425,-73.39115071027895)
1 (45.60605743939899,-73.34866939404121)
1 (45.5415118017131,-73.70249116868224)
1 (45.58612598736448,-73.52829051384222)
1 (45.352768423904145,-73.49051317304799)
1 (45.418689140267986,-73.28579599248384)
1 (45.57539499322211,-73.51951547536558)
1 (45.462554205871335,-73.59712129530054)
1 (45.72179290002186,-73.30677312760155)
1 (45.49905780499227,-73.42590986620397)
1 (45.589034874725776,-73.45203276153332)
1 (45.72117002922654,-73.41715902407068)
1 (45.2861868333955,-73.48076680753164)
1 (45.55450065476313,-73.57196364074512)
1 (45.63626417063558,-73.28710922083758)
1 (45.32743451382281,-73.49294178720065)
1 (45.71052787986434,-73.39081278693253)
1 (45.57373655188105,-73.59803230614438)
1 (45.65175218724846,-73.58536111034162)
1 (45.4077052658611,-73.4928345239772)
1 (45.48264578032728,-73.6515366258173)
1 (45.45931654313396,-73.46851588699414)
1 (45.275784842128246,-73.64228854305243)
1 (45.29478820972463,-73.35354367449266)
1 (45.38221645392918,-73.31066295403258)
1 (45.57660886349847,-73.69310266383764)
1 (45.37731734504913,-73.55285014415497)
1 (45.43631285154167,-73.46004065643584)
1 (45.48454283844398,-73.27307201311336)
1 (45.64314652810359,-73.71553975067056)
1 (45.48037772037371,-73.34607572729465)
1 (45.65225918543452,-73.33644125334507)
1 (45.46710056062502,-73.35641747994265)
1 (45.50716549324738,-73.60925795066802)
1 (45.42389929554543,-73.53151343013647)
1 (45.35296425025346,-73.65838765297201)
1 (45.61142678192579,-73.25760240911904)
1 (45.48916177145107,-73.32789764648048)
1 (45.710060244984945,-73.27430868533963)
1 (45.45393662957933,-73.2724799768501)
1 (45.51793005276704,-73.5844102333808)
1 (45.58529528390089,-73.63378284465806)
1 (45.621208340147454,-73.29071153695652)
1 (45.34880693632123,-73.2833043787177)
1 (45.6761994350718,-73.48158766271456)
1 (45.45646893584478,-73.70238988095254)
1 (45.31044908071211,-73.4308092648876)
1 (45.42674233999947,-73.64360436290036)
1 (45.65839113230103,-73.25567635816785)
1 (45.25191073182188,-73.27585807369462)
1 (45.69597521982477,-73.29028136011785)
1 (45.74565338293149,-73.55814225501531)
1 (45.32827050300638,-73.2778902694219)
1 (45.44108730825866,-73.6135889027762)
1 (45.61421586209062,-73.56797342966102)
1 (45.597521162037275,-73.38679785980801)
1 (45.58348780516626,-73.31933549351747)
1 (45.45277677109002,-73.36298069968652)
1 (45.31188337448053,-73.261087219224)
1 (45.327172977195495,-73.60745092183417)
1 (45.27366567025634,-73.34786953261468)
1 (45.545129160059815,-73.34834566827607)
1 (45.48199594984626,-73.66478337349555)
1 (45.39083458619705,-73.27419449457719)
1 (45.56187645688017,-73.69089683425612)
1 (45.45554258009613,-73.65105628502711)
1 (45.6739543426052,-73.517993932082)
1 (45.26578722310648,-73.28142593429772)
1 (45.62208768780209,-73.3433975031905)
1 (45.50418311652479,-73.72896764890984)
1 (45.532750433750536,-73.51224146784153)
1 (45.44745745674797,-73.61936247891873)
1 (45.690153567471214,-73.57548600489588)
1 (45.4499766452969,-73.69816294508743)
1 (45.447386252780916,-73.25526164584733)
1 (45.39526802004948,-73.68152825117741)
1 (45.61093074290049,-73.36879685789337)
1 (45.52290073322498,-73.27506879743986)
1 (45.31358113233192,-73.65622612090735)
1 (45.41357779499507,-73.55975961281966)
1 (45.649096576935726,-73.58599394500048)
1 (45.68140475802997,-73.25198725321185)
1 (45.74084545546543,-73.57436267480539)
1 (45.57903899078668,-73.63727563083744)
1 (45.45624778757951,-73.65270066040695)
1 (45.268786171247584,-73.25409148395403)
1 (45.65899885393844,-73.44776945531203)
1 (45.45069971859196,-73.6653606607559)
1 (45.711857845339566,-73.40614748174437)
1 (45.3673513727975,-73.40093199449133)
1 (45.40421123172557,-73.49422010264581)
1 (45.424180048908134,-73.38420586384967)
1 (45.580671090299916,-73.63983397169072)
1 (45.27418898242823,-73.3705001297899)
1 (45.48964460250215,-73.45075688247864)
1 (45.71624960963214,-73.62345649565746)
1 (45.25411174854261,-73.74850200317195)
1 (45.64738388370894,-73.7388958986992)
1 (45.39077375400896,-73.69386831686758)
1 (45.59113504556041,-73.69301192796054)
1 (45.468285940003845,-73.2527173058342)
1 (45.49650003067202,-73.34364686346227)
1 (45.30046414896314,-73.45704862964747)
1 (45.5648852148692,-73.74962519316529)
1 (45.51615489837028,-73.35735579629801)
1 (45.31616014318308,-73.29372511769633)
1 (45.43388498230429,-73.73753543433673)
1 (45.44912248427716,-73.69984897972822)
1 (45.3964573647142,-73.57329204691281)
1 (45.28655054563797,-73.62430898625256)
1 (45.58833549524117,-73.359022999717)
1 (45.7205080394191,-73.57487495324493)
1 (45.36695947605624,-73.30658638905095)
1 (45.58967906272191,-73.46933665219649)
1 (45.28806287194441,-73.53214753231505)
1 (45.32724948645104,-73.68781323870931)
1 (45.29461007702663,-73.6944676815593)
1 (45.51521430506132,-73.49989828843843)
1 (45.46914959955888,-73.62954163585889)
1 (45.66897878435011,-73.25895897209205)
1 (45.32017973483559,-73.34240871351929)
1 (45.6547343441852,-73.25151368691394)
1 (45.284548598754405,-73.26725479299311)
1 (45.611328728049976,-73.56959275301944)
1 (45.4799614937571,-73.49159086587711)
1 (45.60821291963686,-73.33834232419683)
1 (45.73434418057717,-73.6593365711148)
1 (45.521535921292575,-73.57986204453731)
1 (45.552111556204586,-73.52105519108453)
1 (45.25157136019205,-73.42737266645491)
1 (45.45131692447912,-73.5873796025059)
1 (45.43639863442536,-73.32129003509148)
1 (45.52020790797616,-73.56383648688323)
1 (45.739124253990795,-73.72063750734479)
1 (45.59689067112323,-73.70181919336028)
1 (45.59891740034334,-73.74945925085328)
1 (45.671605182781434,-73.39137760160452)
1 (45.539747105418506,-73.56850241370176)
1 (45.447539706215565,-73.74678633248476)
1 (45.72494665067273,-73.61741651920318)
1 (45.47316373519881,-73.59552046143529)
1 (45.43059398746646,-73.7120740167422)
1 (45.37673425818153,-73.6753110921079)
1 (45.486185480088814,-73.30534628465396)
1 (45.49193108679,-73.47237096389006)
1 (45.49719336407742,-73.52777500384214)
1 (45.562502516322425,-73.49667321765297)
1 (45.32083559872098,-73.41705903821389)
1 (45.25335394921402,-73.38733453713888)
1 (45.31375027374566,-73.52213276095087)
1 (45.37568710973033,-73.57269678342476)
1 (45.30825468347213,-73.3288418651963)
1 (45.554598888484705,-73.27561916297917)
1 (45.60248286633793,-73.6998285467805)
1 (45.52897441378504,-73.45478592340832)
1 (45.468933214282316,-73.25121797305918)
1 (45.3755596367733,-73.30750286799203)
1 (45.29582154028396,-73.30305399609333)
1 (45.69177462823638,-73.72849826453499)
1 (45.47612287577894,-73.73916188763172)
1 (45.655129507055946,-73.622662491847)
1 (45.550298720531885,-73.29522188165673)
1 (45.401030788804576,-73.70745313494332)
1 (45.390444770530564,-73.4613174736087)
1 (45.32531660035784,-73.41286052495447)
1 (45.38595743128496,-73.33707800296793)
1 (45.72303493569877,-73.6933714539873)
1 (45.65380545356617,-73.41376547139541)
1 (45.620780339124885,-73.50728711872729)
1 (45.25010684920102,-73.37826108288955)
1 (45.74632940354612,-73.39404390340775)
1 (45.70394890399205,-73.6388874193368)
1 (45.306367154310564,-73.48985385576012)
1 (45.42925282343334,-73.36235752167192)
1 (45.61077145240611,-73.46602460306862)
1 (45.69597270041284,-73.38487296261216)
1 (45.59022363246589,-73.2527363943638)
1 (45.35803163387582,-73.4184979006789)
1 (45.40283945395702,-73.5238469391031)
1 (45.44213639305446,-73.51641728744409)
1 (45.61506509570668,-73.26546272004963)
1 (45.49897502987045,-73.28754212627138)
1 (45.37225852842897,-73.33255844377095)
1 (45.30629023126212,-73.36215569307909)
1 (45.54517793202185,-73.71384398056506)
1 (45.591934638200996,-73.60590002048349)
1 (45.55002391715098,-73.27537175112617)
1 (45.414252317502076,-73.55938196940777)
1 (45.39173363017043,-73.53804463335061)
1 (45.6969940545768,-73.54503439423205)
1 (45.47290028058434,-73.56322827820222)
1 (45.666462543980856,-73.33159773051788)
1 (45.34399269134476,-73.27408896770072)
1 (45.57969645038571,-73.67969324205629)
1 (45.34447482300489,-73.52807168934117)
1 (45.66424106636089,-73.50943934597117)
1 (45.49897661399143,-73.4781007118724)
1 (45.612416087151225,-73.33291812020528)
1 (45.58784257154226,-73.71662796101245)
1 (45.28597977126899,-73.48052941520606)
1 (45.5071859861316,-73.38757273154485)
1 (45.49070169340727,-73.52087552215876)
1 (45.37000184112378,-73.37648884025158)
1 (45.27459468951726,-73.6287998031118)
1 (45.2769428182425,-73.3489635708519)
1 (45.68841996604059,-73.49555816066201)
1 (45.303038015590694,-73.30129572640638)
1 (45.32256748763239,-73.69883279847097)
1 (45.504935341031334,-73.41591780886316)
1 (45.70052712473729,-73.25840288467877)
1 (45.65217383672198,-73.376820743244)
1 (45.265904269009766,-73.39576764055877)
1 (45.42554328567957,-73.3974070758678)
1 (45.74729691941902,-73.2928723824865)
1 (45.50576419359763,-73.5447418858196)
1 (45.62333964965035,-73.40631897187075)
1 (45.296521747954166,-73.51008854214946)
1 (45.73883288892028,-73.63904720187786)
1 (45.487313667366536,-73.27590913954579)
1 (45.34211441802772,-73.40145430953015)
1 (45.263621948061676,-73.66417791359578)
1 (45.42369331922118,-73.30827533182497)
1 (45.71459494678554,-73.51989843723652)
1 (45.736654688164066,-73.45627727588644)
1 (45.371726715695594,-73.28713360899567)
1 (45.27045681497104,-73.41092585049296)
1 (45.33594607529676,-73.47265039254323)
1 (45.73148093369338,-73.69766355792088)
1 (45.615079187241484,-73.46444914219175)
1 (45.256056638319265,-73.74529385788267)
1 (45.59882487225257,-73.37899050046819)
1 (45.64467471140803,-73.36519636204814)
1 (45.54418248871097,-73.55185050687552)
1 (45.3597120081856,-73.47070327622015)
1 (45.530698604539225,-73.46182794826368)
1 (45.373231570100245,-73.34594839725986)
1 (45.571948731181635,-73.28819550151135)
1 (45.686284465557534,-73.36285460598727)
1 (45.43734682280018,-73.44482965662147)
1 (45.46662785261184,-73.61865708986876)
1 (45.746675438765834,-73.31337181080302)
1 (45.26788736011113,-73.52446438834949)
1 (45.548655822215046,-73.51036659387844)
1 (45.699929927882096,-73.41784004417316)
1 (45.384427441587576,-73.3704907029578)
1 (45.71757669412823,-73.29924331658887)
1 (45.26698259360637,-73.40952916568216)
1 (45.38277366894022,-73.30339745602575)
1 (45.57840246182399,-73.34667336405305)
1 (45.533951338028146,-73.51225984043012)
1 (45.598166512488646,-73.31600859245681)
1 (45.26554246403816,-73.69624863146203)
1 (45.72785842156507,-73.68172650151739)
1 (45.480490827409675,-73.53473610528546)
1 (45.47026681437106,-73.39064106593763)
1 (45.5290717966622,-73.3155491646354)
1 (45.35418065211955,-73.54900435351533)
1 (45.58845884160337,-73.54632321559224)
1 (45.27010409275238,-73.39841172749937)
1 (45.46920863319022,-73.32803586388468)
1 (45.59666715645519,-73.58775372507179)
1 (45.45720040599169,-73.74290252643308)
1 (45.55268380478966,-73.5947150993594)
1 (45.61255359060334,-73.39504626702794)
1 (45.405609966565514,-73.34123920635179)
1 (45.650661152790335,-73.61296003829472)
1 (45.5035800546067,-73.47266916411799)
1 (45.6247141639969,-73.67775951805902)
1 (45.5752508033307,-73.4299451082498)
1 (45.61395650745972,-73.28058056562716)
1 (45.35935765039989,-73.33827957842986)
1 (45.497396990024725,-73.73620561397868)
1 (45.38418909184049,-73.36415140108964)
1 (45.658819101912286,-73.28810872798252)
1 (45.61611064197737,-73.5552512721491)
1 (45.62566743719765,-73.63258981256308)
1 (45.73582055837331,-73.2751800612039)
1 (45.69175248657559,-73.56652349772523)
1 (45.481195435471946,-73.67624406402783)
1 (45.511704450741355,-73.4244791166695)
1 (45.31638439866953,-73.71960917452374)
1 (45.48371925248699,-73.71657333446625)
1 (45.64823659873164,-73.55236922866078)
1 (45.4563790062645,-73.60839767431045)
1 (45.4131972548688,-73.58575127272881)
1 (45.40519172861225,-73.5987185768832)
1 (45.60048352490852,-73.3877239773075)
1 (45.72498404406277,-73.4493779989204)
1 (45.66065206898077,-73.50669304619697)
1 (45.675393302233836,-73.60492823011256)
1 (45.27259601932112,-73.58076056749178)
1 (45.29844425693637,-73.50701489002464)
1 (45.60655995712656,-73.55919318124964)
1 (45.29955859093118,-73.360377696441)
1 (45.525937003188155,-73.5692870598894)
1 (45.44633366667647,-73.54356885815133)
1 (45.61641325065156,-73.4027352461406)
1 (45.49304051772403,-73.4780946657133)
1 (45.51745036578107,-73.27089655288815)
1 (45.483029164657694,-73.37466608693327)
1 (45.25814777756644,-73.3880323993611)
1 (45.51609243967008,-73.36459979886557)
1 (45.66720222937376,-73.58562168608815)
1 (45.69332831304545,-73.59814156860253)
1 (45.4349825043397,-73.53928103469846)
1 (45.468153415015436,-73.44958914160436)
1 (45.55466358030584,-73.30261147036927)
1 (45.53885915364667,-73.51157259856119)
1 (45.65891478658761,-73.68945989447779)
1 (45.715464829969825,-73.5877052629937)
1 (45.69881255661496,-73.62762709795798)
1 (45.38161060776019,-73.40404913484623)
1 (45.48244916614537,-73.42297188090754)
1 (45.25084641432576,-73.25544373187013)
1 (45.30213437163137,-73.42315379384556)
1 (45.58591115817598,-73.2827282715019)
1 (45.73113801894478,-73.35492513048621)
1 (45.40945980366338,-73.54124213818972)
1 (45.66359712301216,-73.62792547747418)
1 (45.48518433334948,-73.46971939500722)
1 (45.30451200235823,-73.65135048825897)
1 (45.489387770492776,-73.30179823124843)
1 (45.59068153738903,-73.69765915075641)
1 (45.32480874077965,-73.37984706788126)
1 (45.437978647412294,-73.56965204746392)
1 (45.45085730070167,-73.73266422169277)
1 (45.26554278462268,-73.28379589682856)
1 (45.41741115099051,-73.6648385476152)
1 (45.4432669290469,-73.67358776842241)
1 (45.49293452217645,-73.47616416571398)
1 (45.64538251242078,-73.74204528266895)
1 (45.37192037541947,-73.28448257899706)
1 (45.569996275307304,-73.25207696514775)
1 (45.43151973274493,-73.26468104993403)
1 (45.602109194334396,-73.43753017291611)
1 (45.38271042843647,-73.44030666227626)
1 (45.255947837468945,-73.34613161019674)
1 (45.42747060508923,-73.4723607896751)
1 (45.63136496796673,-73.68832874429253)
1 (45.690160817379876,-73.6823193868048)
1 (45.658616344146736,-73.66320826486461)
1 (45.73868164068864,-73.3232797255928)
1 (45.58599698562864,-73.56421057758403)
1 (45.44896220123882,-73.3743649171186)
1 (45.48562056627972,-73.53327756662178)
1 (45.29494809572706,-73.37912276058448)
1 (45.51405156975877,-73.63236365755851)
1 (45.36549562322119,-73.5786363365795)
1 (45.26655060800934,-73.43590806971683)
1 (45.51944246220092,-73.30441868842517)
1 (45.306369087309335,-73.61690938501667)
1 (45.590613233736455,-73.29489486476099)
1 (45.333830009364036,-73.50266141182223)
1 (45.44563156697448,-73.28237990447136)
1 (45.48385786894303,-73.314002114709)
1 (45.47914882451667,-73.36494169467659)
1 (45.40517089439481,-73.2740956585269)
1 (45.30346252475549,-73.32939324732556)
1 (45.579525143121415,-73.47931039409211)
1 (45.45248622824068,-73.72788946975885)
1 (45.28520031831258,-73.36567358621025)
1 (45.3736455742104,-73.63120869614048)
1 (45.695343262501474,-73.2796766588025)
1 (45.32551364733965,-73.58678010571008)
1 (45.32883578277639,-73.57187293019072)
1 (45.53386202201627,-73.39887313066653)
1 (45.43902911448963,-73.27575222081944)
1 (45.58429217124002,-73.42209603301195)
1 (45.43398825542239,-73.31279544436497)
1 (45.54572526818921,-73.61745568873161)
1 (45.570815161008056,-73.2774045249872)
1 (45.725766445139165,-73.66271150933565)
1 (45.45617058455175,-73.70257154218555)
1 (45.25632323061869,-73.4356118053224)
1 (45.31528992854186,-73.28869350614308)
1 (45.395845775646805,-73.69983107391454)
1 (45.56258967114431,-73.39385751048002)
1 (45.51317011607072,-73.31903277715517)
1 (45.4183862407852,-73.63421381017974)
1 (45.68718368481636,-73.3044618937039)
1 (45.66830033754488,-73.72772212183826)
1 (45.716395792259,-73.46582765750861)
1 (45.65459531670347,-73.73360000558648)
1 (45.58298405261292,-73.38396695045515)
1 (45.72199909480167,-73.59321949178458)
1 (45.55700078647841,-73.35688441088818)
1 (45.61448477673503,-73.36599143331372)
1 (45.65816208658461,-73.38824588930926)
1 (45.73403598269692,-73.27594516664941)
1 (45.615005139322776,-73.68925718072354)
1 (45.72759874327968,-73.64125359426279)
1 (45.27418802409088,-73.55109046686135)
1 (45.564222449755945,-73.44987218032301)
1 (45.616319120354774,-73.31562658849248)
1 (45.6008181787801,-73.26975312085132)
1 (45.62894193623972,-73.5272613485206)
1 (45.61201362981388,-73.34176399502601)
1 (45.272164052876626,-73.68787987649466)
1 (45.377259472454845,-73.59748301216402)
1 (45.647907557513506,-73.36083333840347)
1 (45.676642881843584,-73.47246129897246)
1 (45.74987125094375,-73.67785779404254)
1 (45.44578960152839,-73.74833511580951)
1 (45.32803342455406,-73.59535565374888)
1 (45.37978696825036,-73.25433941587228)
1 (45.448887304594486,-73.52331515477627)
1 (45.45623575508212,-73.59031667382862)
1 (45.27058930396591,-73.71137445002799)
1 (45.668339771864524,-73.59923319111586)
1 (45.38081379466909,-73.5221417972321)