950 950
101 (45.5,-73.5)
1 (45.72036772774543,-73.61750785989524)
1 (45.26434618888302,-73.45186403364828)
1 (45.53987282625478,-73.566126396435)
1 (45.57730949065173,-73.47289102165756)
1 (45.703731138988836,-73.71455715868305)
1 (45.40540779572915,-73.47111412116179)
1 (45.25836078683603,-73.45290232044219)
1 (45.574683287997466,-73.73466224637863)
1 (45.43840959524841,-73.64551147366099)
1 (45.36502194150006,-73.61761963030588)
1 (45.45274979329431,-73.61145253096342)
1 (45.64900593465268,-73.65438471456824)
1 (45.31179392142406,-73.48377775831116)
1 (45.5416996324149,-73.53652011964236)
1 (45.6159471227488,-73.64044073361146)
1 (45.600568628142184,-73.48454930392057)
1 (45.31143662740969,-73.57501320976934)
1 (45.458970255440654,-73.65213558191567)
1 (45.646810005942356,-73.48501841076617)
1 (45.5115167452731,-73.2894351396954)
1 (45.43106968031835,-73.49974074165031)
1 (45.395100819021266,-73.46614563711545)
1 (45.70271185314366,-73.34778937029998)
1 (45.525486670344684,-73.71287798540553)
1 (45.56786375923638,-73.37748668937678)
1 (45.3561074445253,-73.48195884153984)
1 (45.25526407125162,-73.69031986213777)
1 (45.32307396528779,-73.35562724944761)
1 (45.36600702219144,-73.72923760260971)
1 (45.628387229832526,-73.44081908806453)
1 (45.36677138723411,-73.47949123925265)
1 (45.591960978008295,-73.38533848881706)
1 (45.58668167020178,-73.49001303712069)
1 (45.272298578539775,-73.43019595920025)
1 (45.32999909408509,-73.70799205588004)
1 (45.41553191256603,-73.37724828173485)
1 (45.7095163045641,-73.63835113737414)
1 (45.54301816463532,-73.3000058330548)
1 (45.43883005620115,-73.59324643426513)
1 (45.62880371450858,-73.25857834660182)
1 (45.59559219460928,-73.28450397058889)
1 (45.35000262984733,-73.6972107341678)
1 (45.28238984193254,-73.73407553684706)
1 (45.315500575199316,-73.60471582008627)
1 (45.667081679326024,-73.43413941472281)
1 (45.49138308293289,-73.40434171070768)
1 (45.58021786118813,-73.37938912793153)
1 (45.7451005611961,-73.41021646372712)
1 (45.68359677910349,-73.51934660212788)
1 (45.52462071790523,-73.54249366666907)
1 (45.701062983882686,-73.33820401332639)
1 (45.673682138992206,-73.33267779008966)
1 (45.32032608080549,-73.66374156858309)
1 (45.25975139322286,-73.57433850879124)
1 (45.63288129731377,-73.435286301014)
1 (45.557398911186176,-73.28252899333994)
1 (45.37803814006548,-73.52347027709003)
1 (45.48654754481784,-73.4177034064508)
1 (45.29661457138897,-73.29171420055418)
1 (45.352410710646524,-73.6067843213723)
1 (45.58002943048704,-73.42090557300652)
1 (45.67192544262472,-73.35526126639279)
1 (45.72132730213224,-73.58465850173192)
1 (45.70009902228591,-73.4898072027646)
1 (45.53609501285886,-73.36283521382641)
1 (45.48892588409065,-73.30087996350872)
1 (45.72328050378402,-73.31567734211028)
1 (45.42139506900061,-73.56913145649645)
1 (45.578599987596476,-73.40993775742304)
1 (45.663596583922725,-73.35817750775661)
1 (45.35652041422192,-73.49182231832111)
1 (45.36904843825755,-73.63938706534309)
1 (45.300729996651796,-73.73934303110704)
1 (45.25110421571731,-73.48182984861897)
1 (45.52756022068658,-73.49885274819427)
1 (45.31166461941238,-73.69237675519854)
1 (45.25199870771777,-73.61707433411985)
1 (45.577404375903214,-73.42717824014895)
1 (45.29173293701196,-73.32085488896338)
1 (45.64833942137319,-73.41635084261412)
1 (45.37109059539793,-73.37216908473725)
1 (45.70779750387456,-73.54868307289148)
1 (45.47379348346527,-73.63556317569422)
1 (45.3777184283516,-73.65252676789487)
1 (45.36111691864053,-73.33927468835044)
1 (45.42869890581075,-73.38277096534439)
1 (45.38034828293513,-73.68968013988712)
1 (45.37030963840471,-73.68190048174178)
1 (45.337363332041576,-73.61151681826131)
1 (45.353951083697304,-73.32562207712584)
1 (45.496690256934926,-73.73349203887197)
1 (45.61787740153129,-73.59039639708031)
1 (45.702606907381856,-73.32043659126116)
1 (45.3920062898023,-73.59144447004054)
1 (45.68561750163244,-73.66907698633248)
1 (45.258745805750976,-73.3354028915241)
1 (45.33008098437599,-73.53479387815885)
1 (45.43530769811211,-73.5117824233317)
1 (45.53081376951669,-73.44140250654458)
1 (45.30283957205065,-73.51174011309233)
1 (45.25916576483415,-73.7450333095583)
1 (45.25819715395913,-73.61140552558615)
1 (45.59236880967011,-73.57660938089703)
1 (45.605290632703664,-73.69010712305841)
1 (45.73388296118113,-73.27521013136973)
1 (45.734677606498046,-73.27132546820566)
1 (45.46701667363077,-73.64677857144325)
1 (45.26243852462658,-73.57605505776812)
1 (45.53927238000582,-73.33917254858589)
1 (45.61235845720949,-73.6644874336927)
1 (45.67067031920945,-73.31547828749278)
1 (45.72905272385045,-73.61253339173349)
1 (45.715728837267406,-73.33279757397156)
1 (45.70391187320816,-73.52468284347611)
1 (45.485830287695386,-73.49338783470509)
1 (45.580604959638976,-73.52405601736818)
1 (45.35637739386481,-73.32907726979231)
1 (45.48236822775385,-73.6842305187123)
1 (45.541445924651356,-73.50829539837582)
1 (45.46941977216624,-73.67553402623037)
1 (45.3175649468425,-73.61785209748219)
1 (45.69157875027007,-73.69097288095182)
1 (45.51780704266642,-73.56876629234485)
1 (45.448531341110616,-73.49382227594242)
1 (45.29754650394061,-73.50698844591552)
1 (45.7081735668951,-73.69013439884384)
1 (45.494044239221985,-73.6757788959966)
1 (45.46207474104403,-73.57502620669584)
1 (45.36344412088308,-73.47679711651254)
1 (45.51634320269434,-73.63158881463603)
1 (45.58081600273277,-73.51162491881561)
1 (45.42603972175373,-73.47561633051204)
1 (45.63155668382565,-73.65448960115042)
1 (45.28177170793229,-73.73808223370783)
1 (45.60576068953317,-73.71037095792262)
1 (45.44821522525512,-73.56039666717749)
1 (45.43109862439056,-73.45046914345144)
1 (45.63604953541247,-73.54495893499488)
1 (45.74429153094774,-73.28917820784618)
1 (45.36115263704992,-73.65537453139754)
1 (45.406445701281136,-73.5732533113863)
1 (45.407894238151265,-73.69693671359649)
1 (45.61331275694147,-73.39477720972441)
1 (45.3669759871135,-73.62857819468202)
1 (45.63796607373897,-73.51482513509376)
1 (45.662507177723924,-73.5624786320501)
1 (45.47043504391729,-73.39439449546613)
1 (45.717867191298,-73.39686950240618)
1 (45.486514603396294,-73.47320948942658)
1 (45.53539439077997,-73.60130810704898)
1 (45.28626828002444,-73.71542801034086)
1 (45.481054492755625,-73.73179809994573)
1 (45.49166864331394,-73.5540717788499)
1 (45.47197956937271,-73.29561421181207)
1 (45.582369941226624,-73.71316821050529)
1 (45.56213218289286,-73.61254450851699)
1 (45.278783455648544,-73.46813564517994)
1 (45.609337544744136,-73.33049397559611)
1 (45.55242698581196,-73.72086164070431)
1 (45.28553971303133,-73.74899844757539)
1 (45.55494527459538,-73.31621666265745)
1 (45.66137615942945,-73.58417869094411)
1 (45.609249638824814,-73.31141398178674)
1 (45.45602842902281,-73.27301972263496)
1 (45.398900174677024,-73.42866893828388)
1 (45.29379477948649,-73.36359095428071)
1 (45.62515502253011,-73.6750293397461)
1 (45.44994392451019,-73.47092825045056)
1 (45.675037032970366,-73.60104128016603)
1 (45.60014756640784,-73.69577943927298)
1 (45.2583187324443,-73.39208268024477)
1 (45.5101522115543,-73.30527026847912)
1 (45.52650239143962,-73.44274014609545)
1 (45.41533957053108,-73.36077825150151)
1 (45.38267271364946,-73.2555222958161)
1 (45.54343776764831,-73.34890749800222)
1 (45.5275256607048,-73.43049590472297)
1 (45.32788385118644,-73.72643765896953)
1 (45.26392725007725,-73.67209921342815)
1 (45.34420175842241,-73.62947622214445)
1 (45.70003257199604,-73.63342951352121)
1 (45.377247651869894,-73.32077316247873)
1 (45.749295417754155,-73.54672035137212)
1 (45.29328827526838,-73.25726307424706)
1 (45.72462515843589,-73.4515164178417)
1 (45.54761589156022,-73.45237977863083)
1 (45.36349807173968,-73.42922232198369)
1 (45.705766987769714,-73.58454447175427)
1 (45.30100620592738,-73.58424445115915)
1 (45.294399929687586,-73.5644583318454)
1 (45.328627445802596,-73.57786277484196)
1 (45.62650017310128,-73.51943653950038)
1 (45.73792656282357,-73.3212628872616)
1 (45.46481989939982,-73.38300071383468)
1 (45.65044749789706,-73.46882615832749)
1 (45.49732227268979,-73.49230243147817)
1 (45.477733110820665,-73.62181910037864)
1 (45.59888858526023,-73.29468096280517)
1 (45.538709210868696,-73.6560407457556)
1 (45.74466019534433,-73.4477638167457)
1 (45.38559581232724,-73.32478014419395)
1 (45.72212507669342,-73.26499899044168)
1 (45.55405884361677,-73.26060380769167)
1 (45.46142234950976,-73.61036362854159)
1 (45.25849182674162,-73.7060358286688)
1 (45.366326281346275,-73.48222390952645)
1 (45.49911740547256,-73.74411182509337)
1 (45.48198462757778,-73.64692668207849)
1 (45.63402474953683,-73.47508019211585)
1 (45.6797243843941,-73.28768375672136)
1 (45.69630927823943,-73.4951926211612)
1 (45.27410141059023,-73.72366521910678)
1 (45.60415726833351,-73.67756853232021)
1 (45.61285847579512,-73.32794858944293)
1 (45.42001838158932,-73.63353623576185)
1 (45.696569827444925,-73.33107622686181)
1 (45.463935233981005,-73.3456463986834)
1 (45.29148839054496,-73.73945367312693)
1 (45.37564969077717,-73.3107214985368)
1 (45.29647521400449,-73.62467729518906)
1 (45.65028133279361,-73.61284788427615)
1 (45.31287889080198,-73.55110982349409)
1 (45.743174580599145,-73.66213507613188)
1 (45.444846054646845,-73.4046281016042)
1 (45.55093642874252,-73.38535972780895)
1 (45.32678235041924,-73.36544763874018)
1 (45.427737748676705,-73.43927997573735)
1 (45.73454645224087,-73.73228412789499)
1 (45.38862676547594,-73.53644838931737)
1 (45.38744807447919,-73.25384251862378)
1 (45.28490418081659,-73.72677031390172)
1 (45.689234271250236,-73.55672973154965)
1 (45.51053513049549,-73.4658467176049)
1 (45.68798631378404,-73.67636745496957)
1 (45.71312404191395,-73.52330920987428)
1 (45.457213107982014,-73.59933727620158)
1 (45.53815406332787,-73.74089734716321)
1 (45.413415132974926,-73.6118202707682)
1 (45.63099376515881,-73.34094677262716)
1 (45.28900613955117,-73.61939931398969)
1 (45.45759931060276,-73.41124940163401)
1 (45.57371836732142,-73.45847235572079)
1 (45.481891368299465,-73.35191488807486)
1 (45.72248005400611,-73.5588805575518)
1 (45.35546155399664,-73.46390568996172)
1 (45.30324253255669,-73.64108573559616)
1 (45.533564191491905,-73.48733589857673)
1 (45.52434715416466,-73.439336727683)
1 (45.63027469963516,-73.26041704308129)
1 (45.73776109043779,-73.73474528110539)
1 (45.365247141368236,-73.26710189986682)
1 (45.56187370722038,-73.25904688399095)
1 (45.63467860962735,-73.67302071279487)
1 (45.705534049890474,-73.29105301659624)
1 (45.55988956507256,-73.5152214830008)
1 (45.40362283755972,-73.51340637300873)
1 (45.32835459785201,-73.51151981223256)
1 (45.59369101957064,-73.42723128584295)
1 (45.74406892457917,-73.48993102271895)
1 (45.57305981505773,-73.33662701972398)
1 (45.64681187986861,-73.70770059661628)
1 (45.37626588914215,-73.61368185071863)
1 (45.74316932426082,-73.33286714237428)
1 (45.503848144326106,-73.63779174541337)
1 (45.416102699301256,-73.59908435138044)
1 (45.41521129608133,-73.47054754963999)
1 (45.74440308809898,-73.61659736369262)
1 (45.37066438541264,-73.4793101371586)
1 (45.26854483093302,-73.52881098066645)
1 (45.270720850417035,-73.25882364000051)
1 (45.48525346558105,-73.64480580620719)
1 (45.594359913985265,-73.32082208860294)
1 (45.63952908972666,-73.35345105951947)
1 (45.382187456755645,-73.62656544030624)
1 (45.60991659189569,-73.53443076209494)
1 (45.44529774894024,-73.62659632417152)
1 (45.55049025916185,-73.32554317085811)
1 (45.606125679922904,-73.54573942230705)
1 (45.46132088205414,-73.48405103733452)
1 (45.293692502730735,-73.70947068417122)
1 (45.50811942200751,-73.69265347308492)
1 (45.722386318483444,-73.25026438001342)
1 (45.70130187651542,-73.50781800039695)
1 (45.68078171274053,-73.55938094946514)
1 (45.474895946731806,-73.72975441999091)
1 (45.64499148637228,-73.36078970295718)
1 (45.27651082597657,-73.28923012880611)
1 (45.50965650096567,-73.2795252507757)
1 (45.49101712384436,-73.29671935903025)
1 (45.6989179682932,-73.25675760782886)
1 (45.37263493232289,-73.68404694635133)
1 (45.27957986875756,-73.62821083758638)
1 (45.652803574987985,-73.38773003020077)
1 (45.44915737636102,-73.63129611370627)
1 (45.62450754457544,-73.27663924187202)
1 (45.412620592516824,-73.53943003190349)
1 (45.277658775526604,-73.51439374748603)
1 (45.69338092952195,-73.53948981244717)
1 (45.47468639446869,-73.26907250337491)
1 (45.346431008464876,-73.37021240634412)
1 (45.710660526599206,-73.63936723666583)
1 (45.354537126183985,-73.62557502947115)
1 (45.698077928351694,-73.35722029076557)
1 (45.69199657415153,-73.49779986652503)
1 (45.352862654056615,-73.25228383321965)
1 (45.63471041843903,-73.5896066313943)
1 (45.73518592062855,-73.62320454428489)
1 (45.38018567736479,-73.26469165114156)
1 (45.616385079450005,-73.55478112961401)
1 (45.41656899812109,-73.32914295280732)
1 (45.60156244405798,-73.34845974937262)
1 (45.345927419913615,-73.64460608989903)
1 (45.63637029834408,-73.59642574217068)
1 (45.523729762104075,-73.5664960427813)
1 (45.26603948271064,-73.52671759369522)
1 (45.42384585067511,-73.3774059501463)
1 (45.69488449680556,-73.57833229053186)
1 (45.576368727270975,-73.6470938784803)
1 (45.51531901330948,-73.73120933880895)
1 (45.254178543015115,-73.6960343204075)
1 (45.436841307812145,-73.41627320404002)
1 (45.30340486942585,-73.56950160862952)
1 (45.44750000838993,-73.36538244906306)
1 (45.62280772647786,-73.64350784303508)
1 (45.58302641980633,-73.5300764443233)
1 (45.29758558579975,-73.68264849284442)
1 (45.36212019073045,-73.70142859218045)
1 (45.2842321472505,-73.353014165949)
1 (45.47030117697488,-73.70110801544885)
1 (45.32480190815886,-73.36080763309712)
1 (45.439290951511964,-73.48591970685783)
1 (45.4413076549567,-73.5391605933235)
1 (45.37406323074142,-73.71463587037314)
1 (45.4239615730339,-73.34187518940284)
1 (45.725503310085664,-73.26684924809726)
1 (45.6805847387138,-73.32342066735039)
1 (45.693042355976,-73.37887249855825)
1 (45.65874806490309,-73.2894961201229)
1 (45.56868314526836,-73.47137510817083)
1 (45.287071162744624,-73.39182567956672)
1 (45.70150967394817,-73.3874927252524)
1 (45.50759377237531,-73.514583083088)
1 (45.27007387779336,-73.63856158842593)
1 (45.487247689785235,-73.35794783270003)
1 (45.69897830239542,-73.36742375770929)
1 (45.503195414184006,-73.66677571302681)
1 (45.34552463639576,-73.58641676709584)
1 (45.294165150613104,-73.57922214465107)
1 (45.51247352944687,-73.32870432549403)
1 (45.357899774455674,-73.58138678111848)
1 (45.413762038731235,-73.66752261224632)
1 (45.2534509857726,-73.54965379694104)
1 (45.43145078881938,-73.60820980486399)
1 (45.43628796739325,-73.34238241862651)
1 (45.354223787245424,-73.64255431540784)
1 (45.51405319372227,-73.36695782180261)
1 (45.280439395190086,-73.27404015574591)
1 (45.56128628201429,-73.4969430855211)
1 (45.50203213296178,-73.57598606463924)
1 (45.272550128130256,-73.64717810218808)
1 (45.45949026873368,-73.33236760227584)
1 (45.265131801007165,-73.73215223135429)
1 (45.27268538122796,-73.53327985550673)
1 (45.26485394070667,-73.63483244848877)
1 (45.407505685959855,-73.45354088169778)
1 (45.7215208108175,-73.6993595714388)
1 (45.73404548121284,-73.73385439108606)
1 (45.60413607877176,-73.63163066290893)
1 (45.56852934171816,-73.30924295906017)
1 (45.72026829761094,-73.54676569090164)
1 (45.26819994397465,-73.68913087436293)
1 (45.388802689827806,-73.74181258253128)
1 (45.566074629120834,-73.48749912563832)
1 (45.670806482894605,-73.59577505240017)
1 (45.59077615696941,-73.72995254669891)
1 (45.62934836096024,-73.30715271026858)
1 (45.415569425976045,-73.3273322853895)
1 (45.74585060031097,-73.47166416105013)
1 (45.52028613492914,-73.70267494337601)
1 (45.66791603416001,-73.27967855512377)
1 (45.72999549937306,-73.38986227658853)
1 (45.4015600573764,-73.37411182451726)
1 (45.51508000967236,-73.48822363420535)
1 (45.38939135775451,-73.65514954054738)
1 (45.49880050036216,-73.65764626764374)
1 (45.63552306819404,-73.54813823574524)
1 (45.620486242897016,-73.37341635688357)
1 (45.647859676392464,-73.46534309940071)
1 (45.64516092486636,-73.4290569364053)
1 (45.46889292699031,-73.390999976459)
1 (45.593716719231914,-73.6788465010718)
1 (45.45725358821899,-73.70219523527112)
1 (45.691673934536695,-73.74949537138319)
1 (45.264003945174856,-73.50558770989419)
1 (45.59911490848792,-73.42262463108894)
1 (45.62001935736811,-73.42184201591107)
1 (45.48955631310525,-73.59623552712121)
1 (45.61379535960881,-73.38587334424241)
1 (45.49132507929627,-73.67427515048017)
1 (45.59263024079406,-73.65160917051396)
1 (45.59142856743181,-73.40869723547418)
1 (45.66437111184676,-73.29495371465958)
1 (45.3289608685592,-73.62808482242978)
1 (45.51177487973281,-73.5979965881491)
1 (45.47276242272116,-73.43094449700163)
1 (45.35702383211424,-73.27123752434889)
1 (45.38635124477979,-73.30020005183873)
1 (45.430048796188885,-73.52870442340763)
1 (45.43206975463449,-73.70820597599368)
1 (45.70105099856667,-73.57332252178527)
1 (45.55594187539803,-73.62876983302552)
1 (45.434977304926115,-73.57674800518764)
1 (45.62491104758461,-73.454214635684)
1 (45.31369148265703,-73.7491096806698)
1 (45.65893029755334,-73.63143128749779)
1 (45.45019772117023,-73.58970807213146)
1 (45.311801671532805,-73.38116329187962)
1 (45.588510588993806,-73.38970135595576)
1 (45.30671271241081,-73.64943449086195)
1 (45.642629237831656,-73.52216352691774)
1 (45.52509383188361,-73.45907307744129)
1 (45.4785616775821,-73.50363022351273)
1 (45.58072078384466,-73.58270366605504)
1 (45.48445837108292,-73.74435334095469)
1 (45.48491266733481,-73.44637151761329)
1 (45.50565256251094,-73.32196595814429)
1 (45.423226369649925,-73.39513153509859)
1 (45.64376826986798,-73.51511461913807)
1 (45.71922421989362,-73.40847730921952)
1 (45.73204473400158,-73.71984638674512)
1 (45.256692450591665,-73.5444036122608)
1 (45.50263993346407,-73.7421436685619)
1 (45.46811378544394,-73.31618849254838)
1 (45.55591357180286,-73.31498016444505)
1 (45.474248308397286,-73.36564950277284)
1 (45.72655347993675,-73.52762691320706)
1 (45.57735249201036,-73.69067099345952)
1 (45.31689771233219,-73.67866769189978)
1 (45.568867087616276,-73.31321794155676)
1 (45.43391757293834,-73.37228860652954)
1 (45.71133036450926,-73.6368443698215)
1 (45.323065592262175,-73.46988724334453)
1 (45.29382389303561,-73.33987246847293)
1 (45.639555160866536,-73.28590206103878)
1 (45.340433980177664,-73.48196166158202)
1 (45.535627409182396,-73.67799321356016)
1 (45.37201251659701,-73.56770462728139)
1 (45.27097364700924,-73.42731157403048)
1 (45.58294681328287,-73.6111802270085)
1 (45.27272050340987,-73.53457317397128)
1 (45.39669891197664,-73.28006163325362)
1 (45.68124759626347,-73.27201146681597)
1 (45.60655038447925,-73.46692034891703)
1 (45.418596427654876,-73.53001084346621)
1 (45.69128963370814,-73.63878525879363)
1 (45.70734209332927,-73.68032959915169)
1 (45.41950444380043,-73.55380863126302)
1 (45.74953768998911,-73.34530174238952)
1 (45.520693206272476,-73.40605886337814)
1 (45.447704958549245,-73.61426187679362)
1 (45.5065841722681,-73.66600298108725)
1 (45.612832388394104,-73.38466831864724)
1 (45.67185270336565,-73.32515953696702)
1 (45.55795585061302,-73.62600478232952)
1 (45.38985255287459,-73.42869599129993)
1 (45.32013481546919,-73.4695216086734)
1 (45.54602751394353,-73.68941201869836)
1 (45.488500406417714,-73.61623284581978)
1 (45.319346175317236,-73.62059375398972)
1 (45.74154020314805,-73.6293161514176)
1 (45.53040263113403,-73.50364153510759)
1 (45.712897555337385,-73.73516773894767)
1 (45.423752435251714,-73.61916684150924)
1 (45.71170169717911,-73.2998451324204)
1 (45.54160331768168,-73.51742217870704)
1 (45.62080820662123,-73.67448612155164)
1 (45.27615628440925,-73.68547036208922)
1 (45.484317623185426,-73.6145225022134)
1 (45.25869348773982,-73.28441790038481)
1 (45.37435322738123,-73.47311289071247)
1 (45.45493475684018,-73.68033002467348)
1 (45.59631736875244,-73.34919916159488)
1 (45.68823590081939,-73.27711282214116)
1 (45.65170908497789,-73.33494684578415)
1 (45.304877252540344,-73.6786910340452)
1 (45.628073745919004,-73.45605982763232)
1 (45.32899207930123,-73.46122791754395)
1 (45.32676911969336,-73.3315656169816)
1 (45.72860984470086,-73.3239266727053)
1 (45.47097017714657,-73.49714766176726)
1 (45.32884049608092,-73.60912077014683)
1 (45.25869859425799,-73.73795665857268)
1 (45.46340160301365,-73.63890352840937)
1 (45.3386507293292,-73.6630634489624)
1 (45.651490664356395,-73.5064654013725)
1 (45.49021172081285,-73.62432130702427)
1 (45.42343119554811,-73.3856001232412)
1 (45.38328107442389,-73.43738618947388)
1 (45.39557161279727,-73.58150903829181)
1 (45.27839868893961,-73.70199867162239)
1 (45.312591743004596,-73.44007594410726)
1 (45.40314864340765,-73.3423620300247)
1 (45.533672791613476,-73.36120254085523)
1 (45.506930891615255,-73.2965562647841)
1 (45.33791216178328,-73.5245876715086)
1 (45.25292997390967,-73.5764083326324)
1 (45.46391537494679,-73.5335016309535)
1 (45.6534724286021,-73.69609431466927)
1 (45.47867312241091,-73.51364946863869)
1 (45.69295341764238,-73.72897987119661)
1 (45.39163230685122,-73.27013554228094)
1 (45.61112605805369,-73.49781049967244)
1 (45.39129563997187,-73.4058342654995)
1 (45.53878533836466,-73.63334390567096)
1 (45.68373508981363,-73.33914011789474)
1 (45.28774170192419,-73.45087208838073)
1 (45.65508055347123,-73.42811291126002)
1 (45.59746791062178,-73.29281112019959)
1 (45.46334541348602,-73.41145220913653)
1 (45.531915582829285,-73.66864237731498)
1 (45.688876944303814,-73.61452797681282)
1 (45.50173672822641,-73.69096914896582)
1 (45.33726990942819,-73.34086215321511)
1 (45.55950822088111,-73.45830813064339)
1 (45.29375764272357,-73.57599920368747)
1 (45.67854612783428,-73.67146582141955)
1 (45.27389590228952,-73.57162136565638)
1 (45.679509275012805,-73.39095517868039)
1 (45.4017798836631,-73.55305741480355)
1 (45.313230641469886,-73.44788866064096)
1 (45.27408658106436,-73.70300178394051)
1 (45.74307753554624,-73.61013871917253)
1 (45.73590938373231,-73.71830372303529)
1 (45.295630516883264,-73.67928785963957)
1 (45.60265347947618,-73.61510413520276)
1 (45.36458397428761,-73.2519954968106)
1 (45.711185800163044,-73.57039101325772)
1 (45.25950940294375,-73.4218893252255)
1 (45.472984432079905,-73.43521178294459)
1 (45.588486199882475,-73.7249445800583)
1 (45.53220780255052,-73.63632448541732)
1 (45.45159248540359,-73.64254482426195)
1 (45.70240527884257,-73.49898717405998)
1 (45.30086227314377,-73.47202354193318)
1 (45.567015863444986,-73.5738781560664)
1 (45.29155310690744,-73.35446607898133)
1 (45.48085327990075,-73.33580765975003)
1 (45.30943208479807,-73.71390716988653)
1 (45.70245080120362,-73.64092425864096)
1 (45.60927592188745,-73.31078964128253)
1 (45.520440412671945,-73.58253764830111)
1 (45.64089442545219,-73.54565527672473)
1 (45.511066423300235,-73.37347224248073)
1 (45.6707248474624,-73.56651949327468)
1 (45.478484703008306,-73.60503377016718)
1 (45.72940780493923,-73.63523674144432)
1 (45.68467409116127,-73.68921450086111)
1 (45.72874390195902,-73.59439417790844)
1 (45.6715877141411,-73.48168024802474)
1 (45.295043288681754,-73.64687648975854)
1 (45.314597565901344,-73.50837550195868)
1 (45.46011892767832,-73.51522534362935)
1 (45.723336266873076,-73.3782510591091)
1 (45.3360372629449,-73.38727233829701)
1 (45.72371622797318,-73.35866121832652)
1 (45.27522856147116,-73.37825468198352)
1 (45.413206578097245,-73.71839591486193)
1 (45.283672459947134,-73.54772866930116)
1 (45.68037465385077,-73.306105860352)
1 (45.61161229700896,-73.30207595212038)
1 (45.61924893952788,-73.4290468947936)
1 (45.493615292537115,-73.29025361020277)
1 (45.44923684765167,-73.42861264908602)
1 (45.44778402094044,-73.66166911210054)
1 (45.37213094118305,-73.41504258450155)
1 (45.37253750530417,-73.30066682274378)
1 (45.25916315179533,-73.42398553333288)
1 (45.39861899720523,-73.38209341859205)
1 (45.66311761109901,-73.29226664042962)
1 (45.563850508480485,-73.3067645797502)
1 (45.393187966965385,-73.31924883598491)
1 (45.37864246190317,-73.27438628016944)
1 (45.27356633052934,-73.28359767228808)
1 (45.74138029346903,-73.43458912618469)
1 (45.730676473110904,-73.62305154450088)
1 (45.444547903573074,-73.72421482638185)
1 (45.51851480297698,-73.55696716827892)
1 (45.6848111883221,-73.65084921493245)
1 (45.69673838862218,-73.6379531671823)
1 (45.5532733291154,-73.41882701133231)
1 (45.421940156104135,-73.65982257383786)
1 (45.43572651964243,-73.41453848239381)
1 (45.69897697059195,-73.52438814954375)
1 (45.59696338532171,-73.67284918785717)
1 (45.466267369186525,-73.57929219315875)
1 (45.45807434609935,-73.53579892314211)
1 (45.256651297022984,-73.58310559734227)
1 (45.701145684674046,-73.28847698967445)
1 (45.683704989672975,-73.33234891617826)
1 (45.3518863039553,-73.61507589402707)
1 (45.65233006742047,-73.59788111802315)
1 (45.397449291058926,-73.26060635700729)
1 (45.48198647680314,-73.36526956322086)
1 (45.294077875081065,-73.31061190325661)
1 (45.56111493655314,-73.45529794065409)
1 (45.40719364327845,-73.51245166598564)
1 (45.72209507996497,-73.41668676430078)
1 (45.505157920414966,-73.55732578247577)
1 (45.737511539590436,-73.63339382435665)
1 (45.39717589062968,-73.72219777125532)
1 (45.69055060092062,-73.37353031056675)
1 (45.66567588992713,-73.73512433718791)
1 (45.465026420840076,-73.52597093393334)
1 (45.69398492961074,-73.67623288857041)
1 (45.733835928955955,-73.5241546601934)
1 (45.33123464517616,-73.65969313686696)
1 (45.59856784175411,-73.44436533053518)
1 (45.56817006759594,-73.45950909327)
1 (45.447541694357014,-73.48794971129345)
1 (45.51989710062863,-73.64381352892987)
1 (45.654728699054225,-73.51347317783689)
1 (45.32459263606599,-73.6685774918005)
1 (45.43780700004922,-73.47573155023164)
1 (45.27081477256547,-73.25225257144587)
1 (45.53002964412844,-73.55383025568501)
1 (45.56028856491735,-73.70784470434917)
1 (45.29763444641736,-73.41021010537553)
1 (45.59790640076751,-73.74827288306976)
1 (45.55220056376936,-73.41654198971989)
1 (45.576170013194044,-73.60459774182657)
1 (45.56565757678036,-73.31083061210411)
1 (45.38741470572716,-73.60480922801055)
1 (45.694578450076314,-73.61286054050767)
1 (45.55389436951444,-73.65334408290211)
1 (45.559938738746624,-73.72228566637294)
1 (45.41316950990853,-73.32835871158818)
1 (45.40869990527311,-73.45520611225484)
1 (45.73422843068901,-73.57501368787811)
1 (45.60437573106792,-73.34099489559091)
1 (45.268385192670664,-73.71863153457454)
1 (45.65516633534084,-73.30142912522408)
1 (45.45823624689026,-73.25157010155863)
1 (45.29029511573356,-73.36884897567866)
1 (45.637820793057855,-73.56200899933253)
1 (45.33785996273338,-73.36911030389031)
1 (45.55761844559613,-73.47157728131577)
1 (45.540810441988164,-73.49851492248122)
1 (45.4591306965441,-73.63185591338974)
1 (45.47158883500975,-73.4616954404404)
1 (45.70553136248043,-73.49726911997018)
1 (45.37052350415887,-73.30959957639435)
1 (45.64723417895746,-73.74373399032811)
1 (45.538238821815035,-73.32326177762124)
1 (45.46421403361568,-73.63866852693161)
1 (45.35814674958986,-73.72996807799204)
1 (45.68053185915546,-73.48856331539511)
1 (45.61151094468228,-73.71371281896877)
1 (45.39075108286393,-73.395302988787)
1 (45.47462493249315,-73.59151427214128)
1 (45.472797180940304,-73.64177867315827)
1 (45.45532191660299,-73.67119855140109)
1 (45.687299897822115,-73.60106337219945)
1 (45.5343341784424,-73.68467990172138)
1 (45.579571128521984,-73.62152759226689)
1 (45.42594623956382,-73.30355777272361)
1 (45.50710982644946,-73.38275296108603)
1 (45.66193650688966,-73.59101942040046)
1 (45.41288813583057,-73.74395710208333)
1 (45.63297778542617,-73.32557965431634)
1 (45.652661933029414,-73.61787354681682)
1 (45.29246814407002,-73.44810734146594)
1 (45.263161524370865,-73.39863582900489)
1 (45.43918914501592,-73.43388113096816)
1 (45.52725709402252,-73.45219542556796)
1 (45.34723938682688,-73.6760850303925)
1 (45.55205641874496,-73.64215866193193)
1 (45.50436681608674,-73.48619722950153)
1 (45.326380797374156,-73.31265825195571)
1 (45.35312458441573,-73.57014372030885)
1 (45.365178411205854,-73.58298047686765)
1 (45.70320029523178,-73.32688105853799)
1 (45.580172623273825,-73.72614954720514)
1 (45.39781995784131,-73.53824073627764)
1 (45.438405928092955,-73.30552614637965)
1 (45.37230324499018,-73.47541044811317)
1 (45.28332862464365,-73.6297077476508)
1 (45.43864767104891,-73.63834571127532)
1 (45.39669458813911,-73.45662341704127)
1 (45.46644499866359,-73.26969798011804)
1 (45.47376465613326,-73.73269676691118)
1 (45.60748412311929,-73.44451370155515)
1 (45.669181606082844,-73.49230574274688)
1 (45.32907017548293,-73.43100141690176)
1 (45.74636884382169,-73.36649876754477)
1 (45.279390641094594,-73.64608213701698)
1 (45.629418319233835,-73.45803184700875)
1 (45.40718494803758,-73.39223131744141)
1 (45.313171292832266,-73.63227219376053)
1 (45.29752471022272,-73.65928833917842)
1 (45.63455910276689,-73.55036887488751)
1 (45.36568778303574,-73.6064527925347)
1 (45.346259139379434,-73.53232185412293)
1 (45.37190979831325,-73.40560463550324)
1 (45.26233461355678,-73.58318609020247)
1 (45.68122291046105,-73.4273781548935)
1 (45.46476507053045,-73.64562787113098)
1 (45.29464200412429,-73.2860878883635)
1 (45.66963762460379,-73.35640591534417)
1 (45.42063463649201,-73.52864745657223)
1 (45.352257518783865,-73.2830805511071)
1 (45.73911156784711,-73.25604022524703)
1 (45.62154955750038,-73.30035925070901)
1 (45.53410060996295,-73.7036937552907)
1 (45.61586053181306,-73.43296786089005)
1 (45.535817387926144,-73.27927800082851)
1 (45.364635777548685,-73.64379183755048)
1 (45.61802213910669,-73.2629899344474)
1 (45.6234315356526,-73.68226248653657)
1 (45.44235273501818,-73.31630572908703)
1 (45.643337829759446,-73.72856874655353)
1 (45.72774974658875,-73.62047398916341)
1 (45.68012506245626,-73.67425532071377)
1 (45.550140147140915,-73.37569200491252)
1 (45.283290698968685,-73.46912361809052)
1 (45.44522206329847,-73.53594971863689)
1 (45.53067062012625,-73.53808229065655)
1 (45.595493804847905,-73.53294409005376)
1 (45.39039328347867,-73.32969972528944)
1 (45.53159611107128,-73.3552595471583)
1 (45.298692741414925,-73.60069132494355)
1 (45.56758735930438,-73.69617823127936)
1 (45.33946014683291,-73.56742964606069)
1 (45.61994726479709,-73.46502650719897)
1 (45.599401490381275,-73.56679642684543)
1 (45.630905441320465,-73.27288250853907)
1 (45.35128269615358,-73.36430038051937)
1 (45.52811682860525,-73.55376214045059)
1 (45.68698136322068,-73.72736564877316)
1 (45.50475693224949,-73.2670690612044)
1 (45.581927885178686,-73.34605092719225)
1 (45.39678549050395,-73.64613727199684)
1 (45.623006812921474,-73.63218989460253)
1 (45.567428086972434,-73.71111256840723)
1 (45.27310263885626,-73.36104905386375)
1 (45.48285075035183,-73.25221248427582)
1 (45.577212576910654,-73.53707940773224)
1 (45.577553757514146,-73.71157195448986)
1 (45.637412026852246,-73.26719417586682)
1 (45.56318632849496,-73.34842521248652)
1 (45.49694680989953,-73.311234800871)
1 (45.53028467712711,-73.26329208755185)
1 (45.27733943125822,-73.34989331981733)
1 (45.52886194424456,-73.2821302396692)
1 (45.506635175014694,-73.36533954129092)
1 (45.29082902731162,-73.36108232662303)
1 (45.56177665017387,-73.36915682110201)
1 (45.37490124428615,-73.56649060624542)
1 (45.52358415247006,-73.53592076616847)
1 (45.272946467400025,-73.31326897229542)
1 (45.508932290483855,-73.60886090075664)
1 (45.41565632607477,-73.40751573087375)
1 (45.70145145436982,-73.7365252188162)
1 (45.55497257722781,-73.53641824910068)
1 (45.34944639522927,-73.67622379612177)
1 (45.680876781593206,-73.68004353761499)
1 (45.43771191293142,-73.56125730336086)
1 (45.45095203035497,-73.48552689309236)
1 (45.56853952105751,-73.67454241582372)
1 (45.57255141968066,-73.44446365820909)
1 (45.30644675679545,-73.40122607474802)
1 (45.67945847443738,-73.74897709585409)
1 (45.351024341535954,-73.74723634620513)
1 (45.487600879156055,-73.47097841132518)
1 (45.402784609183975,-73.50944797163935)
1 (45.39767933562884,-73.7125528001619)
1 (45.478007935934016,-73.36624610897252)
1 (45.73649919036061,-73.61319854190546)
1 (45.710322103947654,-73.32475235122615)
1 (45.493343631646844,-73.57181403519189)
1 (45.34911288768759,-73.61283256796544)
1 (45.712902337156315,-73.74787050069527)
1 (45.72785244208751,-73.74023645843708)
1 (45.65207094705295,-73.34712640198543)
1 (45.42904528137,-73.57382431403401)
1 (45.39436211169835,-73.37253221355255)
1 (45.7167299375283,-73.37681690718965)
1 (45.342719636754204,-73.43064237843663)
1 (45.542337785713485,-73.3513598998528)
1 (45.379203302842186,-73.32789422121186)
1 (45.555198602783406,-73.29742449615357)
1 (45.4883124373536,-73.56953144648087)
1 (45.56509587797752,-73.55917189894386)
1 (45.289642238557086,-73.48674299380987)
1 (45.31101305798139,-73.47238910512469)
1 (45.71511762313659,-73.56475583368375)
1 (45.687575363680644,-73.55345948564822)
1 (45.49622504730719,-73.62616334927618)
1 (45.2686797505642,-73.68156175152235)
1 (45.6974637708375,-73.33968886818387)
1 (45.546419355025336,-73.52139658854998)
1 (45.74366348368314,-73.5748768953804)
1 (45.27264662384084,-73.41372054193334)
1 (45.74086630350056,-73.40787262370488)
1 (45.650382768900364,-73.42532238487257)
1 (45.3831467242236,-73.60249315259323)
1 (45.37276954580674,-73.69880744547821)
1 (45.37104395581054,-73.64421191692006)
1 (45.648372504065,-73.67566105796632)
1 (45.541206982435035,-73.39247063890558)
1 (45.38338326015843,-73.68354270960481)
1 (45.32140317102014,-73.63890145681954)
1 (45.61363142917983,-73.28061767853913)
1 (45.680217322872,-73.3155842943667)
1 (45.59230541305742,-73.63596395311832)
1 (45.43656874693777,-73.28838300347245)
1 (45.64289427795877,-73.59569704606756)
1 (45.63059960151734,-73.59569655256242)
1 (45.48110137659485,-73.4394365000075)
1 (45.634538700124764,-73.65262942896628)
1 (45.69434358683228,-73.67109245907385)
1 (45.29982074468663,-73.33462867148761)
1 (45.44293833682915,-73.51168224592152)
1 (45.695041498127466,-73.4830525714434)
1 (45.713193864528655,-73.56999120227714)
1 (45.38825555074115,-73.73792931438454)
1 (45.609356520085065,-73.45937354262603)
1 (45.26667383378433,-73.70033173403883)
1 (45.71873196877578,-73.40584365597455)
1 (45.566993962338216,-73.25833719044148)
1 (45.52228581304476,-73.65383923210521)
1 (45.6103970951587,-73.47645973826573)
1 (45.65164197266263,-73.72164291624333)
1 (45.697671153690564,-73.74873466024148)
1 (45.512635899913924,-73.28842955033193)
1 (45.72197047789465,-73.45030330542157)
1 (45.40544258154461,-73.70926176798957)
1 (45.29939836193717,-73.59138925369166)
1 (45.271787944950745,-73.35308691688864)
1 (45.600899128239966,-73.48097483574867)
1 (45.590865170690265,-73.64189394786382)
1 (45.59287272141567,-73.64527982278332)
1 (45.72731606657534,-73.33666934908761)
1 (45.55847516295073,-73.71831225088906)
1 (45.70700065729051,-73.26764648318934)
1 (45.57674416777424,-73.72830431044127)
1 (45.45926662762218,-73.34257347579495)
1 (45.5824900102009,-73.64476389858676)
1 (45.51804333290729,-73.28733002529718)
1 (45.716317532877554,-73.7261659956482)