1000 1000
101 (45.5,-73.5)
1 (45.51832359912895,-73.67820396038749)
1 (45.401195817128624,-73.61797532301283)
1 (45.55945966509179,-73.41449412360116)
1 (45.44966799802751,-73.29473511787121)
1 (45.63218789928986,-73.35383623726658)
1 (45.514094416571396,-73.3183748884908)
1 (45.322410324634184,-73.39075417626772)
1 (45.34124798547504,-73.49768259569042)
1 (45.41149909535199,-73.30141944958878)
1 (45.58213169175396,-73.3810550339206)
1 (45.29025351795579,-73.70445702989088)
1 (45.33806359241386,-73.59618301460263)
1 (45.2916273812585,-73.49886643675835)
1 (45.69487569364555,-73.36624595568891)
1 (45.625957683664964,-73.63573207951109)
1 (45.70849882252107,-73.58248339400919)
1 (45.571664103333354,-73.56037767796782)
1 (45.65725639072836,-73.59767888006881)
1 (45.43425183767875,-73.62597475570662)
1 (45.36886555904799,-73.42413495678964)
1 (45.53693884739424,-73.72834598445219)
1 (45.56344546922378,-73.27313542859883)
1 (45.647341502997044,-73.34480921656868)
1 (45.427757545702036,-73.36068452695437)
1 (45.27639131115946,-73.5773889622272)
1 (45.55045400763914,-73.6264802784225)
1 (45.70801843030002,-73.70257719461887)
1 (45.403286382652894,-73.4696225142824)
1 (45.4311259641597,-73.6160559746471)
1 (45.74902639525248,-73.29547376636465)
1 (45.34899238445718,-73.4313998649088)
1 (45.69327785233265,-73.59338442808695)
1 (45.735477797251534,-73.34675655577192)
1 (45.57440844878332,-73.42466143383476)
1 (45.39227276725971,-73.73285952417314)
1 (45.50350642962617,-73.59420266667338)
1 (45.336917070811296,-73.7194571640672)
1 (45.62456795158081,-73.4076373513234)
1 (45.617428601059025,-73.36534808511162)
1 (45.564046339550195,-73.27860557306121)
1 (45.50612141213489,-73.28969304488687)
1 (45.57844576701727,-73.54797808919682)
1 (45.37255469950243,-73.41912910489076)
1 (45.588817184655476,-73.70836055196331)
1 (45.47354317484759,-73.26644227380154)
1 (45.61181545612091,-73.29314420708332)
1 (45.726772307905016,-73.40216043762236)
1 (45.558402210952536,-73.48965815291231)
1 (45.25380033261825,-73.51040859648589)
1 (45.4733297932794,-73.57064615463366)
1 (45.58809225924081,-73.63472414422816)
1 (45.53121752144268,-73.50733403001152)
1 (45.44421900997168,-73.41826020055738)
1 (45.48833212867458,-73.6307714969272)
1 (45.335468864962344,-73.3259107010187)
1 (45.31311013841679,-73.44592556771609)
1 (45.60885566544874,-73.5033710909596)
1 (45.383010719333875,-73.67517018966797)
1 (45.63887253820293,-73.58000433783612)
1 (45.44046318262539,-73.31436013900142)
1 (45.48432724224938,-73.35861207389681)
1 (45.44647430900936,-73.42559499253095)
1 (45.26620937974661,-73.45581637200054)
1 (45.55688629027457,-73.5660718263025)
1 (45.36877722337697,-73.56173813639728)
1 (45.67332688878043,-73.6620937271766)
1 (45.30091580255121,-73.57701335773373)
1 (45.388569308708504,-73.2813434560972)
1 (45.680305820737786,-73.458919185534)
1 (45.65431985526096,-73.63495034535894)
1 (45.31905631717609,-73.66648709238827)
1 (45.648377469964416,-73.2536708706495)
1 (45.29619241775286,-73.63696094555574)
1 (45.60765974790141,-73.62967159932714)
1 (45.69975261722987,-73.25281315386971)
1 (45.32376614639058,-73.69694627660992)
1 (45.40923837945219,-73.26976286147345)
1 (45.56854954757343,-73.33931631347346)
1 (45.36777215797027,-73.67184496215128)
1 (45.42859331673259,-73.66525762006596)
1 (45.262558286278775,-73.39956007930097)
1 (45.37954181851037,-73.57346399354819)
1 (45.39210416228041,-73.36149022925818)
1 (45.42390785060387,-73.65210070480538)
1 (45.74914787321024,-73.58849608699946)
1 (45.74928169441748,-73.70811976121858)
1 (45.48935136263767,-73.32271666023593)
1 (45.637791743471006,-73.71080111886899)
1 (45.48755661494168,-73.25107311985221)
1 (45.2722179051438,-73.6558524434245)
1 (45.605765625640984,-73.49483371360067)
1 (45.63933444359742,-73.31294266007897)
1 (45.6099932573639,-73.35302712666068)
1 (45.42685990060868,-73.51046262921932)
1 (45.37675529460088,-73.6680974737754)
1 (45.646817384449434,-73.53659932934454)
1 (45.624192239805986,-73.53717412109168)
1 (45.69515933915551,-73.39547772098923)
1 (45.38769280281476,-73.43168531362511)
1 (45.6751868379314,-73.55116760850781)
1 (45.33536931200171,-73.61177494925995)
1 (45.570593859189906,-73.42077069960702)
1 (45.284850322251074,-73.53008729901175)
1 (45.25289324293195,-73.74059596114705)
1 (45.43959437593025,-73.71196504828141)
1 (45.347531427351825,-73.52659956708358)
1 (45.41029175067062,-73.37596124817549)
1 (45.663175076119344,-73.68180840348481)
1 (45.52490962179755,-73.31979654353114)
1 (45.70945334226656,-73.36936431665868)
1 (45.25954911855829,-73.34249831963196)
1 (45.28986546044631,-73.57011910244475)
1 (45.341521208100964,-73.7034389799446)
1 (45.25861393752943,-73.27837830076159)
1 (45.68591153635406,-73.33334588865513)
1 (45.27279959692849,-73.5584347548726)
1 (45.327392588570994,-73.7110861282282)
1 (45.25471529021188,-73.68795090266266)
1 (45.40015491609374,-73.50313473877239)
1 (45.30290115182721,-73.35204173849228)
1 (45.50056747888785,-73.73011527680224)
1 (45.45517479600465,-73.3240783263671)
1 (45.439540256397194,-73.3766573767701)
1 (45.512025710877616,-73.27577477743714)
1 (45.45455074105517,-73.4970462081977)
1 (45.574564040220295,-73.30003942919838)
1 (45.404909116070165,-73.48974429274556)
1 (45.53763945131939,-73.4053641613559)
1 (45.318075264010446,-73.3188465650285)
1 (45.50579682949591,-73.6501934898537)
1 (45.38970397212516,-73.54988514134136)
1 (45.467411139645804,-73.72975824975738)
1 (45.66558295071636,-73.64113052486366)
1 (45.570644675582656,-73.70627667619162)
1 (45.64974180064008,-73.48964166942362)
1 (45.49379560955344,-73.6862182298132)
1 (45.489747901488386,-73.27379765675896)
1 (45.6921577264482,-73.59549428807306)
1 (45.6875689748662,-73.66089922105357)
1 (45.733686727425805,-73.28498190026065)
1 (45.472369989484605,-73.45965887504754)
1 (45.50656945470494,-73.5147054240322)
1 (45.55022553215684,-73.29300379775107)
1 (45.29321822707568,-73.41529352040543)
1 (45.41496695164077,-73.34659626256577)
1 (45.55726301290852,-73.30999706886737)
1 (45.26424704196397,-73.71283147137164)
1 (45.282790216188396,-73.29959641863529)
1 (45.31539302333837,-73.29880377949708)
1 (45.33837748750855,-73.26594453032486)
1 (45.4567321525512,-73.69983701211194)
1 (45.612399702663474,-73.43768535846645)
1 (45.70181237792451,-73.35765562628461)
1 (45.580632232942,-73.38385493511876)
1 (45.33630387358185,-73.7241286891525)
1 (45.52235322269351,-73.2576154720172)
1 (45.46035537329438,-73.53774911660783)
1 (45.29694734256262,-73.30329083539425)
1 (45.33279283241774,-73.69061606547444)
1 (45.4294396393808,-73.5651646956011)
1 (45.51778580332517,-73.51866907846849)
1 (45.73043826280834,-73.39617065450379)
1 (45.31947060971653,-73.68727760652354)
1 (45.29364127941254,-73.25864650615829)
1 (45.36550730910908,-73.6680205015454)
1 (45.47236299845535,-73.43774296732437)
1 (45.46666114256853,-73.6105950993465)
1 (45.335461547375466,-73.6508699118435)
1 (45.53623691308099,-73.70627637063222)
1 (45.6425996583157,-73.63373139241409)
1 (45.40055855035536,-73.41620168324695)
1 (45.55894704739498,-73.61504348431366)
1 (45.269674035879454,-73.69898762310983)
1 (45.650232763150335,-73.65794703535673)
1 (45.46607929334032,-73.61779035820047)
1 (45.66048254166958,-73.64642042701179)
1 (45.72849292550892,-73.43690194302486)
1 (45.67682623279228,-73.72966533882374)
1 (45.51757691858995,-73.53232988756005)
1 (45.52843660049682,-73.30648144091299)
1 (45.25098673570727,-73.6395384601111)
1 (45.64996135876795,-73.6350641632184)
1 (45.28624750067704,-73.64463492776417)
1 (45.66373626963649,-73.39145227399594)
1 (45.251691298570655,-73.29276507750112)
1 (45.59961768313659,-73.47202015832248)
1 (45.49805380452189,-73.33933729040264)
1 (45.476448866652184,-73.54195295059887)
1 (45.50631681716372,-73.30592535117867)
1 (45.41497515316568,-73.27255994806156)
1 (45.54099648271296,-73.62330521033053)
1 (45.538448863273196,-73.38557541418658)
1 (45.68231545983731,-73.54906186471123)
1 (45.64421540923255,-73.5322634235027)
1 (45.60556019682817,-73.3365574991087)
1 (45.497248222463035,-73.67918648655521)
1 (45.60141319001527,-73.70578287702692)
1 (45.604900542042294,-73.55091571462948)
1 (45.34716303842767,-73.72471937177919)
1 (45.4810680839064,-73.29275311169455)
1 (45.345433682787096,-73.25231913834641)
1 (45.69750736654201,-73.36370480445713)
1 (45.74443715041528,-73.62106703859565)
1 (45.45023014797466,-73.25148661969675)
1 (45.44174276265103,-73.74831778241918)
1 (45.43969533627998,-73.41726174718819)
1 (45.45216881640631,-73.36120762247452)
1 (45.57494559600213,-73.42810300500794)
1 (45.48964115041436,-73.49992017899908)
1 (45.363886179117436,-73.51984018947611)
1 (45.57272610133761,-73.42844159436969)
1 (45.34458004967027,-73.35199605499463)
1 (45.71403400202425,-73.53067056157593)
1 (45.54573346372316,-73.46993230923384)
1 (45.39480216567173,-73.70285436556757)
1 (45.73847229929852,-73.47712014803284)
1 (45.557705053413,-73.67080237762822)
1 (45.65606020383559,-73.64261771086734)
1 (45.27330231035388,-73.5621840838193)
1 (45.41338521815729,-73.62537968002628)
1 (45.54852367159181,-73.45044912798514)
1 (45.55384257188697,-73.68794258136116)
1 (45.44920310211605,-73.45751228348225)
1 (45.48766685709748,-73.69732193483621)
1 (45.302912883121806,-73.35732674314531)
1 (45.562817877403035,-73.37062556041398)
1 (45.73321134943994,-73.46182463402842)
1 (45.62719985721518,-73.6169303240017)
1 (45.651906572163256,-73.39443417745919)
1 (45.699294960003726,-73.45538748376521)
1 (45.60205143150985,-73.66448819494799)
1 (45.26321732758292,-73.35231482240903)
1 (45.50112380374758,-73.74831926529713)
1 (45.74374509653917,-73.41720176956001)
1 (45.38120882124756,-73.65969245493298)
1 (45.39706330713955,-73.72909650666219)
1 (45.66098860975939,-73.25345656108802)
1 (45.67375153120829,-73.63076231259603)
1 (45.312958017913225,-73.25190083531571)
1 (45.57197589444033,-73.6282830414397)
1 (45.508523189547944,-73.71328418127393)
1 (45.600895776622885,-73.5684658164868)
1 (45.43350314387135,-73.37635952959015)
1 (45.71697130964553,-73.53543202431528)
1 (45.46704279932521,-73.51344644829635)
1 (45.47915884309345,-73.41120535035364)
1 (45.308059082004554,-73.60771060113507)
1 (45.692906760107604,-73.28289904550311)
1 (45.41508026364367,-73.33778912741681)
1 (45.47741545841785,-73.35127210851005)
1 (45.29770149405591,-73.50475625194494)
1 (45.495800526672106,-73.70196736182957)
1 (45.2608684762431,-73.67265440293974)
1 (45.533599401921556,-73.74166222308052)
1 (45.656813734218076,-73.41442101684947)
1 (45.69748714577777,-73.2766559855128)
1 (45.54370882728482,-73.66002209779278)
1 (45.73311815286618,-73.62108536587357)
1 (45.384958815711116,-73.73295888170959)
1 (45.32868601878925,-73.26600312057946)
1 (45.54855367466832,-73.7350443538128)
1 (45.27909492109578,-73.51897227629819)
1 (45.38200455270038,-73.49745215085122)
1 (45.53456139442831,-73.63662190023712)
1 (45.545131202505196,-73.35852038472659)
1 (45.44701618925716,-73.31977783616007)
1 (45.58033000921939,-73.55564888713576)
1 (45.457851977506046,-73.52232511588767)
1 (45.387940505048654,-73.52985837388796)
1 (45.541362875441706,-73.34087671264226)
1 (45.35294134392157,-73.43718593246827)
1 (45.429648247657596,-73.30261595443017)
1 (45.33844522797766,-73.64107128894756)
1 (45.49680330891501,-73.65334841754948)
1 (45.621325253106185,-73.42424420175676)
1 (45.67289553639094,-73.26684156492357)
1 (45.59579379532372,-73.60735341357129)
1 (45.39152604210021,-73.5499486439334)
1 (45.71186800771007,-73.6946833065525)
1 (45.34870120319625,-73.70580637812563)
1 (45.647394393751945,-73.58478475953885)
1 (45.26529074736048,-73.43956369465037)
1 (45.63466838729338,-73.2857022796159)
1 (45.400523716883626,-73.64764196645089)
1 (45.675672776011965,-73.46070982033696)
1 (45.25977521057087,-73.32244504650807)
1 (45.58357247318338,-73.50107325919728)
1 (45.27632205367612,-73.32973041629243)
1 (45.382341111149735,-73.67733793016164)
1 (45.723796584343226,-73.37552073416755)
1 (45.581258495770996,-73.25999512406948)
1 (45.73374344546854,-73.37347798907491)
1 (45.71650589486697,-73.32411183473045)
1 (45.550985087982916,-73.55208054157784)
1 (45.31819987321285,-73.26061374811164)
1 (45.55842746137072,-73.50373607651085)
1 (45.61794312899285,-73.30939148077384)
1 (45.64248813450212,-73.47513186019789)
1 (45.359334550851784,-73.70625607782277)
1 (45.650504809848094,-73.52966615564723)
1 (45.5118688020812,-73.29699988020123)
1 (45.51228320960388,-73.27872307139822)
1 (45.51726875253159,-73.71742448177213)
1 (45.559368736545075,-73.67884579015286)
1 (45.41653298813111,-73.46817788072228)
1 (45.67767743453301,-73.42653129367045)
1 (45.31584324939368,-73.42759862379388)
1 (45.67179731942226,-73.25141243186175)
1 (45.64996539055331,-73.54449476969927)
1 (45.602572059477026,-73.41201147497172)
1 (45.59289041006824,-73.6358915585278)
1 (45.38350469648043,-73.43604193118775)
1 (45.747200741512586,-73.38226153928595)
1 (45.58606996469943,-73.61940360005151)
1 (45.41600988080268,-73.26460690250691)
1 (45.70919937496559,-73.50455869296472)
1 (45.32431202160407,-73.32399375825521)
1 (45.61400429315397,-73.49989491485691)
1 (45.61019139413313,-73.74474405879091)
1 (45.41122771320725,-73.47697421868942)
1 (45.2505796603995,-73.36747082269159)
1 (45.31596639234498,-73.59223408315025)
1 (45.3211124242566,-73.3274982552141)
1 (45.35188080966589,-73.72375104995248)
1 (45.61512486536041,-73.58793851977498)
1 (45.29541107369855,-73.29209413645663)
1 (45.662939154182084,-73.6948024077739)
1 (45.39944277485789,-73.34708895461733)
1 (45.59933516142305,-73.62400188172265)
1 (45.72541749014409,-73.64948102444224)
1 (45.62445870006086,-73.61695753570156)
1 (45.34305859465673,-73.55803007623503)
1 (45.49141032973061,-73.41275492511447)
1 (45.727683539588234,-73.34848471997302)
1 (45.532370711322166,-73.28039870621308)
1 (45.396499772980384,-73.64118021980501)
1 (45.70435680174017,-73.73469448736176)
1 (45.67733216576127,-73.39866977908672)
1 (45.495566638466606,-73.28364335096622)
1 (45.49590565316454,-73.4738428565344)
1 (45.28375865620174,-73.50396476672053)
1 (45.70110740823846,-73.44240206798437)
1 (45.379224552450275,-73.67446883908933)
1 (45.72157887797778,-73.44136288287022)
1 (45.5166534205235,-73.61447960252075)
1 (45.26153862154542,-73.45740878451673)
1 (45.482547803786446,-73.27636615253293)
1 (45.29891277209438,-73.46547699585346)
1 (45.37784063403039,-73.52746931435425)
1 (45.34465068907283,-73.50886837078754)
1 (45.71897562509006,-73.42731658213783)
1 (45.25852904365099,-73.73746748537658)
1 (45.67495144541085,-73.66099892455117)
1 (45.39379863308312,-73.58032743317371)
1 (45.722693790103264,-73.6289382417415)
1 (45.46070370418663,-73.62291641342657)
1 (45.37860738439818,-73.51700477267715)
1 (45.25720452476563,-73.38774138931849)
1 (45.430273414300665,-73.47904943420066)
1 (45.31415959986722,-73.57985699952141)
1 (45.74899621862792,-73.35639623089767)
1 (45.541774957786984,-73.45593580566097)
1 (45.311266036189664,-73.6356955586186)
1 (45.64430332290884,-73.30711907438908)
1 (45.495193359818224,-73.60776957737015)
1 (45.39077716438196,-73.61178517858562)
1 (45.54658321714138,-73.4356864920719)
1 (45.29098504138715,-73.71466552913009)
1 (45.32855656257639,-73.5702806806308)
1 (45.32795187724414,-73.42340626804143)
1 (45.57848854927319,-73.66569146667624)
1 (45.64085897536916,-73.68271657348382)
1 (45.396522406055624,-73.3462236154672)
1 (45.4356410870419,-73.48966256162593)
1 (45.581030476856306,-73.35893805118567)
1 (45.42442291971883,-73.45145876396752)
1 (45.70813240234811,-73.3138618967707)
1 (45.259508832346924,-73.35927699660968)
1 (45.524743824494806,-73.36556234364662)
1 (45.732814858162584,-73.35813557452995)
1 (45.28761698714495,-73.32605928422186)
1 (45.45743315317419,-73.73384964083158)
1 (45.63444826991147,-73.31965715938969)
1 (45.33444475231638,-73.51331645186197)
1 (45.41736554574837,-73.69525701939159)
1 (45.33514722943662,-73.48407732955519)
1 (45.663971919082385,-73.50106503403316)
1 (45.49653965084333,-73.3831411838854)
1 (45.4566104729217,-73.40034441458366)
1 (45.53620802550323,-73.38347205234861)
1 (45.5366279347084,-73.4649630455734)
1 (45.64168026577342,-73.61933657944225)
1 (45.34715355004751,-73.32596956186882)
1 (45.27887033177869,-73.33887499394594)
1 (45.52527261790923,-73.68728620445556)
1 (45.29440715742901,-73.35380212006685)
1 (45.54246261200253,-73.71983713006507)
1 (45.65744458782323,-73.27206313863682)
1 (45.27077277864426,-73.34903638217223)
1 (45.3979745595038,-73.54956162284167)
1 (45.72146676114273,-73.42854015595023)
1 (45.65071629969949,-73.6817452415595)
1 (45.562710746317094,-73.25752358316258)
1 (45.70633013102506,-73.37487781736327)
1 (45.27337813433468,-73.3474725255148)
1 (45.605005551549404,-73.29024405781695)
1 (45.43115497155196,-73.27758648213114)
1 (45.581398543812355,-73.44232649211396)
1 (45.66486846180014,-73.39536922663015)
1 (45.584444338406094,-73.55416183023226)
1 (45.72332454452188,-73.52083906508614)
1 (45.65074723314079,-73.62962738521195)
1 (45.425928434885996,-73.69902119187465)
1 (45.60605018671605,-73.6933256547167)
1 (45.4639754951351,-73.41599029249146)
1 (45.40571238040936,-73.5740284487585)
1 (45.61573809544932,-73.54871145899)
1 (45.40217398701707,-73.26730989915497)
1 (45.42333727124022,-73.65828364890898)
1 (45.44506307926823,-73.30704046431477)
1 (45.25487637200309,-73.55991975455787)
1 (45.477900181147064,-73.70383229105597)
1 (45.441427278782896,-73.41110335968978)
1 (45.694282152611514,-73.37131891067254)
1 (45.335197718267445,-73.35184219484151)
1 (45.35597753762813,-73.55832069713679)
1 (45.68257183909645,-73.5077943365312)
1 (45.5555413968008,-73.63648988636315)
1 (45.643704288470985,-73.42827310134884)
1 (45.526858542117076,-73.65894749693541)
1 (45.61896143608335,-73.2767425616779)
1 (45.568449612492486,-73.40571705139885)
1 (45.26174145976072,-73.32139568839192)
1 (45.74642553598402,-73.66642821226661)
1 (45.66706863454691,-73.48776283474807)
1 (45.28665140332525,-73.27980630500907)
1 (45.72584505038346,-73.43402863137483)
1 (45.448981775196444,-73.45288158146427)
1 (45.52575659830953,-73.29284081920545)
1 (45.700355031060084,-73.62064533895452)
1 (45.46156821163538,-73.39087523955757)
1 (45.66808547178996,-73.57904765454256)
1 (45.38990643663995,-73.40927615972198)
1 (45.65986720784647,-73.33077462299403)
1 (45.726616234209075,-73.58432228300603)
1 (45.48280504598234,-73.52416100508698)
1 (45.33839145291218,-73.66827361862691)
1 (45.38021323714167,-73.54088697326308)
1 (45.42461734006714,-73.47533519375024)
1 (45.631973550629375,-73.69777581754717)
1 (45.32022645323797,-73.42702909581986)
1 (45.73192035787968,-73.67205236817237)
1 (45.27585750303115,-73.5849965455749)
1 (45.56402056685963,-73.63783971849949)
1 (45.28772026722671,-73.71735740211264)
1 (45.64804269224097,-73.71446508435403)
1 (45.45630764116133,-73.4872348416634)
1 (45.31495958846589,-73.67431333034365)
1 (45.65045949332812,-73.378908587047)
1 (45.602505565937804,-73.43950984334099)
1 (45.44127102667539,-73.48829020532006)
1 (45.73210902625244,-73.71263230796784)
1 (45.3489517214947,-73.30001987369263)
1 (45.73984779135615,-73.63694394837496)
1 (45.41497930491045,-73.55346414827837)
1 (45.68612504735624,-73.66630878096719)
1 (45.471756294047886,-73.26424990088984)
1 (45.36143950738035,-73.3439922845678)
1 (45.732465053758546,-73.41670006024853)
1 (45.53892420565264,-73.44296908488484)
1 (45.464930704747985,-73.27564218015458)
1 (45.59825421467027,-73.40815197182157)
1 (45.54503909253998,-73.68354141167295)
1 (45.26007420119811,-73.26312467053273)
1 (45.60762089439237,-73.61076479926122)
1 (45.72527273060223,-73.60050374117264)
1 (45.325700661735155,-73.61301452568469)
1 (45.70923069874367,-73.46597298917955)
1 (45.55262332314972,-73.72057294071956)
1 (45.697597430697314,-73.37132659672277)
1 (45.655808574505635,-73.63898275104962)
1 (45.72719844268879,-73.3315253283448)
1 (45.35574722324118,-73.48014145950266)
1 (45.613354780145166,-73.71481298655878)
1 (45.25934151730428,-73.56651902992351)
1 (45.303194766147215,-73.32335840716237)
1 (45.54280499040734,-73.65931409941804)
1 (45.43346434715814,-73.48468107090129)
1 (45.3960755446261,-73.2538435171158)
1 (45.710893623461324,-73.53128662037078)
1 (45.388058786221,-73.362316350335)
1 (45.41335233529148,-73.37748118049885)
1 (45.350006911671855,-73.46537337507654)
1 (45.630828255012275,-73.4682518330255)
1 (45.70295170084019,-73.55937881995844)
1 (45.326687979201495,-73.67539312428818)
1 (45.37434851721888,-73.45643148698015)
1 (45.40173063973952,-73.25072757401286)
1 (45.55895139552443,-73.70841796217442)
1 (45.68622054667928,-73.71531146541429)
1 (45.57942777637079,-73.72516091037363)
1 (45.66838578833761,-73.56693446713061)
1 (45.4933343696178,-73.33982107663626)
1 (45.291795459070116,-73.42601542835632)
1 (45.37481438547047,-73.74219207825858)
1 (45.31857908842333,-73.71216387819985)
1 (45.37173915502668,-73.35238238808849)
1 (45.56062744800468,-73.65022041841699)
1 (45.70200589198022,-73.34360957380011)
1 (45.726714862674335,-73.34550656854485)
1 (45.7063162960483,-73.64343719832877)
1 (45.71990890664965,-73.34330805101494)
1 (45.41899919261197,-73.34776528809154)
1 (45.44668402713217,-73.49728323272228)
1 (45.35330348090805,-73.5712408038211)
1 (45.56683156574545,-73.61553142244342)
1 (45.32307624876587,-73.3314849026518)
1 (45.62155931241943,-73.73147383377128)
1 (45.63885379834556,-73.6226392947948)
1 (45.626099634012114,-73.45949272442547)
1 (45.42313198237262,-73.3762146066675)
1 (45.50269588663493,-73.74244259523928)
1 (45.58694529561776,-73.53407883571052)
1 (45.66001255926818,-73.37968984099692)
1 (45.69787251081266,-73.46965479321611)
1 (45.59581568994004,-73.54025552972739)
1 (45.548199971446394,-73.48900055410364)
1 (45.611195389656075,-73.51592895926663)
1 (45.70121188889866,-73.62342776741664)
1 (45.57665350958963,-73.25388732223212)
1 (45.65344029459649,-73.38966776807143)
1 (45.68305507385807,-73.72740007472946)
1 (45.50119551286904,-73.64232622192053)
1 (45.74374292288167,-73.45661456351117)
1 (45.64081146729502,-73.57647240001738)
1 (45.388040690872245,-73.47921209113028)
1 (45.56377819419145,-73.35568940465522)
1 (45.40092030441694,-73.29289210332145)
1 (45.73029739379098,-73.7427676459208)
1 (45.51878566883566,-73.74818461534679)
1 (45.317785084201084,-73.49645383481638)
1 (45.687124976714145,-73.56100941072343)
1 (45.344458599343206,-73.66827349815053)
1 (45.62221035971856,-73.53969317336647)
1 (45.262383647362554,-73.2884254957463)
1 (45.49607354783504,-73.28082389383933)
1 (45.59922026482827,-73.26910226187124)
1 (45.681662831936386,-73.4823647876379)
1 (45.60339475614664,-73.67732031971616)
1 (45.253386757208574,-73.65086792842355)
1 (45.613538335407114,-73.33745071894067)
1 (45.33717614712065,-73.34242074245465)
1 (45.529770878068035,-73.51611981501914)
1 (45.443746742923686,-73.67412661096262)
1 (45.311772006278716,-73.7190060011152)
1 (45.59892025504155,-73.67446350372902)
1 (45.366569811580376,-73.39028881057874)
1 (45.405663018152055,-73.60678299683919)
1 (45.51759060728939,-73.55111188979187)
1 (45.63392650097719,-73.70050448942864)
1 (45.46575181843995,-73.64340213495221)
1 (45.536425192904936,-73.25922776849652)
1 (45.2632429770844,-73.55974255567567)
1 (45.33116308441339,-73.38402984702297)
1 (45.321128322387096,-73.53872704474595)
1 (45.67482053134519,-73.5536301351164)
1 (45.3630176428684,-73.28833047422654)
1 (45.4750393776871,-73.54090075912428)
1 (45.51879045016504,-73.36730839441124)
1 (45.55419464535411,-73.61736695717582)
1 (45.42472165431754,-73.50649554890147)
1 (45.48241736522638,-73.70388551190088)
1 (45.259345350031964,-73.68810340341543)
1 (45.34343323203494,-73.5666068638673)
1 (45.598006458490374,-73.421722114716)
1 (45.28320830944038,-73.33261992567863)
1 (45.313288515357186,-73.26071271100841)
1 (45.4184430999734,-73.50934622636348)
1 (45.48336873506075,-73.69203096962472)
1 (45.54963264686717,-73.3357931625162)
1 (45.39584027570002,-73.60625491358103)
1 (45.631710611729154,-73.67219404175809)
1 (45.250654478137,-73.61269302056327)
1 (45.60422150748026,-73.74735572996222)
1 (45.572574425917104,-73.50693119660401)
1 (45.472515656993465,-73.43020231871749)
1 (45.64089429987016,-73.72503159851921)
1 (45.461637611167276,-73.27354662499936)
1 (45.43216728608203,-73.62982702890145)
1 (45.63537916840287,-73.39403907555462)
1 (45.65029823093944,-73.47036028651944)
1 (45.58439410191954,-73.30253638150407)
1 (45.387595255895185,-73.33549781064411)
1 (45.6393225887422,-73.58380076155142)
1 (45.320238063898266,-73.3871031249114)
1 (45.557548943360935,-73.3434829913041)
1 (45.59210890677328,-73.6068853347834)
1 (45.26551700722868,-73.59376088814139)
1 (45.682045279775906,-73.72414402665021)
1 (45.5124535367377,-73.73679757019585)
1 (45.581311917440345,-73.4091119197833)
1 (45.70590051889682,-73.52735190057044)
1 (45.53045289076521,-73.7184523526503)
1 (45.254633211074506,-73.35241654901394)
1 (45.377672743472715,-73.66569911434954)
1 (45.44034155830353,-73.35667694626261)
1 (45.32450913135821,-73.66003144638657)
1 (45.67587805662864,-73.3678773989509)
1 (45.41879740485091,-73.41175782083752)
1 (45.48492664608907,-73.73584873069626)
1 (45.63979123762769,-73.74223711878138)
1 (45.65562199349155,-73.59299465259261)
1 (45.29579127824564,-73.55969678646674)
1 (45.27895041509727,-73.6724519866321)
1 (45.72074739230295,-73.57051273727608)
1 (45.281688356479755,-73.68293314418602)
1 (45.413038192409175,-73.58799616373716)
1 (45.60318620185373,-73.33642667671815)
1 (45.3069949151503,-73.5775881448172)
1 (45.34548001854957,-73.4564753907922)
1 (45.30572485123501,-73.33859325681323)
1 (45.54701531224941,-73.6606687421605)
1 (45.53240299609865,-73.46818885031378)
1 (45.69169227054765,-73.41127988510412)
1 (45.476438752472,-73.48342713664454)
1 (45.66699296783139,-73.26264517103283)
1 (45.32078783082861,-73.69130277962631)
1 (45.6276264907077,-73.40292722530779)
1 (45.73716772723858,-73.59568906650031)
1 (45.60442923153815,-73.59132046340902)
1 (45.327048556848275,-73.31305117393002)
1 (45.722182743474356,-73.32955104275588)
1 (45.668029190092284,-73.63632565537976)
1 (45.55456290810514,-73.57869115140818)
1 (45.59757192055476,-73.53821061531384)
1 (45.44960954595536,-73.53885041068847)
1 (45.429057295580634,-73.541341505887)
1 (45.60490660249415,-73.45022538055572)
1 (45.74873387586407,-73.50343308310742)
1 (45.25808874414278,-73.54928079535297)
1 (45.28637602769872,-73.47044835226384)
1 (45.58534099490208,-73.72350443779229)
1 (45.58732623489823,-73.340210897863)
1 (45.26823378563318,-73.5522203333408)
1 (45.33908642190475,-73.65260750359745)
1 (45.69753663863719,-73.29936297548956)
1 (45.72173650053195,-73.38063333354998)
1 (45.43157943902083,-73.53690829905219)
1 (45.55819606160298,-73.63901244261038)
1 (45.316281082373486,-73.42482497699199)
1 (45.33770903481509,-73.2539819523293)
1 (45.60414100455007,-73.25495272864632)
1 (45.37391887365656,-73.64905851798417)
1 (45.480289842863336,-73.68213218696638)
1 (45.43751553288581,-73.49721136423433)
1 (45.615121420103456,-73.61620389674975)
1 (45.6726734281698,-73.56984652474495)
1 (45.71507895138804,-73.53316195894638)
1 (45.46636318363347,-73.67736238044388)
1 (45.5358439755609,-73.48279077246795)
1 (45.69010790493801,-73.5447671665413)
1 (45.4554775664986,-73.32353143334323)
1 (45.37486841594553,-73.39895443756251)
1 (45.47898911783768,-73.70311708019248)
1 (45.41147969711104,-73.46171314591429)
1 (45.46035846945893,-73.5256847859687)
1 (45.29142449631356,-73.44440413865921)
1 (45.38321336138498,-73.60261403586918)
1 (45.71571798210698,-73.52646582796116)
1 (45.737164752404325,-73.37526057582528)
1 (45.60329097721549,-73.67051672514978)
1 (45.36322826119481,-73.52304645500034)
1 (45.62449717444264,-73.48180336877853)
1 (45.618810854628904,-73.43003595083597)
1 (45.37023331792847,-73.6590975376154)
1 (45.33041785424858,-73.37716930677168)
1 (45.64264957934138,-73.40787709389967)
1 (45.26053578390309,-73.45574468438973)
1 (45.61954051700205,-73.4947301567082)
1 (45.71407250782461,-73.56053143665407)
1 (45.301245254917234,-73.41440312614476)
1 (45.44928710664306,-73.4180658050998)
1 (45.696249193530114,-73.41776810714774)
1 (45.73831730120726,-73.43722332697982)
1 (45.63966718200374,-73.41021605182402)
1 (45.74321339854701,-73.73507977402478)
1 (45.46740201233046,-73.47558724436749)
1 (45.334813218214144,-73.49136594939426)
1 (45.48800999157033,-73.51073148687692)
1 (45.583843534629146,-73.31948913193708)
1 (45.30416867782904,-73.67014528585737)
1 (45.39630904239095,-73.61113734398937)
1 (45.53613030036582,-73.51886450697612)
1 (45.64853086416885,-73.31490029894223)
1 (45.390657551945246,-73.47489577439983)
1 (45.7011223254227,-73.34713396039353)
1 (45.30067669239038,-73.28995076220096)
1 (45.3357404148127,-73.3054636613758)
1 (45.533246213907454,-73.46910303582781)
1 (45.463627339237114,-73.36186360051502)
1 (45.72642771348528,-73.6662170726712)
1 (45.40075716762138,-73.65316860220366)
1 (45.26925874534903,-73.71260526576573)
1 (45.590828319019266,-73.6621668305757)
1 (45.28326570430005,-73.54134856788971)
1 (45.38439372983846,-73.49209043476412)
1 (45.69881824860379,-73.35907232660797)
1 (45.35009594859131,-73.58136366860433)
1 (45.5451148277506,-73.49069905070067)
1 (45.60227530933737,-73.28388622017796)
1 (45.58870238527655,-73.38080545997653)
1 (45.27814538420052,-73.35292260501622)
1 (45.36217131366837,-73.27769162998575)
1 (45.587280172237136,-73.71383605201018)
1 (45.4220303424247,-73.65312548473658)
1 (45.286333794246495,-73.49244861716224)
1 (45.3627540495112,-73.4219563216311)
1 (45.50271385644704,-73.58172707535736)
1 (45.692609136361185,-73.521396577778)
1 (45.54235565511145,-73.57978718704479)
1 (45.6461037223754,-73.38975162090952)
1 (45.66879505813505,-73.71687675316363)
1 (45.36776750122732,-73.34873240508237)
1 (45.333413806701465,-73.40804115072221)
1 (45.6524584511897,-73.34221696560273)
1 (45.470031475056196,-73.32159251655392)
1 (45.568505447434354,-73.41743148794133)
1 (45.74094457864308,-73.34129731036816)
1 (45.32173425961704,-73.25200273165495)
1 (45.53606359451613,-73.52236447217518)
1 (45.640787599286625,-73.43218868733038)
1 (45.581974845456834,-73.59785955182535)
1 (45.2771383918748,-73.57382492282662)
1 (45.713554683828995,-73.28308824000422)
1 (45.41680850491855,-73.74812972483147)
1 (45.69718942968559,-73.55078549920333)
1 (45.39504357985542,-73.52949121476578)
1 (45.4717050716279,-73.70961462814036)
1 (45.59005791237429,-73.32171553742648)
1 (45.290786744826704,-73.51252349033794)
1 (45.74745143884685,-73.44294534732823)
1 (45.50896868358889,-73.64992310255782)
1 (45.25301434279809,-73.25756341808302)
1 (45.65220093685863,-73.34544677427681)
1 (45.52837309650936,-73.43587672300387)
1 (45.453550312082356,-73.3692159334244)
1 (45.271294809277855,-73.69923172082783)
1 (45.71476854659598,-73.61508177793837)
1 (45.70045522868289,-73.66944199293918)
1 (45.675261326267815,-73.45422981577396)
1 (45.29308909054099,-73.68701510830638)
1 (45.53141800754299,-73.37782735428489)
1 (45.72317948374689,-73.69264563369948)
1 (45.351312246266446,-73.47606197652459)
1 (45.31770650862793,-73.48079718385404)
1 (45.37245978168756,-73.5699619075857)
1 (45.34896361439318,-73.33292635214009)
1 (45.5536202120277,-73.3158074575963)
1 (45.37206333289507,-73.72100734079078)
1 (45.275555637895195,-73.33973515537402)
1 (45.598492302259054,-73.43949611663946)
1 (45.25020946877592,-73.4323046951538)
1 (45.46893906122096,-73.67572874174543)
1 (45.50294490142235,-73.53934155305893)
1 (45.6516058489948,-73.664978782448)
1 (45.7382829331807,-73.72628595434277)
1 (45.64582957783295,-73.69700429424934)
1 (45.486005907262296,-73.46857216687287)
1 (45.51507481979571,-73.3458951727362)
1 (45.65154309997281,-73.53022980287533)
1 (45.50822536039708,-73.38438750187728)
1 (45.462230854646585,-73.33694186837923)
1 (45.453588891203935,-73.41754141545731)
1 (45.309340349424204,-73.62821232811942)
1 (45.32614288852521,-73.32878509815416)
1 (45.63469206817268,-73.28608877405627)
1 (45.29528782902269,-73.67380751309216)
1 (45.30022668072033,-73.58505397184852)
1 (45.35773731830888,-73.68463822702115)
1 (45.30907780700141,-73.68924273985196)
1 (45.34816289657688,-73.55748297146884)
1 (45.317493158886315,-73.53905892945056)
1 (45.69882460856137,-73.69348920001437)
1 (45.58837585483751,-73.3195598677536)
1 (45.28865671229505,-73.54159630453682)
1 (45.38926915617447,-73.48764396167513)
1 (45.58214117455345,-73.65698056042221)
1 (45.33028289430119,-73.35411981564019)
1 (45.50878976371445,-73.5373354685312)
1 (45.270761396177825,-73.47015345023411)
1 (45.67516922139667,-73.73233348084898)
1 (45.69741782017293,-73.55538287118699)
1 (45.53314159315865,-73.63909581516401)
1 (45.39121110136937,-73.42715763846691)
1 (45.55035589618947,-73.29835214622011)
1 (45.25541720001032,-73.34690353266137)
1 (45.74201488081626,-73.39220279236675)
1 (45.373147226254694,-73.39053087720963)
1 (45.62655432539845,-73.51500130884394)
1 (45.69899083917883,-73.37509765796197)
1 (45.262110541052685,-73.64385591144057)
1 (45.26651397625475,-73.53360680590345)
1 (45.50551476227167,-73.57460356698235)
1 (45.411015804081686,-73.52385988376255)
1 (45.51104189004563,-73.4128411458086)
1 (45.265250732342324,-73.4857072853563)
1 (45.25225379527237,-73.51770346786384)
1 (45.68474675259714,-73.72382829788098)
1 (45.50701603410394,-73.58855844786457)
1 (45.29890249586714,-73.69034198611598)
1 (45.29313000996798,-73.36164522128463)
1 (45.564220981387905,-73.27309317476842)
1 (45.68001070439829,-73.64491135167188)
1 (45.51683892516444,-73.46137551219893)
1 (45.73045392497772,-73.66491091238933)
1 (45.38293609497023,-73.26114671626105)
1 (45.545774445319694,-73.42960551564565)
1 (45.30766021621779,-73.26645897530842)
1 (45.497460620490635,-73.52526604820623)
1 (45.70587852366821,-73.5628705963133)
1 (45.72897856473348,-73.46440305003696)
1 (45.62136782073966,-73.64202273164852)
1 (45.402472876232046,-73.38475944201234)
1 (45.50498099278121,-73.74435823322847)
1 (45.44684868256419,-73.56687957648427)
1 (45.48687818316027,-73.51912740135849)
1 (45.73608328581921,-73.38962411736634)
1 (45.52308712911175,-73.597368666337)
1 (45.68960423009963,-73.47923077876936)
1 (45.74245766497674,-73.6144698416957)
1 (45.74018313085635,-73.42812626941237)
1 (45.406501154444925,-73.39420891966006)
1 (45.4590339264395,-73.56467547772476)
1 (45.621656670314906,-73.41584105615611)
1 (45.362666433281184,-73.34440911057891)
1 (45.311201042116394,-73.32984160657386)
1 (45.55153531253048,-73.50700191119873)
1 (45.46232125663999,-73.6663328261444)
1 (45.34663709224761,-73.70137841103319)
1 (45.312793000578445,-73.49301491505773)
1 (45.49694658900533,-73.32380431535451)
1 (45.43126013643505,-73.62659011816311)
1 (45.32794736386933,-73.3406766839498)
1 (45.57528567127696,-73.58321150774907)
1 (45.38949876003698,-73.3789564695839)
1 (45.28214546181672,-73.26940588549505)
1 (45.739895802450526,-73.3627929265369)
1 (45.35876189357293,-73.46521354716866)
1 (45.4722162884467,-73.45486923053092)
1 (45.289225242027875,-73.43595533597471)
1 (45.44891261977985,-73.52535464708646)
1 (45.57102644264786,-73.52808043621901)
1 (45.46109437976151,-73.32007884044054)
1 (45.62442577460084,-73.35796649716445)
1 (45.670060860510596,-73.4326491895748)
1 (45.69330756704961,-73.69033636138448)
1 (45.72038097007476,-73.60271297944867)
1 (45.57042198855955,-73.3251239158379)
1 (45.33618133157697,-73.26442114940988)
1 (45.535090735543264,-73.26816438147279)
1 (45.525291606185405,-73.65538131350074)
1 (45.58725403947619,-73.65200237896568)
1 (45.71950938192072,-73.66699282852163)
1 (45.39816255030893,-73.29840401894148)
1 (45.27348523699071,-73.47203749633948)
1 (45.375068043574665,-73.47382750428196)
1 (45.729591839281774,-73.30475455691918)
1 (45.35494293440232,-73.28314913762725)
1 (45.63162927224591,-73.59235953743642)
1 (45.700559316773536,-73.27536024036355)
1 (45.43633206994206,-73.44507169107598)
1 (45.47118385971916,-73.69774307509743)
1 (45.72838167807111,-73.3041952596145)
1 (45.37969607664141,-73.43220183745294)
1 (45.49199131543917,-73.32465537331129)
1 (45.42811261534604,-73.47896791402447)
1 (45.63011860315469,-73.32961987372043)
1 (45.43430181296977,-73.41881651149596)
1 (45.25097449938184,-73.42044361293469)
1 (45.62409773725217,-73.58522461120823)
1 (45.460735405616326,-73.55515250957808)
1 (45.56507437061798,-73.71256839615343)
1 (45.51122857270216,-73.62303993350977)
1 (45.46091587115102,-73.59550104373552)
1 (45.65184928763159,-73.74167852569053)
1 (45.70862002111595,-73.29806986742143)
1 (45.42608147499248,-73.68575608367341)
1 (45.64469749204587,-73.68892476913297)
1 (45.43473171698028,-73.5246244629993)
1 (45.571080436294096,-73.55113791385075)
1 (45.26035000005413,-73.69730601488888)
1 (45.45662974111237,-73.72169735411146)
1 (45.31029866008124,-73.38993265515792)
1 (45.65593091865708,-73.65665565562665)
1 (45.2895444831184,-73.7011977837564)
1 (45.57349452322431,-73.49320716189055)
1 (45.35848683920341,-73.68638222279277)
1 (45.428527790595126,-73.58963568922472)
1 (45.2659985941415,-73.4598703252147)