1050 1050
101 (45.5,-73.5)
1 (45.643119794224745,-73.66811752348187)
1 (45.37334406449298,-73.60980333382332)
1 (45.38498330087478,-73.56378222306834)
1 (45.50075231482167,-73.73662201875246)
1 (45.444822460645604,-73.69622709723777)
1 (45.43516182742927,-73.46973173671114)
1 (45.41794588717284,-73.7268488857943)
1 (45.73501614904663,-73.34337782632534)
1 (45.58992077254907,-73.44689931596754)
1 (45.6559782696791,-73.42405030342375)
1 (45.49686426857937,-73.25708906451877)
1 (45.60004483440945,-73.57734197252617)
1 (45.342394397500534,-73.64985779670809)
1 (45.45977957612672,-73.74216451820215)
1 (45.30531312860246,-73.39009562118271)
1 (45.58924854117116,-73.5445829568799)
1 (45.264770447501995,-73.6091446310773)
1 (45.38372807368692,-73.53225874950071)
1 (45.60295882162243,-73.28032690024796)
1 (45.59136980023095,-73.74359788743747)
1 (45.519313278091865,-73.53203835306638)
1 (45.51174496919452,-73.7431802896175)
1 (45.704743030966256,-73.47661593170268)
1 (45.658554157658415,-73.65690278025342)
1 (45.27959655123226,-73.68972848357296)
1 (45.2767760266043,-73.62649781684384)
1 (45.59486257685647,-73.66595958245993)
1 (45.308142853227864,-73.47369609331882)
1 (45.33253537746439,-73.50154365342179)
1 (45.493068157772676,-73.71928146954274)
1 (45.31812350729645,-73.71488470539413)
1 (45.28201544227801,-73.44164190484064)
1 (45.57595683151277,-73.50952986517377)
1 (45.604785200978206,-73.28315104914904)
1 (45.416247584464585,-73.41268794596711)
1 (45.31231065461199,-73.72081997091144)
1 (45.74178694366621,-73.58517618231751)
1 (45.26229090243047,-73.51013958247889)
1 (45.30170927360228,-73.69584635627146)
1 (45.56735355504717,-73.48788936675884)
1 (45.299932233873626,-73.58508437261621)
1 (45.46242719983577,-73.68091875661655)
1 (45.58668136559462,-73.5078954056621)
1 (45.57661709443873,-73.41351265232029)
1 (45.62293395421251,-73.54737960421458)
1 (45.61411613991869,-73.33593349774385)
1 (45.50966739610806,-73.32407146702333)
1 (45.55854621636946,-73.51108734456409)
1 (45.616473222152116,-73.39565888146596)
1 (45.51561322721966,-73.39499215875196)
1 (45.72739892915412,-73.74501558763465)
1 (45.70007266420889,-73.72983175278576)
1 (45.64580499047712,-73.49227433026029)
1 (45.354740636650334,-73.53585957582459)
1 (45.36457589402032,-73.4388353293843)
1 (45.561648568052746,-73.54027176931123)
1 (45.71319922628357,-73.25774796393353)
1 (45.468428247314364,-73.51739949236003)
1 (45.339028032261574,-73.58582172943795)
1 (45.406626945069874,-73.63517586927634)
1 (45.466467211385314,-73.44811494640717)
1 (45.722890687931574,-73.50781364394888)
1 (45.60487561016565,-73.35511818473792)
1 (45.378817263548015,-73.74398478152855)
1 (45.74365119870688,-73.55699221833163)
1 (45.500768399801785,-73.3535239394448)
1 (45.581267539067596,-73.31763797988935)
1 (45.57704419298998,-73.4337830433428)
1 (45.48395551954032,-73.68416937249694)
1 (45.40656106783396,-73.59924493126209)
1 (45.65927503284962,-73.57452760081033)
1 (45.70053761977088,-73.64485909843724)
1 (45.45999729056035,-73.58751849899835)
1 (45.426681332444495,-73.44479341599461)
1 (45.30451885931976,-73.25547255742751)
1 (45.56398212148848,-73.58390097589233)
1 (45.41145478194754,-73.51002015091574)
1 (45.40545702481693,-73.69918177361879)
1 (45.39810839303692,-73.41614252624359)
1 (45.40605393108873,-73.47287423553627)
1 (45.28519168119564,-73.74870199825753)
1 (45.32340993145927,-73.66754233713553)
1 (45.583470559803125,-73.73907286015816)
1 (45.540273699382325,-73.52662925837804)
1 (45.41193522827123,-73.30728736190636)
1 (45.48913942368333,-73.28142926307814)
1 (45.51164676490666,-73.31727925029155)
1 (45.522002889594106,-73.4072846086296)
1 (45.57458651258091,-73.34935019159187)
1 (45.381138872260735,-73.65804512396026)
1 (45.502636055524384,-73.67490234504916)
1 (45.63041222059454,-73.2784333782602)
1 (45.54824093349138,-73.5437735864953)
1 (45.5008730226923,-73.64893877132242)
1 (45.26536239702539,-73.55417935331973)
1 (45.58925010793903,-73.45721949021888)
1 (45.316996962120825,-73.26930866465565)
1 (45.72344456799535,-73.31372167182442)
1 (45.44384451102466,-73.37303934391299)
1 (45.57523930702285,-73.53733062912431)
1 (45.29763144829059,-73.52003063018726)
1 (45.25717785230168,-73.62934931347112)
1 (45.38214609159881,-73.63261934636093)
1 (45.68792982296135,-73.73095489849254)
1 (45.525219398014144,-73.72848887800615)
1 (45.44844805020415,-73.62051468697825)
1 (45.62568476183124,-73.42899776029743)
1 (45.67983625052514,-73.55274790682945)
1 (45.38077655854466,-73.59834819741693)
1 (45.293083729067675,-73.47170079326872)
1 (45.301477739835335,-73.59844238343135)
1 (45.37068767206972,-73.34385728852622)
1 (45.56600274008331,-73.41331768701447)
1 (45.64067108336305,-73.55643882820328)
1 (45.64490243113684,-73.40046959140481)
1 (45.29461828051465,-73.5090513954123)
1 (45.6552041478398,-73.66416443852697)
1 (45.703087908427115,-73.69431917062448)
1 (45.56554999479531,-73.51801170015517)
1 (45.25412666532183,-73.71499917607977)
1 (45.679472843536985,-73.71060882929757)
1 (45.60359537546478,-73.3213018359939)
1 (45.26975012622243,-73.52898937562294)
1 (45.57963214086965,-73.67274804216397)
1 (45.32320123379687,-73.56989827613985)
1 (45.32781585028513,-73.63387344347062)
1 (45.582345033296974,-73.37858596868759)
1 (45.5184561334036,-73.50244657850652)
1 (45.43801012545751,-73.298856271638)
1 (45.56292484366427,-73.64259744439215)
1 (45.73529083010754,-73.25652051723874)
1 (45.302056629705746,-73.55335903422122)
1 (45.704168025465975,-73.311203745617)
1 (45.536385108584206,-73.44560454452203)
1 (45.51566447020909,-73.65861657266137)
1 (45.56534402031337,-73.42721841806164)
1 (45.3945801993201,-73.34694940521524)
1 (45.59055116968094,-73.40757019841077)
1 (45.29065430588894,-73.2869634250048)
1 (45.41690633670398,-73.32796508668208)
1 (45.321425251385584,-73.68564612236226)
1 (45.354472341129345,-73.30472605980488)
1 (45.55211239905327,-73.31796673137661)
1 (45.583972062539985,-73.73591770506982)
1 (45.670517707533605,-73.57031012267656)
1 (45.499222298505664,-73.37145217331911)
1 (45.74824675591155,-73.44258557259215)
1 (45.680938559368364,-73.27942352361981)
1 (45.55347446400852,-73.68379992165178)
1 (45.68808345829574,-73.55899692169137)
1 (45.29503154028955,-73.45805243970588)
1 (45.27529432784703,-73.55203465368957)
1 (45.732763296123295,-73.3944517956738)
1 (45.45791416725991,-73.69187150265962)
1 (45.28491349362754,-73.56537345485232)
1 (45.549763238025285,-73.49825742394086)
1 (45.59971161479253,-73.36276881196807)
1 (45.393026899443115,-73.58246585664828)
1 (45.535392523362155,-73.40190536900123)
1 (45.484498685254565,-73.3659216445923)
1 (45.61055358626964,-73.47596010443704)
1 (45.57790555617364,-73.53943287518231)
1 (45.745054818133674,-73.71330637655865)
1 (45.60815606975238,-73.59821647818478)
1 (45.51059362055882,-73.45212741576145)
1 (45.44008999605847,-73.58038782239274)
1 (45.64963630623087,-73.44415761351914)
1 (45.4916714781647,-73.41344010533673)
1 (45.30156447425361,-73.33089573801195)
1 (45.719555983450775,-73.53446980325694)
1 (45.69569496100154,-73.40155212950629)
1 (45.283574775159714,-73.69550976115669)
1 (45.53225812600939,-73.44228490450658)
1 (45.425918522210225,-73.5953121997617)
1 (45.374469683959134,-73.52094830098953)
1 (45.710665367103275,-73.69327920785568)
1 (45.61750736120269,-73.32061900613881)
1 (45.269786871265,-73.25996885275273)
1 (45.48350421343424,-73.63858452444326)
1 (45.59287843979223,-73.40171043156825)
1 (45.51559641397449,-73.40527055569218)
1 (45.67959930192841,-73.4643429963406)
1 (45.708613972040624,-73.5497520710545)
1 (45.54617023404438,-73.37294648363837)
1 (45.719178636737745,-73.74503624728926)
1 (45.6402656662363,-73.60066568909917)
1 (45.543774103364186,-73.50722287841533)
1 (45.672249993483454,-73.58033226555507)
1 (45.63977937025797,-73.29794113390808)
1 (45.71494600389625,-73.47757078990443)
1 (45.691506763881385,-73.68912944020298)
1 (45.658987196746324,-73.33343028582732)
1 (45.59096220417913,-73.2932682228506)
1 (45.73629323103773,-73.65831306246258)
1 (45.71134577522916,-73.54059325263395)
1 (45.340321809033895,-73.61707805759785)
1 (45.70023661111376,-73.49761018916195)
1 (45.278488037771275,-73.48767666126615)
1 (45.3089568555699,-73.26839907927845)
1 (45.389505841132575,-73.60253416156016)
1 (45.70478522240084,-73.60174030001713)
1 (45.646394235186364,-73.49312054949925)
1 (45.283491442041196,-73.6430116681096)
1 (45.44450446864302,-73.45375987767169)
1 (45.71108876217782,-73.32009917929342)
1 (45.74316251860849,-73.72070790419065)
1 (45.2757522895062,-73.63723188807582)
1 (45.589384481727876,-73.42688305632493)
1 (45.62352686689223,-73.66969451652105)
1 (45.302610816964616,-73.44136632363113)
1 (45.58474898797965,-73.30578915376462)
1 (45.74051861986361,-73.63589132245903)
1 (45.57203280317382,-73.27021047236502)
1 (45.59770947447426,-73.53802570981469)
1 (45.445221468461305,-73.68516699741228)
1 (45.61143357308403,-73.73260140620849)
1 (45.29388030746764,-73.38212359053261)
1 (45.36149920727274,-73.25918070424999)
1 (45.28370967307945,-73.36795866800352)
1 (45.55512994715563,-73.62395145142744)
1 (45.54968059387639,-73.27462230726091)
1 (45.28177008490915,-73.39942461323139)
1 (45.5957474853533,-73.28104964279322)
1 (45.7077022908219,-73.72466316646671)
1 (45.278667734985994,-73.3901267006409)
1 (45.55582960971054,-73.34250157798184)
1 (45.71175901079522,-73.57192391236713)
1 (45.48208727021539,-73.61832078402625)
1 (45.32335047329882,-73.64720551505302)
1 (45.616688050822894,-73.27742393693227)
1 (45.34423548620085,-73.3823909133982)
1 (45.5857681817067,-73.37491360132766)
1 (45.67860858236656,-73.59868723335582)
1 (45.266989124546676,-73.27320172553978)
1 (45.43377069550657,-73.66403001119372)
1 (45.36126381750884,-73.64788901900081)
1 (45.345312032687765,-73.53676217622346)
1 (45.58201415170052,-73.27273098896335)
1 (45.4365332562439,-73.56464935031005)
1 (45.37322996843834,-73.54876302501785)
1 (45.49354083186752,-73.51187236029533)
1 (45.56808785441137,-73.44138802808763)
1 (45.32075373270156,-73.29005603866067)
1 (45.291001537173244,-73.67233476267174)
1 (45.26548399154462,-73.60718615786352)
1 (45.687713859734686,-73.68087623558718)
1 (45.66480481689008,-73.7204344349652)
1 (45.7404034830797,-73.52055243813197)
1 (45.67309543470442,-73.6854544860362)
1 (45.48776809112958,-73.49387254938961)
1 (45.37445264145312,-73.4356294937893)
1 (45.42365865017812,-73.44807700913395)
1 (45.67058518039876,-73.70004548987137)
1 (45.69207811891757,-73.26002031061503)
1 (45.66185727563064,-73.67863198645192)
1 (45.431220695595364,-73.62759095131292)
1 (45.60682386908545,-73.53695459270547)
1 (45.74471663957416,-73.35881545276746)
1 (45.553900792518284,-73.6615625483245)
1 (45.294360188700566,-73.4078985847173)
1 (45.38773868621207,-73.72958667328044)
1 (45.415337218311784,-73.44993285768425)
1 (45.32242064952911,-73.49345135962275)
1 (45.45233190828108,-73.31286517878104)
1 (45.30377889999349,-73.26310745523516)
1 (45.70288029716524,-73.59653980874467)
1 (45.353926900686936,-73.38411029473157)
1 (45.43295176185871,-73.30424143377391)
1 (45.60252909708473,-73.56016076798184)
1 (45.398977837731444,-73.29214332096431)
1 (45.601380986383106,-73.6533946042088)
1 (45.67041101550144,-73.30642043407478)
1 (45.51154828366999,-73.61474870865436)
1 (45.29738441078489,-73.32651834180628)
1 (45.38561460059922,-73.45015072981498)
1 (45.50915642586877,-73.36617377932014)
1 (45.54151286488884,-73.61607147218218)
1 (45.66076316525052,-73.30126357625873)
1 (45.4389664445576,-73.46014741729783)
1 (45.56766398147237,-73.69541385093727)
1 (45.52474178560436,-73.27912383074819)
1 (45.68115456698642,-73.48053194863652)
1 (45.70871517681239,-73.2572867235532)
1 (45.260934677252116,-73.72002913990646)
1 (45.46918182680796,-73.47384500360708)
1 (45.295456172220206,-73.53748242112867)
1 (45.56288661833726,-73.32739203446238)
1 (45.40554033119767,-73.63283934366704)
1 (45.43293122518145,-73.61961895440201)
1 (45.342241478828136,-73.63200018527448)
1 (45.66601338478709,-73.66886981296234)
1 (45.45604751321311,-73.32371729584767)
1 (45.749379815002136,-73.68692184578019)
1 (45.6712460197182,-73.63023196501697)
1 (45.41742495606078,-73.7495419813069)
1 (45.546647874351635,-73.43492446281239)
1 (45.558043655020654,-73.52291360276342)
1 (45.44184886444068,-73.65148352574727)
1 (45.46964647082642,-73.47394588431843)
1 (45.636822741726746,-73.66470700737307)
1 (45.72117242517882,-73.59277043760906)
1 (45.471877540550565,-73.5030258932952)
1 (45.46948425986146,-73.69039862955447)
1 (45.684870464667405,-73.31719912758284)
1 (45.33120765638015,-73.60355524663889)
1 (45.62306459672471,-73.43835762687443)
1 (45.289376223329775,-73.6421227102107)
1 (45.39812426193954,-73.47168074919202)
1 (45.639169873289326,-73.35242266844179)
1 (45.33448391229025,-73.54946957915685)
1 (45.64158533779444,-73.6417297774653)
1 (45.73368894756796,-73.51923623125246)
1 (45.359052843758484,-73.51595577725736)
1 (45.54029485223275,-73.47865934964864)
1 (45.59281418574665,-73.62335941965709)
1 (45.448524601730824,-73.68986118207835)
1 (45.428303011131185,-73.47243126427642)
1 (45.33312240586811,-73.51044211413726)
1 (45.62181883442769,-73.60176993793733)
1 (45.62270519545684,-73.5680640785768)
1 (45.42946232909911,-73.62380985342284)
1 (45.35940146412607,-73.479104742084)
1 (45.487600057307354,-73.44267775599543)
1 (45.70468052244479,-73.47000961851846)
1 (45.50305244497713,-73.55924909119994)
1 (45.55801329539827,-73.30245017157841)
1 (45.30075008715984,-73.72364262858682)
1 (45.25236927909748,-73.4302507930592)
1 (45.70677852185219,-73.276935089528)
1 (45.47854239352509,-73.32727878609143)
1 (45.31553308409038,-73.33979527528757)
1 (45.66891173922196,-73.42109629243346)
1 (45.40113078330769,-73.55603030527642)
1 (45.54048183610545,-73.54715377381923)
1 (45.58527719825464,-73.38370446636848)
1 (45.356909778806404,-73.30266048172498)
1 (45.366461843935795,-73.44553414775906)
1 (45.71971525592318,-73.62799720267894)
1 (45.74865672727361,-73.70368039210372)
1 (45.33998279045778,-73.376642481404)
1 (45.481618017372824,-73.71185333770845)
1 (45.27360347799241,-73.55206392213317)
1 (45.33944214750341,-73.41981115241717)
1 (45.525467194482,-73.29188141444848)
1 (45.41920272840034,-73.46187873076647)
1 (45.741004107555014,-73.56583990942056)
1 (45.637296336623336,-73.55202932856683)
1 (45.40708802286059,-73.42473464158535)
1 (45.43755003830759,-73.53336580840407)
1 (45.57855204330125,-73.49241211549017)
1 (45.70219510570301,-73.28950537318752)
1 (45.63143048054607,-73.73232591608443)
1 (45.47448665965236,-73.61941533696572)
1 (45.41952917506968,-73.34385655115116)
1 (45.360050026661334,-73.30566490332669)
1 (45.47703969583445,-73.45171021631117)
1 (45.37296022747228,-73.46885132697109)
1 (45.56665118441824,-73.54419168736231)
1 (45.53211185581696,-73.39812649495778)
1 (45.419976769127956,-73.39300225825103)
1 (45.6936123632709,-73.37929305786497)
1 (45.45509988241108,-73.4484437574357)
1 (45.42573260277324,-73.60785718654103)
1 (45.58465923126366,-73.44951547973952)
1 (45.69437423550072,-73.57471809545702)
1 (45.44712888007843,-73.71837112821147)
1 (45.729064295742795,-73.34684221188446)
1 (45.50381409895207,-73.3229583980279)
1 (45.68216313424096,-73.43431311567116)
1 (45.444570932761984,-73.49039436895636)
1 (45.57727271234673,-73.4385661214464)
1 (45.7363715453692,-73.33673521064952)
1 (45.566757856924674,-73.41440947302213)
1 (45.4305750630021,-73.64627915151488)
1 (45.682844093466144,-73.35060202467399)
1 (45.51712739952327,-73.58539753749164)
1 (45.571931255174846,-73.3803003311642)
1 (45.67690144927669,-73.37211852478448)
1 (45.647563008598034,-73.27360587037485)
1 (45.73700256321984,-73.54329417031225)
1 (45.683917996648944,-73.43973632000652)
1 (45.47810239758967,-73.56616176782424)
1 (45.598739475974995,-73.57601260575012)
1 (45.67772750336742,-73.63046564192514)
1 (45.54229557530224,-73.7448964585094)
1 (45.39891735714183,-73.5310365323059)
1 (45.41726352452716,-73.53873117951446)
1 (45.549779837666776,-73.60883060422756)
1 (45.60335686611293,-73.60463134863369)
1 (45.64621019649915,-73.26091110236305)
1 (45.450065185461895,-73.649135069544)
1 (45.50740332416275,-73.55671077886446)
1 (45.53105219434952,-73.62377540563476)
1 (45.3017768318765,-73.50914379174613)
1 (45.72455817877073,-73.60864552772047)
1 (45.43953621682262,-73.5447414436269)
1 (45.395579144643115,-73.46132517115173)
1 (45.27735138297378,-73.69696620575614)
1 (45.307645405373584,-73.58320402497202)
1 (45.46047716723457,-73.51121429660996)
1 (45.384698247582975,-73.674280306645)
1 (45.478138862300476,-73.59874739159028)
1 (45.57686426806607,-73.6009311823114)
1 (45.64911680967898,-73.70989951594085)
1 (45.35785245244837,-73.4889444216663)
1 (45.28620268145927,-73.61438563064908)
1 (45.29625002511188,-73.37626864479482)
1 (45.710563138885576,-73.47839400238928)
1 (45.69816891495062,-73.71648247980065)
1 (45.60003496169827,-73.31437475860285)
1 (45.5144953076798,-73.7149011506745)
1 (45.35898887360847,-73.45004258169257)
1 (45.5424207664544,-73.40453159776297)
1 (45.29163785397124,-73.31809200146004)
1 (45.427983867131424,-73.52875545010899)
1 (45.34552871044121,-73.70747909057742)
1 (45.5940274047281,-73.69166227478684)
1 (45.56744400110187,-73.44085403834686)
1 (45.47627678394188,-73.36537296435051)
1 (45.68005497020301,-73.25083423134447)
1 (45.34917108072582,-73.70648681190852)
1 (45.34440412749926,-73.4202883351201)
1 (45.56262908877591,-73.73095314897293)
1 (45.720659366229484,-73.52865700351336)
1 (45.69110819106544,-73.72821177574465)
1 (45.37757015351629,-73.40756645579701)
1 (45.4171151578865,-73.36136434402634)
1 (45.4296692367117,-73.65459668307633)
1 (45.432753181090725,-73.70043151596134)
1 (45.50050165226,-73.28404635494623)
1 (45.74494074767688,-73.47041913801114)
1 (45.72002640627585,-73.30789213923146)
1 (45.512613330346014,-73.56495940104293)
1 (45.464823997516824,-73.73887048095808)
1 (45.427519989614815,-73.37971079386489)
1 (45.44085664269291,-73.69071543306639)
1 (45.67415248553896,-73.25749393429523)
1 (45.490266203141076,-73.41806657040374)
1 (45.66889543013224,-73.30930809540557)
1 (45.67605790743833,-73.29041649923998)
1 (45.583661852632474,-73.58191631410891)
1 (45.261506672184424,-73.33069794477495)
1 (45.60507910514821,-73.48360498733567)
1 (45.65473558578323,-73.56971582905534)
1 (45.46671604352634,-73.55501654453792)
1 (45.73315489709278,-73.57261032019913)
1 (45.518893035596776,-73.58162228156914)
1 (45.69731272749897,-73.58289210125797)
1 (45.4682923660353,-73.68844483530776)
1 (45.72919726591858,-73.30332190044331)
1 (45.42788696595976,-73.43605808238252)
1 (45.74614344287851,-73.39101144425938)
1 (45.56663169045955,-73.54968528182432)
1 (45.44823513880935,-73.28660364086711)
1 (45.43791172100999,-73.26038383434847)
1 (45.65445766769561,-73.52424539160386)
1 (45.49591875106951,-73.31884856802326)
1 (45.61084322678602,-73.68029655422116)
1 (45.379926155502126,-73.55828293985094)
1 (45.53246530396949,-73.6143243671156)
1 (45.25786030148238,-73.43308072360917)
1 (45.610376574907576,-73.63591301673145)
1 (45.372615882026594,-73.74472881661244)
1 (45.574447849573275,-73.69517342254247)
1 (45.4272389487247,-73.28538457049066)
1 (45.65355397694456,-73.64356883733292)
1 (45.5784019343031,-73.3829991147903)
1 (45.4156658700057,-73.54477738823384)
1 (45.58152111103562,-73.31965110230254)
1 (45.502146291296086,-73.43279302986602)
1 (45.54541733878777,-73.31692326582055)
1 (45.69291004911021,-73.31632198458027)
1 (45.30959689812782,-73.7386972343805)
1 (45.55209756350398,-73.61476209207792)
1 (45.653029986563425,-73.35265984042262)
1 (45.60752438440243,-73.58165804357644)
1 (45.3797302956311,-73.41710720905792)
1 (45.61140705629491,-73.62650584672609)
1 (45.30348961074926,-73.51930104068039)
1 (45.41472926751534,-73.28513555587313)
1 (45.27179762007345,-73.48567417933194)
1 (45.36310054326433,-73.41263143628426)
1 (45.62727728002574,-73.31260077753558)
1 (45.38807281053235,-73.48085448778902)
1 (45.40389251809128,-73.42923914773462)
1 (45.624618687736344,-73.65511261968093)
1 (45.594735336445524,-73.70112354312532)
1 (45.432838445564805,-73.60137918423047)
1 (45.50837541289381,-73.41472392129243)
1 (45.639950903891304,-73.73669109295544)
1 (45.551556005587116,-73.54911074164112)
1 (45.6472369907061,-73.38096331316628)
1 (45.73744574990409,-73.4411550172659)
1 (45.265842614827804,-73.49843672521675)
1 (45.3207067674095,-73.48536140129391)
1 (45.25521120599369,-73.43133216388023)
1 (45.70331509733881,-73.27847548975176)
1 (45.53840416681493,-73.72701362923046)
1 (45.638370652534455,-73.62242424026151)
1 (45.45968107348927,-73.34306920621938)
1 (45.28305909229623,-73.5369413920473)
1 (45.731449489490124,-73.68219890959031)
1 (45.31647947408378,-73.40539784901553)
1 (45.390057828833825,-73.56065371188552)
1 (45.643226567510894,-73.58389987093625)
1 (45.64289257126881,-73.35020096682155)
1 (45.64941829763389,-73.74463589112365)
1 (45.442854959761284,-73.65419649027362)
1 (45.564283823267715,-73.39974574563175)
1 (45.47052997010609,-73.48332427860348)
1 (45.707479103535576,-73.46165420785893)
1 (45.43922423990564,-73.48592036481622)
1 (45.269972264149985,-73.33985335519407)
1 (45.26353740279988,-73.36152739117227)
1 (45.28464189573265,-73.45253672498663)
1 (45.648244927703715,-73.64443252056888)
1 (45.591657465696606,-73.64428071714849)
1 (45.561008599447966,-73.58642121718015)
1 (45.39326128955842,-73.34813703588456)
1 (45.349794247157156,-73.39483537507226)
1 (45.42274787201695,-73.41204271779117)
1 (45.45386446997381,-73.59325430974165)
1 (45.32323676931371,-73.3253723991797)
1 (45.735827358486844,-73.26772299519283)
1 (45.54326110375665,-73.63175026887468)
1 (45.43146081776225,-73.44143210091018)
1 (45.408244681632986,-73.59890730445406)
1 (45.57389479760767,-73.28510990941817)
1 (45.519616200397444,-73.7354123337007)
1 (45.49922264359459,-73.31911696430505)
1 (45.26661018151937,-73.49752319146556)
1 (45.68172561853392,-73.69633911106607)
1 (45.509729727855735,-73.51719766417898)
1 (45.67863313708873,-73.5724559373955)
1 (45.40939710392283,-73.40447137585402)
1 (45.386704385281085,-73.47201620246604)
1 (45.42849403438451,-73.63395312580305)
1 (45.62590560372444,-73.44498302649157)
1 (45.73329408577578,-73.71610599402086)
1 (45.26907001268136,-73.6790165836062)
1 (45.55371570122747,-73.27927544837667)
1 (45.73066635387923,-73.58774291132205)
1 (45.540874848030384,-73.34809384506394)
1 (45.6126646734589,-73.73461246021544)
1 (45.277592266139095,-73.49793341727703)
1 (45.680976656668406,-73.27568302067837)
1 (45.35581095888647,-73.69349806539044)
1 (45.61206092371902,-73.41276660085067)
1 (45.33380547111028,-73.48243714564853)
1 (45.60602199735639,-73.64086071777297)
1 (45.42561505853505,-73.3120323238998)
1 (45.50989506675728,-73.35063975579483)
1 (45.4553090341823,-73.56855159504988)
1 (45.5327966629018,-73.60801263757207)
1 (45.42949276602334,-73.50478272295398)
1 (45.46323501537572,-73.67835855185162)
1 (45.542889215315164,-73.52155092906897)
1 (45.51811181617219,-73.59303285142136)
1 (45.53388129699502,-73.303693992444)
1 (45.5628105943813,-73.27009074231506)
1 (45.54957608306085,-73.58001075939497)
1 (45.44225516162218,-73.39990693475173)
1 (45.56325304643947,-73.28011693492746)
1 (45.55393463658602,-73.48947474913412)
1 (45.41098383023857,-73.5989351482589)
1 (45.575630396498354,-73.62664870631637)
1 (45.67876214657702,-73.45171415245565)
1 (45.43294278790672,-73.67745026851733)
1 (45.476658153396,-73.50901512498346)
1 (45.65470450938659,-73.26578643534937)
1 (45.582312160881834,-73.44202068896446)
1 (45.7179802743012,-73.50553693287698)
1 (45.522508817010916,-73.68381573329033)
1 (45.32859098977989,-73.55994562409822)
1 (45.38862306965572,-73.42195658532027)
1 (45.31796372867793,-73.69260781898413)
1 (45.54940557740458,-73.6816883931827)
1 (45.462597282428646,-73.54807500938414)
1 (45.432875622472864,-73.7375883273471)
1 (45.548546170328464,-73.45820468720073)
1 (45.69801550909034,-73.70420546366637)
1 (45.41006436016174,-73.6128627528063)
1 (45.40651124643639,-73.50343576296798)
1 (45.46891326109682,-73.46044190184767)
1 (45.73495997185866,-73.48791395031428)
1 (45.48882670051137,-73.71488974264086)
1 (45.33876554458843,-73.31562173328298)
1 (45.33823905376964,-73.34154575738718)
1 (45.690369242695546,-73.72120509865164)
1 (45.52362079687515,-73.37406678706121)
1 (45.56651362184365,-73.61416097509002)
1 (45.615629226516134,-73.37907626106164)
1 (45.351913024758645,-73.45309694030121)
1 (45.44077018034943,-73.33390262545522)
1 (45.46000526161166,-73.59868536458238)
1 (45.552380015136336,-73.6158781450959)
1 (45.44538480162859,-73.3357264248323)
1 (45.52647528785813,-73.71914963804925)
1 (45.29706811969812,-73.47690232422475)
1 (45.55038095243073,-73.71680796911515)
1 (45.45691844650022,-73.41734824523138)
1 (45.585036081930596,-73.37237410238329)
1 (45.30335707413374,-73.70008319059534)
1 (45.58548948861399,-73.67528424607326)
1 (45.676914849640326,-73.5776371203229)
1 (45.3583357614781,-73.4299979029241)
1 (45.50122784164166,-73.71487859988925)
1 (45.61970573247105,-73.36770741881568)
1 (45.67075704455704,-73.57209032540871)
1 (45.692913494999495,-73.5733585311848)
1 (45.63481301056838,-73.63575751378214)
1 (45.550975323848355,-73.32879666155027)
1 (45.506391629735184,-73.52732758090642)
1 (45.565954474587485,-73.2653342789125)
1 (45.56387852275747,-73.61736702803087)
1 (45.374448576595626,-73.49589015081087)
1 (45.69385491050324,-73.60408489281495)
1 (45.706525240792374,-73.65808150269083)
1 (45.6440388845766,-73.58110961258721)
1 (45.35402410744194,-73.54525604468238)
1 (45.416821651018616,-73.41969950321635)
1 (45.67338255808841,-73.73243080663927)
1 (45.735909053895206,-73.32523483991974)
1 (45.62800495208581,-73.31846060253098)
1 (45.26125469329874,-73.69688252601544)
1 (45.37568390648361,-73.60448904018271)
1 (45.61077133165229,-73.42274231364985)
1 (45.29769542496117,-73.71184076968967)
1 (45.271233575428596,-73.48057645965439)
1 (45.64792764177525,-73.30999398365039)
1 (45.645335148932226,-73.6863928206694)
1 (45.67276670533252,-73.27712769287032)
1 (45.28704011157424,-73.63969413337682)
1 (45.61545108743262,-73.25196862240257)
1 (45.32316808191342,-73.35512443002185)
1 (45.47221940245587,-73.65626841997222)
1 (45.64557929317555,-73.74553626760317)
1 (45.711814599433154,-73.37222181146385)
1 (45.685376101091606,-73.53117062504425)
1 (45.404771138338056,-73.3484923059374)
1 (45.44821344787094,-73.29368426087103)
1 (45.33439969194484,-73.48224222018551)
1 (45.49811123440579,-73.27217706166685)
1 (45.67749731514942,-73.68266927028925)
1 (45.72608791494423,-73.61116526841802)
1 (45.74954947007217,-73.56403262341139)
1 (45.5294847139986,-73.61761408034586)
1 (45.60655318405351,-73.74300664034651)
1 (45.45802626697874,-73.66568633014766)
1 (45.48357938677788,-73.72643102261306)
1 (45.45346379741478,-73.70378173961474)
1 (45.628805311728314,-73.37113151340748)
1 (45.52107316887081,-73.36873447521965)
1 (45.56098646961499,-73.37746589816209)
1 (45.52333033669503,-73.49670423423413)
1 (45.63820066937601,-73.7426054352263)
1 (45.27876322053731,-73.339339698841)
1 (45.576185209469905,-73.54829217678808)
1 (45.28227923774011,-73.54721055905767)
1 (45.695701272857754,-73.39091843610989)
1 (45.63719364722682,-73.4702976006636)
1 (45.71009812656612,-73.67925486893805)
1 (45.703734976534584,-73.54749839707813)
1 (45.286612766388565,-73.42700906922025)
1 (45.52397903103211,-73.51364866604635)
1 (45.42792924690732,-73.55362735124154)
1 (45.27896420657179,-73.34347799218833)
1 (45.42413480019771,-73.57735750358657)
1 (45.370166398273554,-73.27721095351049)
1 (45.71944854538768,-73.43957100665318)
1 (45.694562657597054,-73.43219295904392)
1 (45.52296154616084,-73.53869852875367)
1 (45.30018847264641,-73.39896322552539)
1 (45.36811548071473,-73.37586319375148)
1 (45.36739440843942,-73.34861481663972)
1 (45.59176032474389,-73.52240120692123)
1 (45.359933509384376,-73.54107518537086)
1 (45.360369808757746,-73.41194042540401)
1 (45.729561745224785,-73.72110820916267)
1 (45.4183566090339,-73.73656227164433)
1 (45.73800961346457,-73.72038186838896)
1 (45.6714177063348,-73.48780360534309)
1 (45.28098354990511,-73.649863693865)
1 (45.54645334566921,-73.42885990091635)
1 (45.56028186397413,-73.3670989882071)
1 (45.28884147028246,-73.51433214698244)
1 (45.55216056078156,-73.43759486208072)
1 (45.46771292922455,-73.4882149599795)
1 (45.46276013648769,-73.57857610370642)
1 (45.46036067853502,-73.58955399065754)
1 (45.744705431329905,-73.57679678861275)
1 (45.57802978849009,-73.47830643481625)
1 (45.272916031257566,-73.40988456750419)
1 (45.27707324569528,-73.66141822813572)
1 (45.44221594763251,-73.27286261659196)
1 (45.571821768463025,-73.35098802128155)
1 (45.25450675063727,-73.41803695408682)
1 (45.32850423374677,-73.32261730960069)
1 (45.40906919288946,-73.65735516500233)
1 (45.573168493733355,-73.4626526914124)
1 (45.49598425530895,-73.55163507364811)
1 (45.2907907125536,-73.29800573939796)
1 (45.619715149698244,-73.72073047400646)
1 (45.42762469219167,-73.39159216089622)
1 (45.64756774762634,-73.35274325859348)
1 (45.43433068353483,-73.56016198615129)
1 (45.28604761425634,-73.36881008213376)
1 (45.70353681002673,-73.42939805315726)
1 (45.33705756950012,-73.31278386112704)
1 (45.66222426802723,-73.38364068117471)
1 (45.275430641229924,-73.38229900634488)
1 (45.57669078890735,-73.49445172502126)
1 (45.71946873077508,-73.59925189847628)
1 (45.31583524450386,-73.52346177491117)
1 (45.43695862813621,-73.43364621530907)
1 (45.397119369843985,-73.59054961274727)
1 (45.74056208474567,-73.74504562398408)
1 (45.60880108773359,-73.57838372159655)
1 (45.47852818720225,-73.69054449612791)
1 (45.361896917559015,-73.30871088084736)
1 (45.3193514002869,-73.26720991219389)
1 (45.67581960522479,-73.47450742521038)
1 (45.66229989492121,-73.41036665757893)
1 (45.342749910069095,-73.74521439267103)
1 (45.27966432862061,-73.55688944104888)
1 (45.3475403054119,-73.37975785672467)
1 (45.71112802629075,-73.30483485462823)
1 (45.542311195341966,-73.58391173674616)
1 (45.48583548066667,-73.25728839914318)
1 (45.3878886562581,-73.734790273152)
1 (45.44353652414203,-73.32921990650556)
1 (45.27784626776446,-73.46586333902893)
1 (45.26260973593347,-73.72143366761861)
1 (45.555151290501605,-73.46086786272325)
1 (45.27981911310354,-73.42536756817942)
1 (45.316279468843774,-73.64434433172492)
1 (45.30433382380877,-73.51653838718431)
1 (45.473150319944125,-73.28025766846463)
1 (45.38684191664176,-73.62284858654729)
1 (45.30934848781331,-73.29826728706487)
1 (45.403514361535244,-73.31676269221433)
1 (45.42383496774592,-73.45969172998839)
1 (45.35412654260212,-73.27752938569478)
1 (45.502715047938636,-73.25206847552118)
1 (45.4538205424685,-73.4011685484778)
1 (45.29761845388328,-73.66244029204188)
1 (45.41879175354848,-73.60186023116518)
1 (45.51786009086506,-73.72510470842025)
1 (45.307609491264046,-73.34866559939132)
1 (45.56278842096404,-73.46954389669438)
1 (45.38193207102949,-73.51617795228653)
1 (45.63059147518741,-73.60860746541456)
1 (45.69305239390917,-73.39674476735846)
1 (45.74031898829368,-73.50575136789408)
1 (45.484011061266166,-73.72531974094673)
1 (45.59499237864901,-73.64324137794581)
1 (45.52093965393956,-73.30579669017432)
1 (45.495412494145036,-73.48071038234012)
1 (45.63184779667561,-73.29984530330428)
1 (45.686638453678015,-73.74531371328332)
1 (45.536243134327876,-73.44581160867533)
1 (45.582099122157615,-73.33095771363287)
1 (45.494774430714834,-73.41616387164936)
1 (45.263911966646276,-73.60468194144512)
1 (45.39451353894367,-73.69725787129364)
1 (45.50222254259998,-73.52325581012)
1 (45.612542937150124,-73.2848632374187)
1 (45.27124089977848,-73.55240618232283)
1 (45.36819116070988,-73.63293564561921)
1 (45.365139611684356,-73.45482271517041)
1 (45.28255940199602,-73.67153751747013)
1 (45.733091361580584,-73.57119329866782)
1 (45.51290813603709,-73.32260294674987)
1 (45.559462360249654,-73.26100224733844)
1 (45.61902369943724,-73.28941054267372)
1 (45.41254111707738,-73.69667975636047)
1 (45.748860160714564,-73.47717068801609)
1 (45.473170274024014,-73.71592110269857)
1 (45.301552906450006,-73.71805187522372)
1 (45.43326271411323,-73.43259988723435)
1 (45.43732602663127,-73.52426373347589)
1 (45.62342116756355,-73.28668001660517)
1 (45.65586637311775,-73.37748210903469)
1 (45.288744065434685,-73.67788650823947)
1 (45.65741292333012,-73.58194482540459)
1 (45.68238853859423,-73.27662566578384)
1 (45.334110844335925,-73.46196454530771)
1 (45.28757469831337,-73.53875087121757)
1 (45.513105703581175,-73.67239813148146)
1 (45.51045376818381,-73.3682502878215)
1 (45.48740343441677,-73.61277994605902)
1 (45.608625840626935,-73.27378869963349)
1 (45.425698269318545,-73.39236945998655)
1 (45.43308114660269,-73.2512658367975)
1 (45.44817085401418,-73.4842814092679)
1 (45.26495243222193,-73.49515917850181)
1 (45.49168510203806,-73.63215995104007)
1 (45.62270382580523,-73.39639959624364)
1 (45.564862851066934,-73.73252602000763)
1 (45.400245167146394,-73.62388386619465)
1 (45.61119116478106,-73.30997006495447)
1 (45.57194900249062,-73.41045811660392)
1 (45.456618097542396,-73.3307804516015)
1 (45.46666067420251,-73.47231237574336)
1 (45.71701824077944,-73.46339076886402)
1 (45.26953022033311,-73.28320625309583)
1 (45.5804605023054,-73.49119701843054)
1 (45.457858094144015,-73.70180160432993)
1 (45.559385865106925,-73.41483892524137)
1 (45.31513509906629,-73.71160839838653)
1 (45.62860426757603,-73.34695744756746)
1 (45.4960699858801,-73.27865551131795)
1 (45.626444933038044,-73.60273350406888)
1 (45.33463658390186,-73.56197853324893)
1 (45.39844566557589,-73.42418093419336)
1 (45.69703580883451,-73.42637229429948)
1 (45.40564220478976,-73.54520974520894)
1 (45.681955654164156,-73.40558615608352)
1 (45.40281968518833,-73.30789352072881)
1 (45.36162611871269,-73.44724572881435)
1 (45.31601368976439,-73.27816797842277)
1 (45.53890396832553,-73.43826487465799)
1 (45.6130997450244,-73.28135560678012)
1 (45.66798552638528,-73.6613677335596)
1 (45.26648512624349,-73.48445407484498)
1 (45.64933422413644,-73.46957054586247)
1 (45.352718499785574,-73.59304452924908)
1 (45.663022545964715,-73.58607884106425)
1 (45.420257722190584,-73.40596832304485)
1 (45.548926573199765,-73.54203586976654)
1 (45.48368796984236,-73.38058902343255)
1 (45.477074556872196,-73.35391360211926)
1 (45.37035715332014,-73.50549965505328)
1 (45.27693911082675,-73.61606829024836)
1 (45.65369703209588,-73.65595244113027)
1 (45.310575957542916,-73.74208771942193)
1 (45.556424047420855,-73.72008218312409)
1 (45.68125065013925,-73.631038104757)
1 (45.49636439400815,-73.63116165207127)
1 (45.36655750087328,-73.56157380088874)
1 (45.3778241038273,-73.52267064850824)
1 (45.553023782629026,-73.62810356469734)
1 (45.30222527885782,-73.53887844134715)
1 (45.52780513865277,-73.52881259887666)
1 (45.58315576782909,-73.38393198515409)
1 (45.452316519820556,-73.49531999193366)
1 (45.30302984352434,-73.47711042974547)
1 (45.702506465666936,-73.61810667419557)
1 (45.641233925561245,-73.60094967039224)
1 (45.7109704549181,-73.27057963702168)
1 (45.336931471175646,-73.68235804282442)
1 (45.38721270700916,-73.26774322821714)
1 (45.42362740877959,-73.33463782337431)
1 (45.7241037279076,-73.31292931584116)
1 (45.287143112899194,-73.51049488717263)
1 (45.62094460378336,-73.68789313509511)
1 (45.65382863722941,-73.57266182390728)
1 (45.26653680377483,-73.52781247200754)
1 (45.311639787123816,-73.27967795911245)
1 (45.62927016681233,-73.3933329136771)
1 (45.70313346740776,-73.60966246833189)
1 (45.695479291430786,-73.70678280976843)
1 (45.50648526558604,-73.50458491390539)
1 (45.582182560401655,-73.45903662269427)
1 (45.43830935563559,-73.51158046116375)
1 (45.52580578692885,-73.41723615593911)
1 (45.27036125212849,-73.42627496600461)
1 (45.51460601499327,-73.37168443743502)
1 (45.45112998992172,-73.40587807660643)
1 (45.48924909149931,-73.25270751304352)
1 (45.26287698995191,-73.61697057018175)
1 (45.58335821329785,-73.72513493991806)
1 (45.6248545097108,-73.31445496374415)
1 (45.313838605446435,-73.62928021926035)
1 (45.474237622235,-73.31405653975466)
1 (45.45939694815744,-73.38290782489172)
1 (45.61772936741438,-73.62105485874234)
1 (45.58491240117069,-73.68865400970213)
1 (45.548849193314474,-73.5125936511609)
1 (45.27917943339733,-73.60572402759769)
1 (45.46859114080695,-73.63996024864436)
1 (45.674030765185364,-73.74341886109963)
1 (45.63043858926283,-73.72064343208129)
1 (45.70396223355676,-73.51715004640671)
1 (45.65464818254819,-73.62777160480657)
1 (45.34711952985103,-73.5750815895081)
1 (45.6212665919035,-73.65670120843558)
1 (45.26087001866885,-73.65539349979183)
1 (45.55651937493498,-73.45506831624145)
1 (45.28817129389612,-73.27039196017303)
1 (45.373011901791216,-73.54353408137756)
1 (45.26456121801272,-73.73429651565819)
1 (45.41060820024463,-73.52974805639514)
1 (45.39983257305028,-73.6565152381936)
1 (45.45190455379186,-73.52772089843577)
1 (45.743318745480586,-73.61157417503432)
1 (45.45388994401291,-73.43884149383665)
1 (45.36720508789237,-73.27059806205645)
1 (45.74568673352647,-73.62919093090525)
1 (45.418393896559735,-73.33734452246199)
1 (45.59119054335667,-73.65059921822132)
1 (45.596189308470564,-73.67427451279828)
1 (45.3049789824546,-73.50005825085604)
1 (45.410431541143616,-73.53099738371617)
1 (45.540034879058325,-73.49364773612614)
1 (45.26269832496089,-73.29865920499054)
1 (45.43663020591861,-73.64704860554562)
1 (45.47180469354533,-73.70944852181864)
1 (45.533142885686196,-73.5050114788999)
1 (45.33407023470227,-73.3803743281845)
1 (45.69162933408813,-73.64681574162253)
1 (45.66868675901634,-73.56482624904218)
1 (45.28365136414956,-73.61379762869745)
1 (45.54900708879704,-73.42415756559211)
1 (45.51515692719162,-73.25844395083178)
1 (45.56168928109886,-73.56463727546321)
1 (45.543139874687945,-73.5023406489612)
1 (45.46736868174756,-73.50259756159647)
1 (45.451354787316205,-73.71243382313641)
1 (45.55889364930207,-73.62245869941846)
1 (45.70753862077025,-73.36160341120103)
1 (45.326149044778575,-73.57854407720882)
1 (45.420391722875905,-73.33046799014205)
1 (45.74010460260655,-73.4622029315994)
1 (45.550996593870046,-73.63263183786357)
1 (45.56296408650336,-73.41073954604359)
1 (45.71040353920561,-73.50525378140878)
1 (45.57615386535244,-73.67400255127205)
1 (45.29278801252712,-73.70085977805292)
1 (45.49337824530869,-73.47821886818046)
1 (45.45188548706257,-73.44473968457035)
1 (45.592081941005574,-73.33476189753196)
1 (45.32733521762816,-73.38506124078506)
1 (45.25339840712686,-73.7340245083874)
1 (45.46711517916266,-73.46000244616388)
1 (45.64802615076272,-73.44142227859795)
1 (45.572426202603054,-73.437746587054)
1 (45.743463165311226,-73.37378354608356)
1 (45.51218416555522,-73.45110167801262)
1 (45.636643184633854,-73.27998765048328)
1 (45.51570476538098,-73.6487997867653)
1 (45.4352556055031,-73.67969376214266)
1 (45.55421627109578,-73.62019887684544)
1 (45.520894129028186,-73.72835775608084)
1 (45.66451151668219,-73.51915345729918)
1 (45.52766768103063,-73.37546543599298)
1 (45.35135082994125,-73.31623777787524)
1 (45.26102019750359,-73.36601539346235)
1 (45.72915392147937,-73.3462986593736)