349 350
65 (45.4637,-73.583) 
1 (45.4607,-73.6238) 46 (45.5717,-73.5576) 
40 (45.4466,-73.5412) 16 (45.4645,-73.6656) 
41 (45.4472,-73.5598) 9 (45.4395,-73.6483) 
45 (45.5299,-73.5062) 74 (45.4657,-73.6097) 
70 (45.4644,-73.5911) 89 (45.5644,-73.5381) 
73 (45.4485,-73.6465) 57 (45.4756,-73.6202) 
54 (45.4717,-73.581) 79 (45.4325,-73.661) 
97 (45.4989,-73.5183) 62 (45.5197,-73.6301) 
56 (45.4534,-73.6639) 42 (45.5319,-73.5289) 
100 (45.5766,-73.5695) 66 (45.4667,-73.5003) 
24 (45.4863,-73.5178) 58 (45.4993,-73.5564) 
53 (45.5318,-73.5793) 76 (45.544,-73.5707) 
64 (45.4671,-73.5391) 44 (45.4551,-73.5924) 
94 (45.5333,-73.5659) 51 (45.4478,-73.5301) 
86 (45.4945,-73.5314) 93 (45.4991,-73.5191) 
24 (45.4402,-73.6074) 83 (45.5413,-73.5762) 
12 (45.4821,-73.6602) 73 (45.4888,-73.5573) 
85 (45.4402,-73.6451) 3 (45.5641,-73.5807) 
16 (45.5286,-73.5091) 75 (45.4925,-73.5135) 
94 (45.566,-73.506) 94 (45.5153,-73.5647) 
18 (45.4452,-73.5125) 97 (45.5554,-73.6003) 
89 (45.5378,-73.5808) 58 (45.5708,-73.5726) 
27 (45.531,-73.5743) 9 (45.4919,-73.5916) 
56 (45.4781,-73.5708) 81 (45.4335,-73.507) 
19 (45.5789,-73.5145) 30 (45.5394,-73.6229) 
95 (45.4845,-73.614) 62 (45.4628,-73.5092) 
96 (45.5486,-73.6189) 30 (45.5194,-73.5994) 
42 (45.5162,-73.595) 50 (45.4826,-73.5777) 
11 (45.5226,-73.5466) 70 (45.487,-73.5627) 
44 (45.5418,-73.5192) 74 (45.5351,-73.5122) 
81 (45.501,-73.4963) 25 (45.5239,-73.6112) 
28 (45.5736,-73.59) 
