3500 3500
88 (45.4678,-73.583) 
57 (45.431,-73.5841) 65 (45.5617,-73.6564) 
67 (45.5152,-73.5375) 47 (45.4892,-73.6483) 
46 (45.4534,-73.5358) 58 (45.5425,-73.5774) 
80 (45.4466,-73.619) 27 (45.5108,-73.5784) 
51 (45.5014,-73.5816) 4 (45.5017,-73.6358) 
37 (45.5561,-73.6244) 97 (45.509,-73.6562) 
68 (45.5,-73.6558) 82 (45.5465,-73.5193) 
15 (45.4393,-73.5575) 17 (45.5416,-73.523) 
92 (45.5749,-73.5066) 88 (45.4807,-73.5421) 
86 (45.447,-73.6149) 66 (45.4549,-73.5861) 
55 (45.4384,-73.6193) 88 (45.5204,-73.5717) 
29 (45.4978,-73.5795) 64 (45.5021,-73.5033) 
70 (45.4786,-73.6384) 3 (45.5215,-73.6075) 
59 (45.4415,-73.591) 34 (45.5552,-73.5179) 
52 (45.4324,-73.6318) 92 (45.5267,-73.592) 
35 (45.4437,-73.5252) 88 (45.5645,-73.514) 
93 (45.4971,-73.6094) 36 (45.5719,-73.5614) 
61 (45.4773,-73.5724) 13 (45.5124,-73.6253) 
27 (45.5469,-73.512) 1 (45.531,-73.5196) 
65 (45.5706,-73.5826) 38 (45.5344,-73.6007) 
87 (45.5308,-73.5813) 92 (45.5147,-73.6087) 
91 (45.5012,-73.5625) 24 (45.555,-73.6064) 
92 (45.4581,-73.5476) 59 (45.4939,-73.6099) 
26 (45.4297,-73.5917) 4 (45.5441,-73.6475) 
24 (45.5484,-73.6416) 100 (45.4665,-73.5444) 
43 (45.5453,-73.5103) 52 (45.5293,-73.5457) 
63 (45.4447,-73.6296) 80 (45.553,-73.548) 
20 (45.4936,-73.589) 61 (45.57,-73.5169) 
8 (45.4616,-73.6414) 56 (45.5454,-73.5386) 
29 (45.5417,-73.5283) 91 (45.4544,-73.5768) 
97 (45.449,-73.4994) 
